671 7622001
671 3722201
671 2512201
671 1722201
671 6712301
671 1712101
671 3522201
671 3521101
671 3722101
671 6712901
671 2722301
671 7722001
671 2622301
671 5712101
671 6712001
671 2722301
671 2612201
671 3622301
671 1612201
671 6622101
671 1622101
671 1722201
671 3522101
671 7522001
671 6322301
671 6412201
671 4722101
671 2712201
671 6712101
671 6712101
671 3622201
671 3522301
671 2612201
671 6622101
671 2622201
671 2521101
671 6712201
671 6612301
671 2622301
671 5712101
671 1721211
671 5712101
671 5712101
671 1522101
671 5712101
671 6512101
671 1712201
671 6712101
671 6722101
671 3522201
671 6712301
671 5612101
671 3721301
671 6312301
671 7722001
671 5612101
671 3722101
671 2622101
671 6522201
671 6712301
671 6712301
671 6722301
671 3322201
671 2712301
671 2512201
671 6322201
671 2512201
671 6622301
671 5612101
671 3722101
671 7622001
671 1722201
671 3622201
671 5712101
671 2722301
671 6612101
671 6422101
671 5712101
671 6712201
671 6422901
671 6722101
671 6622201
671 6622901
671 6712101
671 3422201
671 3722101
671 1612101
671 6412901
671 2512301
671 6522901
671 3622201
671 2512301
671 6612201
671 2722101
671 5612101
671 2712201
671 3522201
671 5512301
671 6512101
671 6512101
671 5712101
671 2412201
671 3722201
671 2722301
671 1712201
671 5512101
671 5712101
671 5712101
671 6522901
671 1612101
671 2722301
671 3622101
671 6422201
671 3622301
671 4721201
671 5711901
671 6713201
671 3722101
671 7522001
671 6512201
671 6512201
671 3622101
671 2722301
671 1712901
671 6612101
671 5512101
671 6522301
671 2412201
671 6612101
671 2712201
671 6712301
671 5712101
671 1712201
671 5512101
671 5712301
671 1622101
671 3722301
671 2712101
671 5712101
671 6712301
671 5619101
671 6622201
671 2521101
671 1712901
671 2712101
671 2622901
671 6412301
671 6522101
671 3722901
671 3722301
671 1712101
671 2712201
671 6612101
671 6612101
671 7622001
671 6722101
671 1722201
671 7722001
671 2722101
671 2712301
671 2612301
671 3522101
671 5712101
671 6522301
671 6612101
671 5612101
671 2712301
671 6722201
671 5711101
671 6512301
671 6612901
671 6722901
671 5613101
671 2722101
671 6722201
671 6722101
671 5612101
671 6722901
671 6722301
671 6722901
671 6622201
671 1712101
671 2622301
671 5612101
671 6422301
671 2722301
671 3622201
671 3722301
671 6712201
671 6722201
671 7522001
671 6312301
671 1622101
671 3422101
671 5612201
671 3722211
671 6412101
671 5712101
671 2622201
671 2512301
671 7622001
671 3422101
671 7722001
671 6322101
671 5712101
671 6722301
671 1712101
671 2712301
671 6722201
671 7522001
671 6712201
671 5711101
671 3722201
671 1722101
671 1722101
671 6722101
671 2512301
671 6522901
671 6722301
671 3522201
671 6712901
671 6612201
671 6712104
671 6712204
671 5612101
671 2612301
671 3622201
671 6612201
671 2722101
671 3722101
671 3622301
671 6712301
671 6422101
671 5712101
671 5712101
671 6722901
671 6722901
671 1622201
671 2722301
671 7622001
671 5712101
671 3722101
671 6622201
671 2712301
671 1712201
671 2722201
671 5512101
671 6512301
671 3522101
671 5612101
671 6412201
671 7622001
671 3722201
671 1622101
671 7722001
671 1722201
671 3722201
671 6722301
671 2722301
671 5512101
671 6722301
671 6722301
671 6722301
671 6722901
671 1722301
671 1612201
671 1722301
671 1612201
671 5712101
671 6712101
671 2513201
671 1722101
671 6711101
671 5712101
671 3622101
671 1712101
671 6722101
671 1522301
671 3722211
671 3722301
671 3722301
671 6112101
671 2612201
671 3722201
671 3722101
671 6712301
671 2712201
671 7522001
671 6722301
671 2712301
671 5712201
671 6522901
671 2722101
671 2712101
671 6712101
671 5612101
671 1622101
671 6712101
671 3722301
671 5712101
671 5712101
671 3622101
671 6722101
671 4522201
671 1712301
671 2612201
671 6722301
671 6712301
671 6712901
671 3722301
671 7722001
671 3622101
671 5712101
671 5712101
671 7522001
671 7522001
671 5712101
671 3722301
671 5612101
671 6722101
671 5612101
671 2612101
671 2722101
671 6612101
671 5712101
671 2522301
671 6622101
671 1712201
671 3722101
671 5712301
671 6512901
671 5612101
671 6712301
671 2722101
671 6612301
671 6712201
671 6612201
671 6522101
671 1612101
671 6712201
671 6512301
671 2722201
671 7722001
671 5712101
671 7522001
671 2722301
671 1712901
671 6622101
671 5712101
671 5611111
671 5512901
671 6722901
671 5712301
671 2512301
671 6512101
671 6522101
671 5712101
671 5712901
671 3522301
671 1722201
671 1712201
671 3622101
671 6722201
671 6722301
671 6622301
671 6722301
671 1522901
671 2712901
671 2612901
671 2712301
671 2712901
671 6722901
671 6522901
671 6612301
671 5712101
671 5712101
671 5712201
671 5712101
671 2712101
671 5612201
671 5612101
671 5712101
671 1612201
671 2712301
671 2712301
671 5712101
671 5712901
671 6612101
671 2612101
671 5712101
671 5712104
671 1722301
671 1522101
671 5712101
671 2511901
671 1512901
671 3422201
671 6522201
671 2722301
671 6612201
671 6512901
671 6322901
671 6512201
671 4722201
671 5712101
671 5612101
671 6522201
671 2612901
671 6522301
671 2722201
671 2722301
671 3722201
671 6622101
671 6522101
671 3722301
671 3722201
671 2722101
671 5612101
671 6722301
671 2722301
671 2612201
671 5612101
671 6622301
671 2512301
671 1622201
671 6522301
671 6522201
671 2522301
671 5712101
671 5512101
671 5512101
671 6712301
671 1722101
671 2712101
671 6312301
671 2612301
671 2712301
671 6612201
671 6512201
671 4622201
671 6722301
671 2612301
671 6612201
671 6522201
671 7722001
671 6712301
671 5712101
671 2512101
671 2712301
671 6711311
671 5612101
671 6712101
671 2722101
671 2722301
671 6612301
671 2712201
671 7722001
671 6722201
671 6622101
671 2712301
671 2522101
671 6612301
671 3722201
671 6612101
671 5612101
671 1512301
671 2512301
671 4322201
671 1722101
671 5712101
671 3622201
671 5712101
671 6612301
671 1712301
671 6622101
671 2622301
671 3722301
671 2612301
671 5612101
671 5712101
671 6712301
671 2612101
671 5712201
671 6512201
671 6722901
671 6722901
671 6722301
671 2422301
671 5612101
671 6722901
671 6722101
671 5612101
671 6712301
671 3722201
671 3522101
671 6712101
671 1612101
671 1612201
671 1712101
671 3722101
671 6612301
671 6722901
671 6722101
671 6712301
671 2722101
671 6729101
671 6722901
671 6622101
671 3522101
671 6712901
671 5711101
671 2612301
671 3522201
671 5512101
671 4422201
671 1722101
671 6711301
671 7522001
671 5612101
671 2512301
671 3722201
671 2712301
671 2712201
671 3722101
671 6612301
671 1722901
671 6622301
671 5712101
671 3622301
671 5612101
671 5612101
671 5712101
671 5512101
671 3522201
671 5612101
671 2622201
671 1612101
671 2612301
671 6722301
671 1412101
671 6722101
671 2722201
671 6722101
671 6712301
671 3722201
671 3722101
671 1712101
671 6712901
671 6712101
671 6712301
671 6712201
671 2712301
671 5612101
671 7722001
671 2612301
671 6612101
671 6612301
671 2622201
671 2712101
671 6722101
671 3322301
671 6422201
671 6512101
671 3522201
671 3522101
671 3522101
671 3722101
671 2712301
671 2722101
671 5612101
671 6512901
671 6612101
671 5612201
671 5711101
671 3522201
671 6712901
671 6322101
671 6612201
671 1712101
671 1612201
671 6712901
671 6612901
671 6712901
671 5712901
671 2722901
671 6722901
671 6612301
671 6712901
671 6722901
671 6712901
671 5712901
671 5712901
671 5512901
671 1522901
671 1722301
671 6712201
671 2612301
671 7722001
671 6612101
671 5512101
671 5612101
671 6612301
671 6722301
671 1622101
671 6422301
671 6512201
671 3722101
671 2712101
671 6622301
671 2711201
671 1722101
671 5712101
671 4422101
671 3722101
671 2512201
671 2412301
671 6612101
671 3622101
671 6612001
671 6721101
671 5619901
671 2612301
671 4322201
671 3522101
671 3522201
671 2722101
671 1722101
671 6612301
671 6712901
671 2722201
671 5712101
671 2722101
671 6422101
671 7622001
671 2712301
671 6722201
671 3722101
671 5712201
671 6712101
671 6612201
671 5712301
671 1712101
671 5712104
671 5612101
671 5712101
671 6712101
671 5712101
671 6722201
671 2722301
671 6712301
671 5712101
671 2512301
671 1712301
671 6312101
671 5512101
671 2622201
671 4422101
671 2521101
671 2712201
671 5712901
671 1622901
671 6622301
671 2712301
671 6512101
671 6512101
671 6622101
671 2722101
671 1612101
671 1622101
671 6712101
671 6622101
671 3622101
671 6712901
671 6629201
671 6622301
671 6512101
671 2522101
671 6612101
671 2612301
671 6722301
671 3722101
671 4522201
671 6512301
671 1622101
671 3522201
671 6622201
671 5612101
671 6422901
671 2612901
671 3722901
671 5712101
671 5719901
671 2722101
671 3722101
671 5612101
671 3722101
671 6522901
671 1712201
671 6612301
671 6712301
671 5712101
671 2622301
671 6612201
671 6522101
671 6522301
671 3622101
671 6712301
671 2622301
671 6622301
671 6722101
671 2722201
671 2722201
671 1512301
671 6712104
671 3722101
671 6722301
671 6712101
671 6422901
671 6612101
671 2722201
671 2712201
671 6522201
671 6612901
671 7722001
671 1722101
671 5412101
671 3622201
671 6722201
671 6712201
671 5612101
671 5612101
671 5711101
671 5612101
671 6622301
671 5612101
671 6322301
671 2612301
671 6622101
671 5612101
671 6512301
671 6312301
671 6512201
671 6322901
671 3622201
671 6522301
671 6712901
671 5612901
671 2722901
671 2712901
671 6512901
671 6612301
671 6722101
671 7622001
671 3622101
671 1722101
671 6622101
671 6512201
671 1522301
671 3722201
671 6722101
671 1722101
671 6512301
671 6512001
671 6212301
671 6522301
671 5712101
671 3522201
671 2711201
671 1712201
671 3422101
671 6512301
671 1522301
671 1521311
671 6712301
671 6612201
671 5612101
671 6712201
671 6522201
671 4622301
671 5612101
671 2712301
671 6622301
671 6622301
671 6422101
671 6712101
671 6622101
671 6522901
671 1712301
671 6722201
671 1712101
671 1622101
671 3722101
671 1712201
671 2612301
671 2612301
671 3722201
671 2712101
671 6712201
671 5612101
671 5719101
671 3722101
671 2612301
671 3729101
671 6722101
671 2722901
671 5719301
671 6622101
671 6722901
671 1622301
671 2612301
671 2512201
671 3722101
671 6622301
671 6622201
671 6522101
671 2722301
671 4321211
671 6612301
671 6712301
671 6722301
671 6422101
671 5712101
671 2712201
671 6722301
671 3722101
671 1622101
671 2622101
671 6722301
671 2712301
671 1622301
671 3422101
671 6722101
671 6512101
671 6722301
671 2612901
671 5712101
671 5712101
671 2722201
671 5512101
671 5611111
671 1722201
671 3522201
671 6622101
671 6322201
671 6512301
671 2612101
671 1722201
671 7722001
671 6722201
671 6722201
671 6512101
671 3722301
671 1712201
671 1722301
671 1612301
671 1722101
671 1712101
671 1712201
671 2722201
671 3522201
671 6522101
671 5512101
671 6722101
671 3522101
671 3622101
671 3522201
671 6512201
671 5712301
671 6512301
671 6622201
671 6722301
671 6712301
671 6712901
671 6722301
671 1722101
671 6722101
671 6622201
671 1312201
671 6712201
671 6612301
671 6512301
671 2622301
671 3722101
671 6322201
671 6612201
671 6412201
671 6422201
671 6422901
671 2722201
671 6412101
671 3622101
671 1722201
671 6722301
671 2512201
671 2522301
671 3621101
671 2612301
671 6722101
671 5712101
671 6511311
671 2612201
671 7722004
671 6722101
671 1611211
671 6612901
671 6622201
671 6622901
671 2612901
671 5612101
671 6722201
671 5612101
671 5612101
671 6512101
671 6722901
671 6712101
671 5712101
671 6712201
671 6712901
671 5712901
671 3722901
671 6712301
671 1712901
671 6612901
671 6712901
671 6612901
671 6722901
671 6722901
672 2622201
671 5612101
671 2712301
672 6722301
672 5712301
672 5712201
672 6622301
671 3622101
672 4721201
671 5712101
672 1722201
672 1612301
672 1612301
672 6622101
671 6522201
671 2612301
672 6522201
672 5712101
671 6712101
671 1712101
672 6712201
672 2522301
672 6712101
672 3329101
671 5712101
672 3322201
672 3722301
672 5712301
672 5512101
672 3522301
671 6712901
671 1712101
671 6512201
671 5712201
672 1522301
671 5612101
672 2722301
672 1722101
672 6322201
671 2612301
672 1722201
672 6512301
672 5512101
672 6512301
672 3522201
672 6722101
672 6712101
672 2712301
672 6622101
672 1719101
672 6622201
672 6322101
672 3522301
671 1612201
672 1622301
672 2722201
672 6422301
672 2522301
672 6512101
672 5712101
671 3522201
672 6512301
672 6512201
672 6722101
672 6722201
672 5712101
672 1622201
672 7522001
672 2622201
672 6412101
672 5512101
672 2712101
672 6622101
672 3422101
672 2512301
672 5712101
672 2722101
671 5712301
672 6712201
672 6712301
672 4522201
672 6712201
672 3622101
672 6722101
672 2712301
672 4422101
671 5712101
672 4522201
672 6622201
671 3722101
672 5512101
672 6612101
672 1512101
672 3722101
672 6522301
672 1522101
672 6612301
672 5612101
672 6712001
672 3722201
672 5612101
672 3622201
672 1522201
672 1612201
672 5712301
672 2522301
672 6612301
672 6612101
672 3722101
672 6612101
672 6722101
672 6712201
672 4522101
672 2512201
672 6622101
672 6622101
671 6722101
672 2612101
671 6512301
672 2712201
672 2522101
672 2722201
672 6722901
672 2629211
671 1622301
672 6612201
672 5512201
672 7422001
672 3622301
672 6711101
672 6722301
672 6612101
671 5712101
671 6512301
671 5712301
672 3722101
672 5611101
672 5712101
672 6512301
672 1712901
672 2722301
671 6622301
672 1712101
671 6722301
672 6722301
672 3722301
672 6722301
672 3622101
671 6612901
671 5612301
672 6712201
672 1522301
672 5612101
672 2622301
672 5612101
672 6312301
672 5512301
672 6312301
672 6622101
672 5512301
672 6322201
672 6622301
672 2722101
672 6512301
672 6612301
672 5612101
672 2612201
672 6711111
672 2612101
672 6622301
672 5712101
672 1722201
672 2722301
672 6722101
672 5712101
672 5712101
672 6712301
672 1622101
672 6512201
672 6512101
672 6612301
672 1722101
672 2712101
672 6722101
672 3522201
672 1722201
672 2622101
671 3722201
671 6722301
671 6722101
671 2522301
671 1512201
671 1712101
671 3422201
671 6712201
671 6622301
671 2712301
671 6711001
672 1512201
672 2622201
672 2622301
672 3722101
672 6522201
672 1512301
671 6612301
672 6622101
672 2622301
672 6512301
672 5712301
672 2722101
671 6722301
672 6522201
672 6622301
672 3622101
672 2512301
672 6722301
672 1612301
672 6412301
672 1622301
672 4522301
672 2722101
672 6719101
672 6422301
672 7722001
672 3722101
672 1712101
672 1712101
671 6612301
671 6612101
672 1712201
672 3722201
672 3522301
671 1722901
671 6712301
671 6712301
672 6522101
671 6722301
671 2712901
671 2612901
671 2722901
671 6722901
671 2712901
671 2722901
671 6722901
672 6322301
672 6622101
672 3622101
672 6622201
672 7522001
672 6722201
672 2612201
672 5612301
672 6712101
672 1722101
672 6712301
672 3722101
672 4722201
672 5712101
672 6422101
672 6412101
672 4522201
672 6722301
672 2612301
672 3322201
672 1722101
672 2722101
672 7622001
672 4722101
672 2722201
672 7622001
672 3622101
672 3522201
672 2612301
672 7722001
672 3522301
672 1612101
672 3622201
672 5712101
672 6712101
672 5712201
672 5711111
672 6322301
672 6522301
672 3322101
672 2722301
672 6722301
672 6622301
672 6612301
672 6712301
672 5712101
672 6712301
672 2722201
672 1722101
672 6712301
672 1722901
672 2512301
672 6622201
672 2612201
672 7722001
672 2622201
672 6712301
672 6722201
672 6512201
672 6622201
672 1712201
672 5612101
672 2622201
671 5712101
672 2712301
672 6722301
672 5712201
672 3522201
672 6522301
672 3722301
672 2622301
672 6612201
672 2612301
672 2722201
672 2512301
672 5712101
672 6611301
672 6612301
672 2722201
672 2722101
672 6722301
672 5712101
672 7721001
671 6722301
672 2712301
672 5612101
672 6722301
672 5612101
672 1722101
672 6722901
672 6622201
672 2622201
672 4329101
672 1722201
672 1712301
672 5612101
672 5612201
672 6422101
672 3522201
672 7722001
672 2712301
672 3722201
671 5712101
672 3422201
672 4722101
671 6622301
672 2712301
672 6522301
672 6712101
672 2712301
672 6622101
672 6512301
672 6522101
672 1712101
672 3722201
672 2722301
672 6712101
672 5712101
672 7622001
672 2722301
672 2512201
672 2622301
672 2722101
672 6622201
672 5619101
672 6622301
672 6722301
672 1722201
672 6722901
672 6722101
672 6622101
672 7622001
672 6722201
672 6712101
672 1512301
672 2712301
672 1612201
672 6612901
672 2712301
672 6712301
672 5712101
672 3622101
672 3522201
672 5612101
672 5712201
672 5712101
672 1722301
672 3522101
672 6711101
672 3522201
672 2712301
672 6522201
672 6611201
672 5712101
672 2612301
672 4722901
672 3722201
672 6612101
672 6522301
672 6612101
672 5512101
672 6712301
672 2712301
672 5712301
672 6722901
672 6622301
672 5512301
672 5712101
672 1712201
672 1712101
672 6612201
672 6712201
672 2612301
672 6712301
672 6512201
672 6622101
672 5712101
672 2522301
672 2722201
672 5712901
672 7722001
672 5712101
672 5512101
672 6712301
672 7522001
672 6622301
672 1712101
672 2612101
672 6712301
672 2722901
672 6522301
672 6712101
671 2612101
672 5712101
671 5612101
672 6712201
672 2722901
672 1621101
672 7322001
672 2722101
672 6722301
672 7722001
672 3722101
672 1722101
672 1722101
672 2722201
672 6722301
672 2612301
672 2522301
672 3622101
672 7622001
672 2722101
672 6722101
672 6722301
672 2722301
672 5612101
671 5712101
672 1712101
672 1622301
672 6613301
672 6613101
672 6722201
672 6722101
672 6612301
672 3722101
672 1522201
672 5612101
672 6612201
672 5712101
672 2512201
672 3622101
672 5712101
672 2722101
672 6712301
672 6612101
671 5712101
672 6512101
672 2729201
672 1712901
672 2722101
672 3622301
672 6512201
672 5512101
672 6512901
672 6522101
672 2712301
672 1722301
672 4521211
672 1722201
672 6722101
672 6512101
672 3722201
672 3622301
672 6712301
672 2612201
672 7622001
672 2712304
672 2712301
672 2612301
672 2622201
672 1522301
672 5612301
672 2722301
672 6622101
672 3622101
672 6711001
672 2612301
672 1512301
672 1512301
672 6512901
672 6612101
672 5612101
672 5712101
672 1722301
672 5512101
672 6722101
672 6722301
672 6722101
672 6622101
672 6722901
672 2612301
672 1722201
672 3722301
672 6622301
672 6712201
672 6412301
672 3622301
672 3622201
672 1512101
672 6722301
672 3722201
672 2112201
672 6422201
672 2722301
672 6712301
672 6322101
672 3522101
672 6722101
672 2712301
672 5712101
672 5712201
672 3722101
672 2612201
672 1722201
672 6521201
672 6622101
672 1522201
672 7522001
672 6722301
672 5712101
672 6712101
672 4422201
672 2712301
672 5712101
672 6622301
672 1722101
672 6512201
672 1522301
672 3722201
672 1512301
672 6722201
672 6512101
672 7722001
672 6722101
672 6622101
672 6622201
672 1612201
672 2612301
672 5712101
672 2622201
672 1722201
672 6522301
672 6722301
672 2712301
672 6322101
672 5712301
672 2612301
672 5611101
672 6612301
672 1612201
672 2622304
672 2722301
672 6712101
672 2622301
672 3722101
672 7722001
672 6722301
672 1722201
672 3722101
672 6712201
672 1712101
672 6712301
672 2522901
672 7622001
672 6512101
672 6722101
672 1622301
672 6622901
672 2621301
672 6722301
672 6712201
672 6712101
672 3722101
672 2612901
672 5712901
672 2712301
672 1612201
672 3522101
672 6512101
672 2721311
672 6612901
672 6722301
672 3722101
672 2612201
672 2711311
672 6712001
671 5712901
672 6412101
672 2712201
672 6722901
672 1722301
672 6412101
672 3722101
672 6612301
672 3522201
672 2612101
672 5712101
672 6211111
672 5612101
672 1612201
672 3622101
672 6622201
672 3622201
672 2622311
672 6612101
672 4622301
672 1722201
672 1722201
672 3622301
672 6722301
672 3522101
672 6722001
672 6612201
672 5612301
672 6622101
672 6622101
672 6622301
672 2622311
672 6722201
672 6722101
672 6722101
672 5612101
672 2522201
672 3722101
672 6522201
672 1522101
672 6722301
672 6312301
672 1722101
672 6612301
672 6412301
672 6722301
672 2722301
672 1712301
672 3622301
672 2712301
672 6722901
672 3722101
672 4722101
672 1712301
672 6312301
672 6722101
672 3722201
672 2522301
672 6722101
672 2422301
672 6222101
672 3522101
672 3722101
672 6722901
672 3722101
672 6522301
672 1712101
672 5612201
672 2712201
672 6312101
672 6622101
672 6512301
672 6312301
672 2722101
672 2722301
672 6722301
672 1722301
672 6522201
672 6622101
672 5512101
672 6622301
672 2712301
672 6612201
672 6422101
672 6312101
672 1412301
672 2712201
672 7522001
672 6622301
672 2712901
672 5712101
672 3522201
672 3422101
672 6722101
672 2712301
672 6712901
672 1712101
672 6612901
672 5612101
672 3622201
671 6612301
671 6412301
672 1622201
672 6722301
672 2622201
672 2512311
672 5719901
672 5619901
672 6722301
672 7722001
672 5712201
672 1312101
672 6412101
672 3622101
672 2712201
672 7722001
672 2713301
672 6612901
672 5712101
672 2521301
672 1722201
672 4322301
672 2612301
672 3522101
672 1412101
672 6722901
672 6722301
672 2722201
672 6622101
672 2612301
672 6612301
672 6612901
672 6422101
672 6722201
672 6722901
672 6722901
672 6712201
672 2422301
672 5712101
672 5712101
672 5712201
672 5712101
672 1712101
672 6522301
672 6722301
672 3322101
672 6622301
672 5612101
672 1612201
672 1722101
672 1722101
672 5712101
672 2722301
672 6722301
672 6722301
672 6722101
672 6612901
672 6722901
672 6712901
672 6512301
672 5712901
672 6622101
672 6612301
672 6712301
672 3522201
672 6412901
672 3622101
672 6722301
672 6422301
672 6712201
672 5612101
672 6612101
672 6412301
672 1722201
672 6322101
672 6512901
672 6722301
672 3422901
672 6612301
672 6722201
672 3722101
672 2722301
672 6721201
672 6712301
672 6621311
672 3722101
672 3622101
672 2612301
672 3522101
672 7522001
672 4322101
672 2512301
672 6622201
672 2622201
672 3622101
672 6322101
672 2712301
672 4522101
672 6712101
672 1422301
672 2712301
672 2712301
672 6722901
672 6422101
672 6622201
672 7722001
672 3722301
672 2712301
672 5612101
672 6522301
672 6722101
672 6722001
672 2712201
672 6722101
672 6722301
672 2512301
672 6622101
672 1712301
672 6722101
672 2712101
672 5712101
672 3722101
672 2712301
672 6722301
672 2612301
672 3522201
672 5712101
672 1712101
672 5612101
672 3522101
672 3622201
672 3522201
672 6722201
672 2722101
672 2712201
672 2722301
672 6411301
672 3722201
672 6722101
672 6722301
672 3722101
672 3522101
672 2712201
672 5712101
672 5712101
672 6612201
672 1722101
672 5712101
672 3422101
672 3722111
672 2712201
672 2712301
672 1422301
672 1622101
672 1712201
672 6422201
672 5512101
672 2612111
672 6612301
672 6722301
672 6512201
672 6312901
672 5712101
672 6512101
672 7722001
672 2612301
672 7722001
672 3522201
672 2722101
672 6722101
672 5612201
672 1712301
672 6722301
672 5612201
672 3622101
672 6722301
672 7422001
672 6712901
672 2712901
672 6712901
672 3722201
672 5712201
672 1522201
672 1612201
672 3622101
672 6322301
672 6722301
672 2722301
672 2722901
672 6722901
672 5712901
672 5719301
672 5612201
672 6722901
672 5612201
672 7722001
672 1712901
672 1612301
672 1712901
672 2722301
672 7722001
672 6612911
672 1522101
672 6722301
672 6412201
672 6722901
672 3722101
672 6722301
672 5612201
672 3622101
672 3522301
672 6612201
672 2722301
672 6622301
671 5712901
672 1612101
672 1722901
672 6722901
672 6622301
672 6612201
672 4522301
672 5612101
672 6712301
672 7622001
672 5612101
672 6712101
672 3422301
672 3422204
672 3722211
672 3622201
672 6612201
672 6722301
672 6722301
672 1722101
672 2512301
672 2512301
672 3721211
672 4622301
672 5612101
672 5612101
672 5712301
672 6422101
672 3622201
672 5712301
672 7422001
672 5612301
672 5712301
672 3722101
672 6612301
672 6722101
672 5712101
672 3622101
672 6712101
672 3722201
672 1612901
672 6722901
672 5712901
671 3722301
672 6722301
672 3722101
672 6712301
672 6712901
672 5612104
672 6712901
672 6611301
672 6722901
672 6722901
672 6722301
672 6722901
672 2712901
672 2622901
672 5712901