101 7521001
101 1721101
101 6711201
101 6721301
101 6611101
101 3721201
101 1711201
101 3721211
101 2721101
101 1721301
101 6721001
101 7721001
101 2621201
101 1721211
101 3721201
101 6721301
101 6511101
101 3421101
101 6721301
101 6711101
101 6711001
101 6721201
101 3721111
101 5611101
101 2711201
101 6711201
101 6611301
101 6721901
101 1621301
101 6721101
101 3421201
101 2721201
101 6721301
101 1711201
101 6721101
101 2721201
101 5711301
101 5611111
101 2711101
101 6711301
101 1721201
101 2721301
101 6711101
101 2611201
101 2711301
101 6711101
101 1721101
101 2711211
101 7621001
101 2711301
101 6711101
101 6623901
101 4621101
101 6721001
101 1711201
101 6721101
101 5611101
101 1711301
101 3523101
101 6711201
101 6711301
101 1711301
101 3721111
101 6721101
101 6711101
101 3721101
101 6511101
101 6621101
101 1711101
101 3521111
101 6711301
101 6711301
101 2711301
101 6721301
101 6511201
101 5511101
101 6721201
101 6721101
101 6621311
101 5711101
101 6721301
101 2711301
101 6721901
101 3721101
101 6421101
101 3621201
101 6721201
101 6329201
101 3621101
101 6521301
101 7421001
101 5511101
101 6711301
101 6711011
101 3521201
101 3521101
101 6421101
101 3721311
101 1721201
101 6711201
101 1721301
101 6711201
101 3529201
101 2621201
101 5711101
101 6721301
101 3621101
101 2721301
101 3721101
101 6721901
101 3721101
101 6721201
101 3721201
101 6711101
101 6721101
101 7621001
101 6711201
101 3521101
101 6721201
101 6711301
101 5611101
101 2621101
101 6521301
101 6411101
101 6421101
101 6723101
101 6621301
101 6711901
101 1721101
101 2721301
101 1721301
101 2721301
101 2711301
101 6721201
101 3721101
101 7721001
101 6711301
101 3621101
101 1721101
101 6723301
101 7521001
101 2611301
101 1621301
101 3721201
101 3521301
101 6411201
101 3621101
101 5611211
101 7721001
101 2711301
101 1721101
101 6521211
101 6721301
101 2511301
101 1721101
101 1711901
101 6721301
101 6611301
101 2711301
101 2721201
101 3721301
101 6711901
101 6721301
101 6711901
101 6721911
101 3721101
101 3621301
101 3521201
101 6611301
101 5611111
101 6721901
101 2711301
101 6721101
101 3721101
101 5711101
101 6721301
101 7721001
101 3721101
101 6721301
101 6521301
101 6611301
101 1611201
101 2711301
101 6711301
101 6711001
101 6711201
101 2721301
101 1521211
101 6721301
101 2721211
101 3621111
101 3621101
101 3521101
101 3721101
101 3721101
101 6721301
101 5711901
101 1721201
101 6611901
101 7721001
101 6711301
101 3721101
101 5611301
101 5711101
101 2711301
101 5711201
101 2711201
101 6711001
101 5519101
101 6721301
101 5711101
101 6611101
101 6721101
101 6721301
101 5611201
101 2711201
101 1721301
101 6711211
101 2711301
101 6421101
101 6711301
101 1721101
101 6721901
101 6721301
101 2721301
101 5711101
101 2611201
101 6711301
101 6721301
101 3721101
101 6711301
101 6511101
101 6521301
101 6721301
101 6511301
101 3721101
101 2711301
101 6611101
101 2711201
101 6611301
101 5711101
101 2511301
101 2721101
101 1721101
101 6711101
101 6521101
101 6721101
101 6721101
101 6321111
101 3521101
101 7721001
101 2721201
101 6711001
101 6721301
101 5711101
101 1511101
101 6311301
101 5511101
101 6611301
101 5611301
101 3721101
101 3529111
101 6621101
101 1711101
101 1711101
101 2521301
101 6711901
101 2521101
101 6721301
101 6511101
101 5611101
101 5711101
101 6311201
101 6721001
101 6711101
101 6721101
101 6721201
101 4329101
101 3721101
101 3721201
101 3721101
101 3721201
101 6721301
101 2521301
101 2511301
101 2711201
101 1513901
101 1621101
101 1621201
101 1711201
101 1721201
101 1721201
101 1711101
101 5711101
101 6721301
101 2711901
101 7521001
101 1521201
101 6511301
101 6711101
101 5511101
101 3721201
101 6711301
101 6721201
101 6711101
101 6721301
101 3721201
101 1711901
101 6721301
101 6723301
101 6711301
101 6721201
101 3421101
101 6121311
101 6711101
101 6621301
101 5711101
101 2721301
101 2621201
101 3521101
101 6711201
101 6711101
101 6721901
101 6721901
101 5711101
101 6721901
101 6711101
101 3721201
101 1721301
101 1711901
101 2711301
101 3721101
101 6711201
101 6611201
101 6621301
101 6721101
101 2711301
101 6711201
101 6711101
101 6611301
101 1711901
101 6711301
101 5611211
101 6311101
101 3621101
101 6611101
101 6621301
101 7521001
101 7521001
101 6613301
101 5711101
101 6711201
101 6721201
101 6711201
101 3621201
101 3521201
101 2711301
101 5711101
101 3721101
101 6711901
101 6721201
101 5611201
101 5611101
101 5711101
101 1711201
101 7623001
101 3721101
101 6711201
101 6711201
101 6711001
101 3621101
101 1721201
101 5711101
101 6711101
101 3621101
101 6721301
101 6721201
101 6721201
101 1711901
101 1711201
101 3721101
101 3721201
101 2721901
101 5711101
101 6711101
101 6721001
101 3621201
101 6411311
101 6621101
101 6611101
101 1711101
101 3721201
101 6521101
101 6721201
101 6721301
101 6721101
101 6511201
101 6721301
101 1721201
101 1711201
101 1611201
101 2621201
101 5611101
101 2711201
101 6721301
101 6711201
101 6711301
101 7621001
101 3521111
101 6711101
101 6623901
101 6111211
101 4421101
101 2711101
101 7621001
101 6711001
101 5511101
101 6721301
101 7621001
101 6321101
101 4421101
101 3721101
101 3721201
101 6721201
101 2711301
101 2621201
101 2711301
101 6711901
101 6711301
101 2721301
101 1721301
101 3721301
101 1721201
101 1711301
101 3621301
101 6621211
101 5711101
101 5711101
101 6721301
101 7423001
101 4621111
101 3721101
101 1721101
101 1721201
101 6521301
101 3421201
101 2711201
101 6621101
101 6721301
101 2511301
101 6711211
101 5711101
101 6621301
101 6721301
101 6421101
101 1721101
101 6721101
101 6711101
101 1711201
101 6711901
101 3721201
101 3521101
101 3721101
101 6621901
101 6721201
101 5611101
101 6721901
101 3721101
101 5711101
101 6711301
101 6511111
101 6711101
101 6711301
101 6721201
101 6721201
101 6613001
101 1511201
101 2721201
101 2621301
101 6711101
101 2711301
101 6521101
101 6311101
101 3621101
101 5511101
101 5611301
101 6721101
101 5711101
101 6611101
101 6523201
101 6711101
101 2711201
101 5611101
101 6611101
101 5711101
101 6721301
101 6721201
101 6711301
101 1711101
101 5511101
101 6721101
101 6621101
101 6711001
101 2721111
101 3521101
101 6711101
101 5611101
101 6711001
101 5711101
101 2711101
101 6711301
101 6721301
101 6721311
101 6721301
101 5711901
101 5711101
101 6711101
101 7521011
101 6711101
101 6711301
101 6729101
101 1611201
101 2613301
101 5611101
101 3721201
101 6411301
101 5711111
101 6721301
101 3721101
101 6611201
101 6411101
101 6621111
101 1511101
101 2711301
101 6611101
101 6411311
101 3621201
101 1721301
101 6721101
101 2521111
101 2611101
101 2611201
101 6721301
101 5711901
101 6711101
101 6411301
101 6721301
101 6511201
101 1621101
101 2621101
101 6611101
101 3721901
101 6711301
101 3721301
101 1711101
101 6721104
101 6611301
101 6711301
101 6721901
101 2711901
101 1721901
101 6721201
101 6711201
101 6711301
101 5711101
101 2721301
101 1711201
101 1711201
101 1721201
101 6419001
101 3521101
101 6621301
101 7621001
101 5711101
101 6611301
101 2721201
101 5711901
101 5711901
101 2721301
101 6611301
101 1711301
101 6621101
101 5711101
101 6711104
101 6711101
101 6411201
101 6511101
101 6711301
101 2711301
101 6721301
101 3721201
101 3621101
101 6411101
101 6521101
101 5711111
101 2711201
101 5711101
101 5611101
101 5711101
101 5711901
101 5711101
101 6611101
101 6611201
101 5611101
101 5619101
101 5619101
101 6711901
101 1711101
101 5711201
101 3621101
101 6521301
101 6711901
101 6711101
101 5711101
101 2511901
101 6721301
101 6721301
101 6721301
101 5711101
101 6721901
101 3721201
101 2711101
101 5711101
101 6721101
101 2711901
101 6521201
101 2713101
101 2721201
101 3421211
101 1711301
101 1711301
101 6521101
101 6521301
101 1611101
101 6711101
101 5711201
101 6711111
101 6711001
101 5711201
101 6621101
101 5311301
101 6421301
101 2711901
101 5611101
101 5611101
101 7721001
101 6711301
101 3621111
101 5711201
101 6721001
101 4721211
101 2521301
101 1721201
101 6721301
101 4321101
101 2721201
101 2721201
101 5611101
101 3421201
101 6721101
101 6721001
101 6711101
101 2721301
101 6721101
101 6111301
101 6721301
101 6721101
101 1711101
101 3621101
101 1721201
101 6721901
101 1721201
101 1721101
101 6721301
101 6711901
101 2712901
101 6721901
101 1611201
101 6711301
101 1721901
101 6713301
101 5711201
101 1711101
101 2721201
101 6521201
101 6711101
101 1721101
101 7621001
101 1711201
101 5711101
101 6611301
101 6721301
101 1521301
101 3721101
101 6721301
101 7723001
101 6721301
101 6711101
101 6721301
101 1621201
101 1721101
101 6711301
101 1721201
101 6711101
101 6721101
101 6521101
101 6721101
101 6721201
101 2711101
101 3721101
101 3721201
101 3721101
101 3721101
101 2721201
101 5611201
101 6411211
101 6511101
101 6511101
101 6721101
101 5611101
101 2711301
101 5711101
101 1711101
101 6711301
101 5711101
101 5611101
101 6321101
101 3621101
101 6121301
101 6711101
101 6621301
101 1611201
101 1611201
101 6711201
101 2711301
101 6711101
101 1711301
101 3721301
101 6721301
101 1711101
101 7423001
101 2711901
101 5711101
101 1721301
101 1711101
101 1721201
101 3721201
101 6511201
101 6721301
101 2721301
101 6611201
101 6721301
101 6611201
101 2621301
101 7621001
101 3521101
101 3721101
101 6721301
101 4321201
101 5711201
101 6711101
101 6711201
101 3521201
101 7521001
101 6621101
101 6311301
101 6721101
101 2721101
101 6711301
101 1511101
101 2621101
101 6721101
101 6711301
101 6511901
101 6511901
101 6711101
101 2611201
101 6511201
101 7721001
101 6721101
101 1621201
101 3621101
101 1711201
101 5711301
101 6321111
101 6711101
101 7521001
101 2711301
101 6721301
101 3421111
101 6723901
101 3621101
101 3621101
101 6721301
101 6611201
101 7621001
101 3521201
101 3721101
101 3721101
101 5711101
101 6721201
101 6711001
101 6721901
101 6711301
101 2711901
101 6721901
101 6611901
101 6721901
101 6629901
101 6721101
101 2711901
101 6721101
101 5411101
101 2621201
101 6721201
101 2711101
101 6621101
101 6621901
101 1721901
101 2611201
101 6621301
101 1711201
101 2721301
101 3621101
101 3721101
101 6721901
101 2711301
101 3721101
101 5611101
101 3721101
101 5611101
101 1711101
101 5611111
101 7721001
101 2621201
101 5611101
101 3721101
101 6721101
101 6711101
101 6711311
101 6711001
101 2711901
101 6721101
101 2723201
101 6711201
101 6711301
101 2621311
101 6721901
101 3621201
101 5611101
101 5611101
101 6729111
101 6721201
101 3523101
101 3721101
101 6711101
101 6711101
101 6621201
101 7621001
101 6521301
101 5611111
101 6711101
101 3721101
101 6711201
101 3721901
101 6721301
101 6711101
101 6721301
101 2621301
101 6721901
101 1721201
101 6721301
101 6721901
101 3721201
101 1611201
101 5611101
101 1721101
101 3721101
101 6721211
101 6721301
101 1711101
101 2721301
101 6321201
101 6711301
101 6721201
101 1711101
101 2721101
101 6721201
101 2721301
101 5711101
101 2711301
101 5611201
101 5711101
101 3721201
101 3721201
101 7723001
101 5511201
101 6511311
101 6423101
101 6711201
101 7521001
101 6311901
101 2711201
101 1721201
101 1711101
101 5611101
101 5711101
101 6411211
101 6711201
101 2611101
101 2721201
101 1711101
101 6721301
101 5711101
101 1711201
101 3721201
101 2621101
101 6711201
101 6721301
101 1721201
101 6721201
101 6521301
101 6321211
101 5711101
101 2721301
101 1723101
101 6721101
101 3521201
101 2711301
101 6611201
101 6511201
101 1711101
101 3721101
101 6611201
101 6721301
101 6721101
101 6611201
101 2721101
101 5611101
101 3629211
101 6721101
101 6711201
101 1711301
101 6721101
101 6611101
101 6311201
101 6421111
101 6611101
101 5611101
101 5711201
101 6521201
101 1711301
101 7721001
101 1721301
101 6621101
101 1721301
101 5711201
101 6721901
101 3721901
101 1721201
101 5711101
101 6711101
101 6721101
101 6711301
101 2611301
101 5613101
101 7521001
101 6721201
101 6721901
101 6621101
101 6421101
101 6511201
101 7529001
101 5711101
101 6621111
101 6621111
101 6321201
101 6711101
101 6711301
101 2711301
101 7621001
101 5711201
101 2711201
101 1711201
101 6711101
101 2721301
101 6721301
101 2611201
101 2711201
101 6621101
101 6721301
101 2711201
101 2611201
101 4421101
101 1611101
101 3621101
101 6721301
101 1711301
101 7721001
101 2611301
101 6721301
101 7621001
101 1721101
101 2711301
101 2721101
101 6511301
101 6723201
101 6713201
101 6711101
101 3721111
101 5511111
101 2711201
101 1611301
101 1721301
101 7621001
101 1721201
101 4521201
101 2721901
101 2721901
101 6721901
101 5711901
101 6711901
101 6621901
101 6511101
101 2711201
101 6611101
101 3721101
101 3521101
101 6721101
101 6421301
101 1611101
101 2723201
101 5611101
101 6611301
101 3521101
101 5711201
101 1721301
101 6311101
101 6721001
101 2711301
101 6621901
101 3521301
101 2721301
101 6721901
101 6711001
101 6711901
101 6711201
101 2711201
101 6721301
101 6621101
101 6721301
101 6711101
101 6711301
101 2521301
101 3521101
101 1721201
101 3721201
101 6721101
101 3721101
101 3721101
101 6711001
101 3721201
101 5711101
101 6721301
101 6721301
101 6321101
101 3721301
101 6511001
101 6711301
101 1711101
101 6711101
101 1711101
101 6711101
101 5711101
101 2721301
101 6621101
101 7521001
101 7521001
101 6311901
101 6711301
101 3721101
101 6711301
101 7723001
101 6711301
101 6711101
101 6721101
101 3721201
101 6623201
101 6511201
101 6711101
101 6511901
101 6721101
101 3523201
101 6711301
101 5511301
101 6721101
101 6511201
101 6211301
101 6711101
101 2711201
101 3721101
101 6111301
101 6711001
101 5711201
101 6621101
101 6611201
101 6521001
101 1511311
101 7421001
101 6711001
101 6721901
101 6711901
101 6521101
101 6721211
101 5711101
101 2711301
101 2721301
101 3721101
101 2521301
101 1711901
101 2711201
101 6611111
101 6521111
101 3621101
101 2611204
101 5711101
101 3721101
101 6521201
101 7621001
101 6713001
101 3721101
101 7721011
101 3721101
101 6721201
101 3521201
101 6721101
101 3721201
101 6721311
101 6711101
101 3721101
101 3721101
101 6721301
101 3529211
101 1711101
101 3721101
101 6721901
101 2721301
101 2711201
101 6721101
101 2621301
101 2711301
101 7621001
101 6711201
101 6711111
101 3621201
101 3721201
101 5711101
101 3621101
101 5711101
101 6511311
101 6711301
101 6721301
101 6621301
101 6611101
101 6621301
101 3521101
101 3521201
101 3721101
101 3421101
101 6611201
101 6711301
101 2711101
101 6511204
101 6611301
101 3721201
101 2721301
101 5711101
101 1611101
101 6711101
101 6721901
101 6721301
101 5711901
101 6611101
101 2721901
101 6611301
101 6521301
101 3621101
101 7621001
101 6611301
101 5711101
101 5711201
101 6721901
101 3621201
101 5711101
101 3721101
101 3723101
101 6523301
101 6721301
101 6721201
101 2721301
101 1721101
101 6621101
101 6623201
101 6621201
101 5511101
101 6711301
101 1711301
101 3421101
101 6623101
101 6721101
101 2721201
101 6721101
101 2711301
101 1711101
101 2721101
101 6721001
101 6411001
101 1711201
101 6711101
101 1721101
101 6711101
101 1723201
101 7721001
101 5711101
101 6711001
101 6711301
101 3721201
101 3721201
101 3721101
101 3721201
101 6711201
101 1521201
101 6711201
101 3521101
101 3621101
101 6721301
101 6721301
101 6721101
101 2711201
101 5611101
101 5519101
101 6721201
101 1713301
101 5711101
101 5711101
101 6721201
101 6713301
101 2721901
101 6721301
101 1721901
101 6511901
101 6429101
101 6711101
101 6719101
102 6621201
101 2711901
102 6711301
101 6721901
101 6711101
101 6611901
102 3621101
102 6611201
102 1721201
102 6721301
102 3721301
102 5711101
102 2721301
102 6721001
101 5711101
102 1721201
102 6721101
101 5711101
101 6421301
101 5611101
102 2621301
102 2721301
102 6611101
102 1711101
101 3621101
102 6711101
102 6721101
102 6611201
102 6711101
102 2721901
102 2711101
102 2721301
102 6721101
102 2721201
102 6511201
102 6711101
102 6721101
102 1621101
102 2511301
102 1611201
102 2721201
102 6611101
102 3721101
101 2611101
101 6611001
101 6711301
101 6611001
102 3623201
102 7521001
102 6521101
101 6711301
101 6711301
101 6611101
101 5611201
102 3721301
102 6711201
102 7721001
102 5511101
102 2711201
102 6621101
102 2721201
102 1621101
102 6721101
102 6721901
101 5711201
102 6721301
102 6721101
102 2621101
102 6711301
102 1711101
102 1711201
102 6621101
102 6611101
102 6321111
102 6611301
102 6721301
102 6721001
102 6711301
102 6721901
102 2721301
102 1611101
101 6711301
102 3421101
102 7621001
102 6511201
102 6711301
102 5711101
102 6721101
102 6521101
102 2711301
102 6721301
102 6621101
102 5611901
101 6721301
102 1721201
102 2721301
102 1711201
102 6721101
102 1621101
102 1711201
102 1621201
102 3521101
102 6721201
102 3721101
102 6721201
102 6711301
102 1721201
102 6611101
102 5711901
102 6721301
102 6621101
102 3521101
102 6713201
102 3523101
102 6721101
102 1521201
102 2721101
102 6721101
102 7621001
102 6721101
102 6721101
102 6621101
102 2711301
102 3621101
102 2711101
102 2721301
101 5511101
101 6721101
102 6611111
102 3521101
102 1721101
102 6711001
102 6611201
102 6711211
102 5519101
102 1711101
102 1721201
102 6711101
102 6721201
102 7421001
102 3721201
102 6611301
102 3521111
102 4521201
102 2711301
102 5611201
102 7621001
102 3721201
102 1711101
102 6711111
102 6722301
101 6529101
102 3421111
102 6411301
102 2721201
102 6721301
102 3721301
102 6321201
102 5611101
102 7521001
102 6421101
102 5711101
102 7621001
102 3721101
102 6721301
102 7621001
102 6721301
102 2711301
102 6721301
102 7621001
102 6611101
102 1711201
102 6611111
102 6711301
101 6523101
101 6523201
102 2721301
102 6611101
102 2711201
102 6521201
102 6621901
102 1521901
102 6521101
102 6721201
102 2721301
102 6721901
102 1411301
102 1721301
102 6721301
102 6721101
102 6721101
102 6721901
102 5611104
102 2721101
102 2721201
102 2711301
102 2711301
102 2711301
102 6711301
102 6721201
102 3521101
102 6721201
102 3521201
102 6611111
102 3521101
102 6721301
102 6611001
102 3721101
102 6421201
102 3521201
102 6511101
102 6621101
102 6711301
101 2711301
102 6721101
102 6621111
102 2721301
102 6711101
101 2711301
101 2711901
102 3621101
102 6721201
102 6711001
102 3521201
102 2721301
102 6621201
102 6721301
102 6611301
102 6711101
102 6711301
101 5611201
102 6721901
102 2721201
102 2721101
102 6611201
102 6721301
102 2711201
102 6721101
102 6711101
102 6511301
102 6221101
102 3621201
102 2721101
102 2711301
102 6521301
102 6621101
102 5611111
102 1721201
102 5611101
101 6721201
102 6621101
101 6721901
102 6611301
102 7621001
102 3721101
102 5719101
102 3521201
102 6711101
101 1721201
101 6721101
101 2721301
101 6711301
101 6721901
101 6721901
102 1721901
101 1711901
101 6611901
102 6621101
102 6611901
101 6611901
102 6621301
102 2711101
102 6711201
101 5611901
102 6521301
102 6613101
102 6521101
102 6521101
101 6611901
101 2611901
102 3721101
102 3721201
102 3621101
102 6721101
102 3721201
102 6721001
102 4421111
102 3421201
102 5711101
102 6411101
102 6711301
102 2721101
102 1721301
102 6721301
102 3721101
102 2621201
102 5511101
102 6711101
101 2711901
101 1711901
101 6721911
101 6721901
101 6721901
101 6711301
102 6721101
102 6711101
102 4621101
102 6721101
102 3721111
102 6611201
102 6511101
102 6411301
102 2721201
102 6521201
102 2721301
102 2711101
102 6621101
102 6521201
102 5611211
102 2621301
102 5711101
102 6611301
102 6611201
102 6721201
102 6711101
102 6421301
102 6611301
102 6711301
102 6721901
102 5711101
102 1711111
102 3621201
102 2611301
102 6721101
102 2711301
102 6621101
102 5711111
102 6611301
102 6721301
102 6711101
102 6721301
102 6711301
102 2721901
102 5711111
102 3721101
102 6711201
102 2721201
102 2711301
102 6711301
102 6721301
102 7721001
102 6721901
102 6611901
102 3521901
102 6711901
102 5711101
102 6721301
102 1721201
102 1711301
102 5511101
102 6721201
102 6721901
102 3721201
102 1711201
102 2711201
102 2711101
102 3521101
102 6511101
102 1611301
102 3721101
102 5511101
102 6621101
102 6611301
102 3721101
102 6621101
101 6511311
102 1511301
102 6511301
102 5511301
102 7521001
102 6621201
102 6711201
102 6611101
102 6711101
102 6711301
102 6311101
102 1621201
102 2521301
102 6711311
102 6621201
102 2611301
102 6621101
102 6621301
102 6711301
102 6421211
102 6321101
102 3521201
102 3521101
102 6311301
102 3721301
101 6711104
102 6721201
102 3721204
102 3721101
102 2611201
102 6721201
102 3521101
102 2721301
102 3521101
101 6711001
102 6121111
102 5611101
102 6711101
102 6721201
102 6611301
102 6721101
102 1721301
102 1721301
102 2721301
102 3721311
102 3721901
102 1711901
102 1711201
102 6511101
102 6721101
102 2721301
102 6511101
102 6711301
102 3721201
102 3721301
102 2521301
102 6721101
102 6511201
102 1711201
102 6721101
102 2721101
102 6521201
102 6721901
102 3721101
102 5711101
102 1721201
102 6721301
102 6311101
102 2721301
102 6711901
102 6721101
102 1711201
102 6711201
102 2611101
102 6621301
102 6613301
102 6711111
102 6421101
102 6721301
102 2621201
102 4421101
102 3621201
102 5411201
102 1711301
102 6711301
102 2711201
102 6521101
102 6721201
102 6711301
102 2711201
102 2711201
102 6511301
102 6721901
102 6711301
102 6611201
102 5511101
102 5711101
102 6621101
102 6721101
101 6721311
102 3521201
102 3621101
102 3721101
102 6721201
102 2611201
102 6621901
102 3521101
102 3521101
102 6621101
102 6721101
102 6711001
102 6611301
102 6711301
102 6411101
102 5511101
102 3421201
102 2711301
102 3621201
102 3621101
102 6621101
102 3721101
102 6711301
102 6611101
102 1711201
102 3521111
102 6629111
102 3421101
101 3521301
102 6711001
102 5711201
102 6711201
102 2711301
102 3721301
102 5711301
102 2621301
102 3623101
102 3723101
102 1711101
102 6711201
102 1721101
102 3621101
102 3621201
102 2521301
102 2721301
102 6721901
102 6711301
102 2711301
102 3621101
102 2621301
102 2721101
102 6321301
102 5611101
102 6711101
102 3721301
102 6721901
102 3421201
102 2721201
101 6721901
102 6313301
102 2721901
102 7521001
102 3521201
102 6511101
102 2711101
102 6521101
102 7621001
102 3721101
102 6721001
102 6429101
102 3721101
102 2721301
102 1721901
102 6521101
102 6721101
102 1611201
102 1721901
102 2721901
102 6721301
102 6711901
102 6721901
102 6721901
102 5719101
102 6613201
102 6711101
102 6711901
102 2721101
102 6721301
102 6721101
102 6721301
101 6721301
101 5711101
102 6621201
102 5711101
102 6721301
102 1721201
102 1721201
102 6711301
102 2611101
102 6711301
102 3721101
102 6721901
102 1721901
102 2711301
102 6611201
102 6721101
102 3721101
102 6721101
102 6521301
102 5611101
102 6711101
102 6711301
102 6711301
102 6721101
102 5611101
102 3421101
102 2411201
102 1721201
102 6411201
102 1521101
102 7521001
102 5711101
102 6723101
102 1711211
102 6611201
102 6721101
102 2711301
102 6711301
102 3521201
102 2721301
102 3721201
102 6621111
102 6721101
102 6611301
101 6621101
102 6411101
101 6711201
102 2721301
102 6511201
102 6621101
102 6721301
102 6721101
102 1621201
102 1311101
102 1711101
102 6721201
102 1611301
102 6721301
102 2511301
102 6711101
102 5711101
102 2721301
102 6721101
102 6721301
102 1711101
102 5711101
102 1521101
102 3721101
102 6621101
102 6721101
102 6721301
102 6621101
102 6611201
102 6429101
102 2621211
102 6711901
102 2711101
102 2711301
102 6721101
102 6721101
102 6721301
102 6711301
102 6711311
102 1721101
102 5711301
102 2611201
102 6721101
102 6721901
102 3729201
102 6629111
102 5711101
102 6721101
102 3721101
102 3721101
102 6611901
102 6721301
102 2721301
102 2711301
102 6721301
102 6711301
102 2711311
102 6721201
102 6711001
102 6521301
102 5611101
102 6621101
102 6611101
102 6711301
102 6711101
102 6221201
102 5711101
102 6611201
102 5619101
102 2611901
102 6521101
102 4421111
102 6711101
102 6711001
102 6721101
102 6711101
102 6621101
102 2721301
102 2611301
102 2721301
102 6621201
102 6311201
102 6511201
102 6621101
102 2713201
102 1711101
102 6621101
102 2711301
102 6711101
102 2721101
102 2721101
102 6721101
102 6721201
102 6721101
102 6721301
102 6711301
102 6521301
102 6621301
102 6611301
102 6721301
102 6711301
102 6629111
102 2711201
102 6721301
102 6711901
102 6721301
102 6711901
102 1721101
102 6711301
102 6621301
101 2721301
102 6721901
102 3721101
102 7621001
102 6711101
102 2621301
102 2721201
102 5511101
102 6721201
102 2621201
102 6721301
102 1711201
102 6711201
102 3621101
102 3621301
102 3629201
102 3722101
102 1611201
102 6721101
102 6721301
102 1721101
102 2711201
102 6721101
102 6721301
102 5711101
102 3621201
102 1721901
102 6721901
102 6711301
102 6721901
101 6711301
102 6721301
102 5711101
102 6511101
102 6719101
102 3421201
102 1711201
102 2721301
102 3421201
102 6711201
102 6711201
102 6621201
102 5611101
102 5711101
102 6611301
102 1611201
102 7421011
102 6521901
101 6711301
102 6711301
102 6721911
102 5611111
102 1521211
102 5711101
102 2721101
102 6621101
102 6711001
102 6611101
102 6611101
102 6729201
102 6611101
102 2721201
102 6521301
102 5611201
102 5611201
102 6511101
102 6711301
102 6711201
102 7721001
102 5711101
102 6611101
102 1711301
102 2721301
102 6711901
102 2711901
102 2721901
102 5711901
102 2721901
102 6511201
102 6411101
102 6511111
102 6321111
102 6721101
102 6621301
102 6711201
102 6711101
102 6521101
102 6421301
102 1511101
102 6511301
102 5711101
101 2611901
101 5711901
101 6721301
102 6721301
102 6621101
102 3621101
102 3721201
102 6521201
102 6711001
102 2711301
102 6623201
102 3729101
102 6711301
102 1421101
102 5611101
102 6611111
102 6711211
102 2711211
102 6611111
102 6721201
102 2611301
102 2721201
102 6621201
102 5719101
102 6721201
102 6721101
102 6621001
102 3729101
102 5611101
102 6611101
102 6721301
102 5611101
102 1411201
102 7521011
102 1721201
102 6711301
102 1711101
102 6721301
102 2721301
102 2711301
102 2611301
102 7721001
102 6721901
102 6511901
102 6711301
102 1621201
102 3521201
102 5611901
102 4521101
102 6611001
102 3721201
102 3721101
102 6721901
102 3721301
102 6729311
102 6721301
102 4721201
102 6721101
102 1729101
102 5611101
102 3721101
102 6621001
102 6711201
102 6721301
102 3721101
102 2721201
102 5711101
102 2711101
102 1721301
102 1711101
102 6621301
102 3721101
102 2721301
102 5711301
102 2711301
102 5711201
102 6713101
102 3721901
102 6321101
102 6521111
102 6611301
102 3621111
102 2621201
102 6711301
102 7521001
102 2721301
102 1721101
102 3621201
102 6719111
102 2711301
102 2721301
102 2711201
102 1511301
102 1521101
102 2521301
102 6611101
102 6721101
102 2621301
102 6521111
102 6711301
102 6721301
102 3621301
102 1721201
102 6721301
102 6521101
102 6721301
102 6611201
102 2621301
102 6311201
102 3621101
102 6311101
102 6719101
102 2611301
102 6721311
102 3621301
102 6321111
102 7521001
102 3721101
102 3721101
102 2721101
102 2721101
102 6721101
102 6721301
102 1711301
102 1521201
102 6619101
102 2721301
102 6721301
102 1711301
102 6711101
102 6721301
102 6711101
102 5611101
102 3521101
102 3421101
102 7721001
102 1511201
102 6721101
102 2511301
102 6611101
102 2711201
102 5611101
102 6711301
102 2611301
102 6711101
102 6511101
102 6711101
102 6729111
102 6721101
102 2621301
102 3521101
102 6711901
102 6621201
102 2711201
102 3421201
102 2721301
102 5611101
102 6719211
102 6321101
102 3721101
102 3721301
102 7621001
102 1529901
102 6521201
102 6713311
102 5711101
102 6711101
102 6721301
102 2711901
102 2721101
102 7421001
102 3621201
102 1313111
102 6711201
102 1611301
102 6711001
102 6711301
102 2711301
102 3721101
102 1721301
102 1721101
102 1711301
102 6621101
102 6621101
102 6711201
102 7621001
102 2713301
102 6611301
102 1611101
102 6711901
102 5711901
102 3721901
102 6721301
102 6711001
102 6721301
102 1711101
102 5711301
102 7623001
102 4521201
102 6611201
102 6411101
102 1721111
102 6611101
102 6721101
102 6623101
102 6711001
102 3421201
102 3621201
102 5611301
102 2721301
102 5711301
102 6611001
102 2711301
102 3721101
102 2711201
102 6711201
102 6621101
102 6721101
102 6711301
102 2711301
102 3421301
102 6611201
102 1611201
102 6611101
102 3423301
102 3521201
102 5611204
102 2611301
102 7421001
102 6721001
102 3721111
102 6521101
102 6721101
102 2721301
102 1711101
102 6211301
102 3723101
102 7621011
102 5711111
102 2721311
102 1519111
102 6721101
101 6729901
101 5711101
102 6711301
102 6721901
102 3521211
102 6611201
102 6711301
102 1711101
102 5511101
102 7721001
102 6711001
102 6611101
102 6721101
102 6611001
102 2721101
102 2711301
102 3621201
102 5511101
102 6611301
101 5711101
102 3621101
102 3421201
102 6711201
102 6723301
102 1611301
102 6321301
102 6711911
102 2711301
102 1711301
102 7421001
102 7721001
102 6111201
102 3721101
102 6721311
102 6411101
102 5711101
102 6411101
102 3721111
102 6711101
102 5711101
102 3421101
102 6621301
102 6611101
102 2621301
102 6721101
102 6611201
102 6611301
102 6721301
102 3721301
102 6721101
102 3723101
102 1511101
102 6611201
102 6721101
102 5611101
102 7521001
102 7521001
102 6611101
102 6721201
102 3721101
102 5711101
102 6721101
102 3621201
102 1711201
102 3723101
102 6721201
102 3721101
102 6621201
102 5611101
102 6411101
102 5611101
102 5711101
102 2621101
102 2711201
102 6311311
102 2711101
102 6421101
102 2622301
102 6721901
102 6521201
102 6511111
102 2621201
102 6721301
102 5711101
102 3721101
102 1721304
102 3521211
102 3621101
102 1721101
102 1711101
102 6421101
102 5711101
102 6711001
102 5711101
102 6721101
102 6721101
102 5711101
102 6721901
102 6711901
102 6721901
102 3721301
102 6721101
102 6323101
102 2721901
102 6711901
102 6421201
102 1721201
102 3421201
102 6711301
102 1621301
102 7521001
102 3621101
102 5612204
102 6611301
102 6621101
102 6311201
102 2711201
102 6711301
102 6721201
102 6711301
102 2711301
102 6721301
102 2721301
102 6311201
102 6412301
102 6711101
102 6721201
102 6711001
102 1711301
102 2711301
102 6721201
102 3521111
102 2721301
102 6711101
102 3723101
102 3621101
102 6611201
102 6611101
102 6721101
102 6611101
102 6711201
102 1711201
102 6711201
102 6711301
102 1721101
102 1721201
102 5711101
102 6711301
102 6721301
102 3721201
102 3721101
102 2721201
102 3721101
102 2721301
102 6621101
102 2621301
102 5711101
102 6711311
102 6411301
102 6411201
102 5711101
102 6611101
102 1723201
102 6711101
102 3621201
102 6411101
102 3621301
102 3421301
102 6311301
102 6511111
102 6721301
102 6621301
102 6711101
102 6711101
102 6521101
102 6611101
102 3721101
102 3721201
102 6221101
102 6711101
102 2711301
102 6721101
102 6721301
102 6711101
102 1721101
102 6321301
102 6711201
102 6611001
102 2711101
102 6711201
102 1711201
102 1511201
102 6611301
102 1721111
102 1711101
102 1711201
102 2711301
102 6611301
102 6721301
102 3721201
102 3721101
102 3721101
102 3522204
102 6629101
102 1721101
102 6623301
102 6711301
102 2711301
102 6711001
102 3721101
102 6621211
102 6711101
102 6721101
102 3621111
102 6721201
102 6711201
102 3621101
102 3721111
102 3721111
102 3721101
102 3621201
102 7721001
102 5711101
102 1611201
102 6711201
102 6723201
102 6621301
102 6721301
102 5711101
102 1521101
102 6721901
102 5611101
102 6721301
102 2711101
102 1711101
102 1511301
102 6711911
102 5611301
102 2721201
102 2711201
102 6611301
102 6721901
102 6721901
102 6721901
102 6721901
102 6721901
102 6711301
102 6721301
102 2721901
102 5711901
102 5711901
102 6721301
102 1721301
102 2721301
101 1711901