111 6711901
111 5711101
111 6321201
111 2711101
111 6721101
111 5711101
111 2721301
111 6611311
111 4521201
111 6511901
111 6619101
111 6521301
111 3621101
111 1721201
111 5611101
111 6721301
111 6721001
111 6611111
111 2721301
111 1711201
111 3721101
111 6611001
111 7621001
111 3721201
111 1711101
111 2721301
111 6511301
111 6511301
111 3721101
111 1721101
111 6711301
111 5711101
111 6721301
111 1721201
111 2711101
111 6721901
111 6721301
111 6721301
111 6721101
111 3721101
111 6311101
111 6711901
111 6411101
111 6711301
111 6711101
111 6721101
111 6621101
111 6311101
111 6421101
111 6221101
111 3721101
111 2711301
111 6711101
111 6611201
111 6611301
111 1623101
111 7721001
111 5711101
111 6721301
111 1511201
111 1721101
111 6421111
111 3521101
111 3521101
111 3521911
111 6711101
111 6729301
111 7721001
111 6711101
111 1721201
111 6711301
111 5611101
111 7721001
111 6521101
111 6611101
111 6721901
111 3721101
111 6621101
111 3621101
111 6721101
111 6411101
111 3521101
111 1721101
111 1721201
111 2611301
111 6719001
111 5611301
111 6511201
111 6711301
111 6323301
111 6721301
111 6721201
111 2513301
111 5611101
111 6511901
111 6721201
111 1721101
111 2711101
111 6711101
111 3421201
111 3721201
111 2611301
111 3721201
111 6621201
111 3621101
111 5711111
111 6313901
111 6621901
111 6321301
111 1621111
111 1721101
111 2721301
111 6711301
111 7721001
111 1711101
111 6721101
111 5711101
111 2611301
111 3523201
111 7621001
111 6721301
111 2711201
111 6211101
111 6511301
111 1711101
111 3621101
111 2521101
111 2621301
111 6721201
111 2711301
111 2621301
111 6521301
111 1711201
111 1711301
111 6711101
111 6721201
111 6511201
111 6513101
111 3621101
111 3721901
111 1511101
111 1711301
111 5611201
111 6621201
111 7423001
111 6723301
111 5711101
111 5711101
111 3621201
111 6711101
111 2711301
111 5611201
111 6711101
111 3621101
111 6611201
111 3621111
111 5611111
111 5711101
111 5711201
111 6721101
111 4421211
111 6721201
111 3721101
111 3721201
111 3721301
111 6721301
111 2611301
111 6721301
111 1611101
111 1711301
111 1711201
111 6711901
111 6721901
111 6421301
111 6421101
111 6611101
111 5711101
111 6711301
111 6611101
111 5711101
111 6721001
111 5611101
111 3621101
111 5711101
111 6621101
111 6411101
111 3721301
111 5711111
111 7521001
111 6711101
111 5611101
111 5711111
111 6621201
111 2721901
111 7621001
111 6711301
111 1721101
111 6711001
111 2721301
111 2711301
111 2621201
111 4721101
111 6721101
111 5611101
111 6711201
111 1711201
111 1711301
111 2521301
111 3721101
111 1711101
111 6711101
111 2611311
111 6413101
111 2711201
111 2711911
111 6611101
111 6521101
111 5711101
111 6721301
111 6721201
111 2711301
111 6711901
111 5711101
111 2711301
111 2721201
111 6721301
111 3521101
111 5711101
111 2721101
111 3723201
111 6711201
111 6521201
111 6121101
111 1721101
111 6721901
111 7721001
111 3521101
111 2711301
111 6311301
111 5611201
111 2721201
111 6721101
111 1511211
111 3621101
111 3521201
111 6611301
111 7521011
111 6711301
111 6521201
111 3521111
111 6621301
111 6421111
111 6721301
111 6721301
111 7521001
111 5611101
111 3721101
111 6611101
111 6711301
111 6721201
111 6729101
111 5711101
111 6711101
111 6621101
111 6521301
111 3621101
111 2721201
111 5611201
111 1711301
111 6621101
111 7421001
111 6713101
111 6713301
111 1611101
111 6621301
111 6311101
111 5611101
111 2711301
111 3721301
111 1711201
111 7421001
111 2721301
111 2721101
111 3721111
111 2511301
111 5611101
111 2611301
111 1711101
111 6711201
111 6721101
111 6621101
111 6713301
111 4321211
111 2721301
111 6711901
111 2711201
111 5611111
111 6511201
111 6711311
111 5611101
111 5719101
111 3621201
111 3521201
111 2721101
111 6511301
111 6721101
111 5611101
111 6721101
111 6721901
111 1711101
111 3721201
111 6621311
111 2711101
111 2711101
111 5711101
111 6621101
111 1721201
111 6611211
111 7521001
111 1721101
111 5711301
111 6721301
111 6721101
111 5711101
111 6511301
111 6721301
111 3623101
111 2711301
111 3621201
111 4521101
111 6611211
111 3621101
111 6611301
111 6711101
111 1711311
111 6723901
111 6611101
111 1711101
111 3723201
111 3723201
111 6611201
111 6621101
111 6721301
111 2711901
111 2711901
111 6721301
111 5511101
111 3621101
111 2711301
111 6613201
111 3521101
111 3621201
111 3621101
111 1611201
111 6621301
111 1521201
111 6511311
111 6721101
111 5711101
111 2511301
111 6721301
111 6721201
111 1521201
111 6711101
111 3721301
111 2611301
111 6721901
111 3721101
111 6611101
111 2721101
111 2621301
111 5711101
111 6721001
111 7521011
111 3721201
111 3721101
111 5611101
111 3521201
111 3621201
111 2521101
111 1721201
111 5611101
111 3521101
111 5711101
111 6711901
111 6721301
111 1711901
111 6611901
111 6711901
111 3721101
111 5711301
111 7721001
111 6511201
111 6521901
111 5611201
111 6521101
111 6721101
111 5611101
111 5713101
111 2711101
111 5611101
111 6721301
111 5711301
111 6711101
111 6721301
111 3721201
111 6721901
111 2613301
111 6711301
111 2721301
111 1521301
111 2711901
111 3421201
111 6411101
111 2721301
111 2711201
111 6721301
111 5611201
111 6721301
111 2721301
111 6721301
111 3521211
111 6721901
111 6711001
111 6721301
111 6521201
111 5611101
111 6611001
111 6711301
111 5711101
111 6711201
111 1721301
111 6521101
111 6711201
111 6521301
111 6611111
111 3621101
111 7621001
111 3621111
111 5711101
111 6521201
111 6711301
111 1711201
111 3521101
111 6611901
111 6711901
111 1711901
111 1711301
111 6511101
111 2711301
111 2711301
111 5711101
111 6711101
111 6611101
111 6711301
111 1721901
111 2711301
111 1721201
111 6621101
111 6621301
111 3721201
111 3521201
111 6413301
111 2711301
111 7721001
111 6721101
111 5611101
111 6711201
111 5711101
111 2711101
111 5611101
111 6721301
111 3721101
111 6721901
111 7721001
111 5611101
111 5711101
111 3721101
111 5611101
111 6621101
111 2711201
111 6711101
111 1511211
111 5711211
111 3721101
111 6511101
111 6721201
111 6711201
111 6711901
111 6611201
111 2721301
111 6621111
111 6511101
111 2719301
111 1721201
111 7721001
111 6721301
111 2711301
111 3723201
111 6611301
111 6721901
111 6511201
111 2613301
111 6711001
111 1721101
111 6721201
111 5611101
111 5711111
111 3721101
111 6721101
111 3721101
111 6621201
111 3721101
111 1611201
111 6711901
111 3721104
111 6711101
111 6721301
111 6711101
111 6721201
111 2721301
111 7721001
111 1621201
111 5711101
111 3721201
111 6621101
111 6711901
111 3421901
111 2721101
111 3621101
111 6711101
111 3621201
111 5719901
111 1621901
111 6721301
111 1611101
111 6721301
111 6721301
111 6719001
111 1721101
111 6711201
111 2721201
111 2511201
111 2721201
111 6521301
111 3421301
111 6311301
111 6721301
111 3521101
111 2721101
111 6721201
111 2721101
111 6711101
111 6721101
111 2711201
111 2721901
111 6721101
111 1721201
111 6721311
111 6721201
111 5719101
111 2711101
111 1711301
111 1711301
111 2721101
111 6721101
111 3521101
111 5711201
111 6521201
111 2711201
111 6721101
111 6711901
111 6721201
111 1721201
111 6621311
111 1711201
111 2711101
111 2711101
111 5711101
111 6721301
111 3521101
111 6621901
111 2721101
111 1611301
111 6721201
111 3721101
111 7521011
111 6721101
111 6521101
111 2711301
111 2711301
111 3622201
111 2622201
111 3623201
111 6321901
111 6721901
111 5711901
111 6721901
111 6611001
111 6411301
111 6621201
111 6611301
111 2711201
111 1623301
111 6311101
111 6519111
111 6511301
111 2711301
111 7521001
111 3621101
111 1711101
111 6711901
111 6711101
111 5711101
111 5711101
111 6711101
111 6721201
111 2711311
111 2611301
111 2711301
111 6721301
111 3721101
111 6511101
111 3623201
111 6421101
111 6421101
111 2721101
111 3521111
111 6623201
111 6721301
111 6411301
111 6511111
111 2711301
111 6721201
111 3721101
111 5711101
111 6511901
111 6511301
111 3623201
111 2721301
111 6721201
111 3721101
111 1611201
111 6721201
111 2721301
111 2511301
111 5711101
111 6611211
111 2721201
111 6721101
111 6721301
111 6711101
111 2721201
111 6711201
111 3421201
111 5611101
111 5711101
111 6611301
111 6721111
111 6611301
111 5711101
111 1721201
111 1611101
111 2721301
111 5711101
111 6711201
111 6621101
111 3723101
111 7621001
111 3721101
111 3721101
111 2721301
111 6711301
111 6711101
111 2521311
111 3729101
111 6621301
111 6621101
111 5711101
111 1721301
111 3621101
111 3721101
111 7721001
111 6711201
111 2721301
111 3621101
111 6511101
111 6723301
111 6721301
111 6621301
111 6611101
111 3721101
111 5711101
111 6521211
111 5711901
111 5611101
111 6721001
111 3721101
111 2711301
111 1621101
111 6721301
111 5711101
111 5619101
111 3521101
111 6619101
111 6621901
111 3721901
111 6711901
111 6611901
111 6611901
111 6419101
112 7721001
111 2721301
112 3721111
112 6711901
112 6521301
112 1721201
112 6721101
111 6613201
112 6721101
112 2721101
112 6521901
112 6611211
112 6621101
112 6623101
112 6611901
112 6721101
112 6723101
111 6611001
112 5611201
112 6713201
112 3521101
112 2629201
112 6721311
112 2711901
112 2711301
112 6621301
111 5611111
112 3621101
112 6611101
111 5611101
112 6721101
112 6111101
112 6321201
112 6621201
112 6621001
112 6721301
112 7721001
112 5611111
112 3621101
112 1711101
112 2421301
112 5711111
111 5611101
112 3621101
112 6621301
112 3621101
112 6311101
112 3521201
112 6711301
112 2611101
112 7521001
111 6721301
112 6711101
112 5711101
111 1713201
111 6711201
111 2711301
112 6521301
112 6221201
112 6121101
112 6321201
112 6411101
112 6421111
112 2711201
112 6711101
112 4521301
112 3721101
112 1621201
112 2721901
111 5611101
111 5711111
112 3721101
112 6721301
112 3621201
112 6421301
112 1511201
112 6711901
112 6711201
112 5711201
112 2521301
112 2511301
112 1711101
112 1711101
112 5611901
112 2723101
112 3621101
112 6511201
112 6411111
112 5511101
112 3721201
112 3421211
112 2721101
112 3721111
112 5611101
112 3721201
112 1711201
112 2621211
112 6621201
112 2521311
111 3721301
112 6721211
112 7521011
112 2721301
112 3721101
112 6711301
112 6511201
112 6721101
112 3721101
112 2721211
112 6523201
112 2711101
112 6421111
112 6611301
111 5611111
111 5711901
112 7721011
112 2711201
112 6621301
112 6621101
112 1711201
112 3521101
112 6611101
112 5611111
112 6721101
112 6711311
112 6711001
112 6711201
111 6721901
112 6721901
111 1721901
112 6511201
111 6611301
112 1611101
112 6721101
112 6511301
112 6611101
112 7521001
112 1511301
112 2622301
111 6619101
112 3721201
112 2611301
112 6711111
112 2721101
112 5711101
112 6413201
112 6721201
112 6411101
112 2721301
112 5511101
112 5411101
111 6721901
111 6711901
112 6523101
112 2721201
112 6711211
112 6322111
112 6721311
112 1711301
112 6521201
112 1721101
112 6711001
112 1511111
112 6711101
112 3721101
112 5711201
112 6711301
112 3721101
112 6621101
112 6711101
112 3621101
112 1723201
112 2611201
112 6621301
112 2511301
112 1511201
111 6621301
112 6511201
112 3721101
112 3621101
112 6711101
112 6711201
112 6721101
112 5711101
112 1621301
112 1621201
112 2711301
112 6721101
112 6721301
112 6711101
112 6311311
112 3621101
112 1721101
112 1621301
112 6621211
112 6319111
112 6721301
112 5611101
112 2721101
112 6711001
112 6721201
112 6711301
112 7523001
112 6519101
112 6529101
112 6613301
112 6412301
112 1713201
112 6721111
112 6611211
112 6721311
112 2721901
112 3721101
112 6511201
112 5711101
112 6611101
112 6621301
112 2621301
112 6521101
112 6711201
112 2711301
112 6511311
112 7521011
112 2621301
112 2711301
112 6711101
112 1719211
112 3621201
112 2721301
112 2611211
112 3521101
112 6721301
112 2721301
112 6711101
112 6611301
112 2721201
112 6723301
112 6711101
112 6711301
111 6611101
112 6711201
112 6721201
112 7721001
112 6721101
112 6711101
111 5711201
112 3521211
112 6721101
112 6321201
112 6621101
112 3421201
112 6411101
112 3721301
112 1621301
112 3621111
112 6611101
112 6711301
112 6711301
112 2611301
112 2711301
112 6611201
112 3421101
112 6711301
112 6621301
112 5711101
112 6621301
112 6611301
112 3721201
112 6721101
112 1711101
112 6621101
112 3721201
112 6723911
112 5711101
112 6711101
112 5611101
112 2711101
112 6611901
112 6711201
112 6711001
112 2611101
112 1721101
112 5511101
112 6411001
112 6711201
112 6511001
112 6521111
112 2721901
112 2721901
112 6611901
112 3521201
112 3521201
112 6711101
112 2621201
112 6711101
112 6722211
112 6521301
112 3621201
112 3721901
112 6711301
112 6611101
112 5711111
112 2711301
112 6721901
112 6711301
112 6721201
112 3521101
112 5711101
112 7721001
112 6611001
112 1721201
112 1511211
112 6711201
112 5711101
112 3621101
112 6411101
112 6721101
112 6621201
112 3521101
112 5611101
112 6611301
112 2711301
112 6612201
112 1711201
112 5713201
112 2711201
112 6211101
112 6711011
112 6413201
112 6611101
112 7521001
112 5611101
112 6723101
112 3721101
112 3321201
112 6429111
112 6711101
112 2723211
112 6721311
112 6621301
112 6711301
112 6311201
112 6711001
112 7521001
112 1721201
112 1711201
112 2611301
112 6511201
112 6711901
112 3721101
112 2711301
112 6721301
112 6721301
112 6721201
112 2711201
112 6321111
112 3721111
112 6721311
112 2721301
112 6621201
112 6521901
112 5711101
112 6723301
112 6221211
112 2711201
112 6613301
112 7421011
112 7621001
112 5611101
112 5611301
112 5611101
112 6721101
112 6521301
112 3721101
112 3721101
112 6621301
112 6621311
111 6619101
112 3621101
112 6521101
112 5611211
112 6721101
112 2711301
112 3521101
112 6711101
112 6711101
112 3721101
112 6623101
112 6513101
112 6511101
112 6713301
112 3422101
112 4321101
112 6711101
112 6711101
112 2711301
112 6511301
112 1511101
112 6721201
112 6311301
112 6321101
112 6511101
112 5711101
112 3521201
112 1613101
112 3729101
112 5711101
112 6611101
112 6711301
111 6511001
112 5611211
112 7421011
112 6411201
112 6511201
112 6111301
112 5719201
112 6611201
112 5513101
112 4321211
112 6723901
112 6711101
112 6721301
112 6711101
112 1621101
112 2721301
112 2621201
112 3623101
112 3721301
112 6721201
112 6623301
112 2721101
112 6711001
112 6711301
112 3321201
111 4721211
112 6711901
112 6513901
112 6721201
112 6421911
112 3721301
112 6711301
112 6711301
112 3421101
112 3721101
112 6721101
112 6721201
112 3721901
112 6611301
112 3421101
112 6611101
112 6711301
112 6711001
112 1611101
112 3721101
112 6321301
112 6421101
112 6621101
112 6721301
112 6611101
112 5511101
112 6721101
112 2611301
112 3421101
112 2713301
112 6523301
112 6721201
112 5611101
112 1721301
112 3521201
112 2721201
112 2611301
112 1711101
112 6721201
112 5711101
112 1611101
112 7721001
112 2721301
112 6321301
112 3621101
112 6621101
112 6612901
112 2711201
112 2721201
112 2721301
112 2721301
112 6711001
112 6621101
111 6411901
112 3721101
112 2723301
112 6611301
112 5713301
112 6513101
112 2721301
112 6113301
112 6721101
112 6721301
112 2721101
112 2711201
112 3721201
112 3621101
112 6721101
112 1721101
112 2721301
112 1721211
112 7421001
112 5711101
112 5713301
112 6221301
112 6721301
112 6523101
112 1721211
112 5511111
112 5611111
112 6411111
112 3721101
112 1711201
112 3521101
112 1711901
112 6513101
112 5711101
112 3521101
112 6611101
112 2611301
112 3721101
112 6721101
112 6711301
112 6621211
112 3721201
112 6721301
112 1721211
112 6521111
111 2611311
112 2721101
112 6621201
112 6611101
112 6512301
112 6721301
112 2711301
112 6611101
112 1723201
112 2721101
112 7429001
112 3721111
112 6411301
112 6721301
112 5611101
112 1721201
112 6721101
112 6521211
112 6721901
112 6721201
112 6721101
112 2711101
112 6711301
112 1721301
112 6721301
112 6721101
112 3721301
112 3521301
112 6511101
112 7421001
112 3521101
112 2721201
112 6711301
112 6421101
112 3521201
112 3521201
112 2621201
112 2711301
112 1421101
112 6429101
112 3522101
112 6721301
112 5713901
112 6511111
112 6621901
112 6711101
112 5713101
112 3521301
112 6721301
112 3721101
112 3721101
112 5711101
112 6311301
112 6721201
112 6421211
112 6611101
112 6529101
112 5613101
112 2611311
112 5711101
112 1611211
112 6711101
112 6621101
112 6721101
112 6521101
112 3721201
112 2711201
112 6611201
112 6721301
112 2721301
112 6711301
112 6711101
112 6711101
112 1721101
112 3721201
112 3721101
112 6621101
112 3721301
112 6721101
112 6721101
112 6323301
112 3621201
112 6321101
112 6721311
112 7522001
112 3721211
112 3623101
112 1521201
112 3421211
111 6721301
112 6611301
112 6511211
112 1711101
112 6611901
112 6611301
112 2721301
112 6619101
112 6711901
112 6721101
112 6521201
112 6611301
112 6611201
112 6411011
112 2621301
112 1611101
112 6711001
112 6521101
112 6721001
112 1711101
112 6711211
112 1711201
112 6711101
112 1611201
112 2611301
112 6411101
112 2711301
112 6621111
112 6721211
112 2721201
112 6721301
112 6721201
112 3721101
112 6721301
112 3721101
112 6621201
112 6711301
112 1721101
112 6721201
112 2721301
112 6711901
112 6711001
112 1711301
112 1721301
112 1611301
112 6721101
112 3623101
112 5619101
112 6711111
112 3621101
112 6621301
112 6611301
112 5611101
112 1721201
112 1721101
112 6711301
112 2711301
112 1711201
112 2721301
112 3721301
112 3621101
112 7529011
112 2721301
112 6511301
112 1723201
112 4421111
112 5411201
112 5713101
112 5711101
112 5711101
112 5711101
112 6411301
112 6621101
112 6711111
112 6521101
112 3421101
112 6411101
112 6611201
112 3721101
112 2711201
112 3721101
112 7621001
112 6721101
112 2721201
112 2721201
112 5611111
112 6612901
112 3723101
112 3621101
112 1721901
112 2721201
112 6711001
112 3521101
112 5611101
111 2721301
112 2711101
112 2611301
112 6711301
112 6721301
112 2721311
112 6611101
112 6711901
112 1321901
112 6711901
112 2721901
112 2711211
112 3721301
112 6721301
112 2721901