141 6621301
141 2721201
141 6711101
141 2721201
141 6621111
141 6611301
141 3621101
141 6711101
141 6511101
141 3623101
141 6721211
141 3629111
141 6611101
141 6721301
141 1723101
141 6721101
141 6323101
141 6321211
141 2711111
141 5611111
141 3521201
141 6421101
141 1311101
141 1412101
141 6621101
141 3621201
141 7621001
141 5711111
141 2721301
141 6723301
141 3521101
141 6622101
141 1513901
141 6511311
141 5711111
141 3723301
141 4621201
141 1721101
141 7621001
141 6121301
141 6613301
141 6721301
141 6423101
141 7622001
141 6613101
141 1721211
141 6721311
141 6721901
141 6719201
141 5711911
141 6621101
141 6521301
141 6611301
141 3521101
141 3521111
141 3521111
141 6511101
141 6223301
141 2621101
141 6723201
141 2711201
141 7721001
141 6621311
141 2711301
141 2611301
141 5711101
141 5711101
141 6723301
141 3323201
141 6711101
141 3621101
141 5711111
141 6513301
141 6611911
141 6511201
141 6411211
141 6111311
141 6721301
141 6611111
141 4421211
141 5713101
141 6321111
141 6712301
141 6721301
141 6721301
141 5611101
141 3521101
141 5711111
141 6613201
141 3321201
141 6721201
141 5611101
141 3521201
141 6621901
141 6721911
141 1721301
141 1521311
141 2711201
141 1711901
141 5713101
141 6711911
141 6521111
141 3521201
141 6721111
141 1721301
141 4521101
141 6711111
141 6721101
141 4421111
141 6713201
141 6611211
141 6721911
141 2523301
141 2713301
141 6313301
141 6111301
141 6711101
141 6721211
141 6723101
141 6723901
141 6721101
141 6721211
141 6523101
141 6611311
141 6613301
141 6321311
141 3423101
141 1711101
141 5711111
141 3621111
141 7721001
141 6521101
141 4621301
141 6311311
141 6613901
141 7621001
141 6513901
141 3421111
141 6511111
141 6511101
141 6511201
141 6521201
141 6711111
141 7721001
141 3521201
141 6611111
141 3723201
141 6711101
141 6411111
141 3523101
141 5711111
141 3721101
141 6421101
141 6511201
141 6711101
141 5713101
141 6621311
141 5711101
141 5711101
141 6511001
141 2611201
141 6511301
141 6311311
141 5611101
141 6511901
141 6511101
141 6411311
141 6521211
141 6711111
141 6721201
141 6711201
141 2711301
141 6629101
141 6511301
141 2713301
141 1723101
141 1721101
141 5611101
141 1721901
141 3721101
141 6711901
141 6721301
141 2721101
141 1721101
141 6711101
141 6713101
141 5711101
141 6721201
141 3421211
141 2621201
141 6711311
141 6421911
141 7623001
141 2713901
141 6721301
141 6521211
141 6721111
141 3721201
141 6721101
141 1721101
141 2723101
141 5711101
141 6213101
141 6721301
141 1613301
141 2611201
141 6611301
141 1721201
141 6721211
141 7521001
141 6723101
141 2711301
141 1721111
141 3521211
141 1721311
141 6521211
141 1721111
141 5511111
141 6723301
141 6713101
141 6613201
141 6411101
141 6621201
141 6611311
141 3721101
141 5611101
141 6611201
141 2721101
141 6511201
141 5711101
141 6711101
141 6621911
141 6621101
141 6721301
141 6521101
141 6511111
141 7521001
141 1711201
141 6711211
141 2711201
141 6423101
141 2511311
141 6721101
141 6511101
141 6723201
141 2711301
141 2711101
141 3721101
141 6711311
141 6713301
141 5613101
141 6711101
141 3721111
141 2721201
141 2521101
141 6411301
141 3521111
141 3521111
141 6611101
141 1711111
141 6721301
141 6721001
141 2711211
141 5711201
141 7422001
141 6221211
141 6621301
141 6711301
141 2721301
141 6711301
141 5711101
141 3421211
141 6523301
141 6721101
141 6722201
141 6711301
141 6711301
141 3721101
141 7721011
141 3623101
141 1721301
141 6713101
141 2721311
141 6621201
141 6711101
141 6613101
141 5711111
141 6611301
141 2611101
141 6721101
141 6711301
141 2721201
141 3723101
141 6511211
141 6421211
141 1521311
141 6721301
141 2521311
141 6711101
141 5712101
141 3421211
141 5611111
141 3521211
141 6421211
141 6513301
141 6611201
141 6723901
141 2711201
141 6723101
141 3621301
141 5711111
141 6411301
141 6311211
141 6723101
141 6311311
141 1621201
141 4321101
141 6421211
141 3423101
141 2711901
141 5713101
141 6511301
141 5711901
141 6421311
141 6511901
141 1511901
141 6721911
141 2711901
141 5611101
141 6513101
141 6411301
141 6721911
141 6711301
141 6421311
141 5613101
141 3623201
141 6521911
141 5611111
141 2713901
141 6711301
141 6711201
141 6721311
141 5711111
141 2711201
141 1723201
141 5713101
141 6523101
141 7721001
141 2611301
141 2521311
141 2711201
141 5611201
141 3623201
141 3723101
141 6311911
141 6521211
141 1421301
141 1621301
141 5613101
141 6611311
141 6721111
141 6721101
141 3721201
141 6722201
141 6311101
141 3729101
141 1711201
141 1723101
141 6623201
141 2523101
141 6511111
141 6721201
141 6612201
141 1611201
141 2611101
141 6713101
141 1413201
141 1721201
141 6623101
141 6623301
141 2613201
141 1711211
141 1713101
141 2711201
141 6611101
141 4521911
141 5611111
141 3521101
141 6321301
141 3521111
141 5611101
141 6623101
141 5611201
141 6723901
141 2621301
141 3423301
141 5611101
141 6521301
141 2611301
141 6121301
141 3621111
141 6621101
141 6711211
141 6711301
141 2611201
141 7621001
141 3621201
141 6729101
141 6721201
141 6521311
141 6611201
141 5711101
141 6711311
141 5411201
141 6721311
141 3421101
141 6511211
141 6421311
141 5712101
141 6711211
141 5611101
141 1721101
141 6411311
141 3723101
141 3721101
141 6511101
141 6411311
141 7629001
141 7629001
141 2521311
141 4429201
141 2521201
141 1711201
141 1711201
141 2622301
141 6321201
141 6711901
141 6611111
141 5711101
141 6323101
141 3421101
141 1611211
141 5711111
141 6421201
141 5719101
141 1611301
141 6721301
141 6711311
141 3723101
141 1721201
141 1723201
141 6713101
141 2611111
141 1623201
141 6711901
141 7621001
141 4721311
141 6721301
141 2521311
141 1721301
141 6411101
141 6621301
141 6611101
141 3421201
141 2511301
141 6313201
141 3721311
141 1623201
141 5611111
141 2613201
141 6523101
141 6612201
141 5611111
141 2713201
141 6611101
141 6621111
141 6521201
141 6711111
141 6611301
141 6721111
141 5611111
141 6721101
141 6611311
141 1711201
141 3521101
141 6711101
141 5711101
141 6522301
141 3421211
141 6321111
141 6611901
141 6713901
141 6411901
141 6721101
141 6513301
141 6621311
141 6711201
141 6711901
141 2711301
141 6621211
141 7521011
141 6411211
141 5711111
141 6119301
141 3523201
141 5711101
141 1521211
141 5711111
141 5611111
141 2721201
141 2721301
141 6721111
141 1721101
141 3621201
141 6711201
141 6623301
141 1723901
141 6721301
141 6711101
141 6721911
141 6513101
141 6411111
141 6711301
141 5711901
141 6621201
141 1721201
141 6711201
141 6712101
141 6323101
141 1721101
141 6719101
141 2621211
141 5611111
141 7721001
141 1723201
141 6713201
141 6711101
141 6711101
141 3723201
141 1723101
141 6729211
141 4421201
141 2711301
141 6723101
141 1721101
141 6711001
141 6711901
141 2511101
141 2721201
141 2511301
141 1521111
141 1711201
141 6713101
141 6711201
141 6623301
141 4423201
141 4423101
141 2721301
141 4721201
141 5711111
141 5611111
141 1711101
141 1721201
141 6411311
141 3621101
141 3721101
141 5711211
141 3721101
141 6723301
141 1619201
141 1411101
141 2513301
141 2513301
141 2611311
141 3521211
141 6611101
141 6721301
141 6511201
141 6721301
141 6512301
141 5511111
141 7729001
141 1621101
141 1611201
141 6611101
141 6329101
141 6511111
141 6421111
141 5711311
141 6621101
141 6429111
141 6723111
141 6723301
141 6611901
141 2711101
141 3721111
141 3521111
141 6521101
141 3621201
141 6521111
141 1711111
141 5711101
141 3729101
141 3721101
141 5611101
141 5712101
141 1619101
141 6711301
141 6611301
141 6611211
141 6611101
141 7621001
141 5711101
141 6711101
141 2713101
141 6111111
141 6713201
141 2613301
141 6721201
141 6721201
141 2721201
141 7421001
141 6621201
141 6711211
141 6311911
141 3721211
141 2613301
141 1721301
141 1711101
141 6723301
141 6723301
141 6511201
141 6711201
141 6521211
141 3623301
141 3721111
141 6621201
141 7521001
141 6611001
141 6721101
141 6711911
141 6721901
141 6721901
141 2721901
141 6321301
141 6711301
141 6711901
141 6711101
141 6711201
141 6721111
141 2723301
141 6721301
141 2711211
141 5513101
141 3723101
141 3521111
141 3621101
141 5711101
141 6611101
141 6623201
141 6711311
141 3521111
141 6721101
141 6621001
141 6621101
141 6623301
141 1511111
141 5713101
141 1711201
141 2711301
141 7721011
141 6512901
141 6723901
141 1413201
141 6723301
141 6311311
141 6521911
141 5711111
141 6713101
141 6611311
141 6523201
141 5713101
141 6721311
141 6711311
141 6521211
141 1623201
141 1711201
141 5713201
141 6723301
141 6711301
141 1711101
141 1621311
141 1721301
141 4321101
141 2521301
141 2723201
141 2721211
141 3621211
141 3521101
141 2721301
141 6311101
141 2613201
141 3521111
141 3629111
141 6421101
141 7421001
141 5611101
141 6621101
141 6721101
141 2521311
141 6621311
141 6321311
141 3721111
141 1521101
141 1713101
141 6321311
141 3521101
141 6623301
141 6411101
141 5711201
141 6311311
141 6621101
141 2711301
141 6713201
141 6621101
141 5611101
141 5611111
141 2421201
141 6621201
141 2723301
141 6721101
141 1613101
141 3621101
141 6619111
141 6721111
141 2621311
141 6311901
141 4623211
141 6521901
141 1721211
141 3721101
141 3721111
141 6723301
141 4621201
141 6611301
141 6711111
141 2711211
141 1511311
141 7721001
141 5711101
141 6711911
141 6721101
141 6721101
141 5713201
141 3521101
141 3621301
141 6723201
141 6723901
141 4721301
141 6723101
141 2721301
141 6721301
141 6711201
141 3723211
141 2721901
141 1713901
141 5711911
141 4721901
141 6721901
141 1511201
142 1511211
142 3521101
142 3521111
142 6521101
142 6611211
142 6621201
142 3621101
142 3423101
141 5611101
142 6422301
142 6611101
142 4521111
142 6613101
142 1711311
142 1711211
142 6419101
142 3521111
142 6711101
142 6711311
142 3721111
142 6711111
142 3721211
142 6411211
142 2521211
142 6512101
142 1611201
142 6311111
142 6711101
142 6613101
142 2622301
142 6721201
142 1611301
142 1621311
142 6611301
142 2721301
142 6721301
142 6321311
142 3521101
142 5511101
142 1611211
142 1611201
142 1711201
142 5711111
141 5711201
141 2511101
141 3523101
141 5611101
142 3421101
142 6711911
142 3623101
142 1721101
142 6623201
142 6611101
141 3723101
142 2719301
142 6719101
142 6521111
142 1621101
142 6711101
142 3521111
142 3621101
142 6121111
142 6713101
142 7721001
142 7523001
142 6611301
142 6711201
141 6611901
142 6421101
142 1421101
142 6611201
142 6111311
142 6521211
141 6721111
142 4621211
142 2511201
142 5712101
141 6711901
142 6311001
142 6321901
142 1622201
142 6323201
142 6721301
142 6311211
142 5711101
142 3621201
142 6711301
142 5711111
142 1611301
142 6521111
142 6721211
142 1721301
142 6521201
142 4721111
142 6421101
142 2711311
141 6413901
142 3523201
142 3521111
142 5711301
142 6311111
142 1711101
142 3721101
142 6711201
142 6511211
142 6711201
142 3721201
142 6521101
142 3421211
142 5611211
141 6422101
142 6521111
142 5611111
142 6721211
142 1721111
142 3721201
142 6711211
142 5711101
142 6329101
142 1611311
141 2721901
142 6621111
142 5711101
142 6712301
142 6629111
142 6721111
142 3723101
141 2711301
141 3521301
141 3721301
141 2621301
141 6721301
142 1321111
142 1711201
142 1711201
142 5612101
142 5711211
142 2511301
142 6721101
142 1711101
142 6521101
142 6611301
142 2711301
142 5511111
141 6713901
141 6511911
142 6321101
142 6521311
142 6711311
142 3721111
141 6713101
142 6211111
142 6711101
142 2721201
142 1521111
142 1529901
141 3622901
142 3721201
142 6611301
142 6621201
142 5711101
141 6411901
141 6721901
142 5611101
142 4721211
142 6721111
142 6611201
142 6311211
142 6621301
141 6721901
141 2711301
141 6611911
142 5711101
142 1511211
142 6723301
142 6511101
142 6711311
142 6523301
142 6523101
142 5611111
142 7723001
142 6721201
142 6211101
142 6511211
142 2613311
142 7721001
142 6721311
142 6721111
142 6421311
142 6621101
142 3423201
142 1619101
142 6511311
142 2711301
142 5711211
142 6711111
142 3623201
142 6621111
142 1613201
142 1721201
142 1711211
142 5713101
142 6713101
142 6713101
142 3523101
142 2613311
142 2613311
142 6412101
142 6511101
142 1721211
142 3721201
142 6311211
142 6623301
142 6623301
142 6321101
142 3621211
142 6721101
142 3721111
142 7721011
142 5611111
142 3721201
142 6611101
142 1613201
142 6723101
141 6313301
142 3721201
142 6421101
142 4321101
142 6611311
142 6311301
142 6621211
142 6721101
142 5711911
142 6611111
141 6723301
142 1621201
142 2623301
142 6521311
142 6721201
142 2621101
142 1611301
142 3721101
142 6623101
142 1713201
142 6723101
142 6721311
142 6611311
142 3423901
142 5611101
141 3621111
141 2723101
142 1721101
142 3721101
142 5611101
142 3721111
142 6721101
142 3721201
142 2621301
142 6521311
142 3621101
142 5611201
142 1521111
142 6611111
142 2621301
141 6721101
142 4621101
142 6711301
142 6311311
142 1711101
142 6711211
142 2723301
141 6711301
141 6711101
142 6723901
142 1611111
141 6411311
142 7521001
142 6623101
142 7523001
142 6713201
142 3722101
142 6511201
142 6511101
142 3621101
142 3721101
142 6621301
142 6611101
142 3521101
142 2711301
142 2711901
142 3321211
142 6611111
142 6621111
142 1721311
142 6723301
142 3721301
142 6721911
142 7721011
142 6321201
142 7521001
142 1311111
142 6521111
142 2721201
142 3721101
142 6721101
142 1711201
142 3721111
142 6721101
142 6721101
142 1711101
142 5611101
142 6711101
142 6621211
142 6711301
142 6621301
142 6421111
142 5711101
142 2721201
142 2721101
141 2711911
142 6711101
142 3621201
142 5511111
142 5711111
142 6723201
142 6421101
142 3722101
142 5711201
142 1713101
142 6721911
142 5713101
142 6619101
142 5611101
142 6312101
142 3621111
142 6421101
142 6623101
142 6613301
142 6611311
142 1721101
142 6611311
142 6711901
142 2721901
142 7621001
142 6411301
142 6711901
142 6721901
142 6721301
142 1619111
141 6711301
141 5711201
142 6313101
142 3721111
142 6421111
142 6521211
142 6623101
142 6711311
142 6611901
142 5711111
142 6611201
142 1511101
142 4521111
142 3621101
142 6721311
142 1611301
142 6411201
142 6721901
142 3721301
142 6521311
142 6521011
142 6621311
142 6511301
142 5711201
142 6421101
142 3521111
142 7721001
142 3721101
142 1611101
142 6421111
142 5711111
142 4521111
142 6321311
142 6721101
142 6713201
142 5711311
142 2623201
142 3521101
142 7721001
142 6623901
142 6421111
142 2711301
142 1611201
142 6711911
142 5711211
142 5511101
142 5611101
142 6419201
142 6623101
142 6311111
142 5613101
142 6313301
142 2611301
142 6611101
142 3721201
142 6411211
142 6711111
142 3521201
142 1713201
142 4321101
142 6429201
142 6211311
142 7621001
142 1721201
142 5711111
142 6611201
142 1612301
142 6521111
142 6723101
141 6511301
142 6711011
142 5713101
142 6711001
142 6111311
142 6713201
142 6311101
142 1721111
142 6713301
142 6511211
142 2721311
142 7621011
142 6321111
142 2621301
142 6721101
142 6521301
142 6221311
142 3721301
142 2712301
142 7723001
142 6721101
142 3721101
142 6721301
142 1721201
142 6611201
142 6611301
142 6621101
142 7722001
142 7721011
142 2721201
142 6521111
142 1723301
142 6623111
142 2711301
142 6611201
142 3721101
142 6711301
142 6611311
142 6711101
142 3721101
142 6713301
142 5611101
142 1511101
142 6719011
142 6721311
142 6711201
142 6121101
142 6521211
142 3521101
142 6411101
142 6611311
142 6711311
142 6521311
142 5711111
142 3721111
142 6729201
142 6621311
142 2611101
142 5611101
142 3523101
142 5411111
142 2721301
142 6611201
142 7521001
142 3621111
142 5713301
142 2713301
142 5711111
142 6611111
142 3421301
142 1711101
142 6512201
142 6711111
142 6721111
142 6721301
142 3621101
142 6611901
142 2711901
142 6321111
142 1721101
142 6723101
142 1711301
142 6621301
142 6721101
142 6422901
142 1613301
142 6711901
141 6711311
142 5611201
142 6711101
142 6711101
142 6513101
142 7723001
142 6611301
142 6223101
142 5711101
142 5711101
142 6213301
142 7723001
142 6711101
142 6711201
142 5611211
142 6411101
142 3723101
142 6712301
142 7521001
142 3721201
142 6421111
142 6611101
142 6523201
142 6611111
142 3723101
142 6712901
142 1721201
142 6621101
142 2611301
142 7523001
142 6411111
142 5612901
142 2711101
142 3421101
142 6521311
142 1721101
142 3621111
141 6621301
142 6419101
142 6713101
142 2613201
142 6621111
142 2711201
142 3723201
142 1713201
142 6711101
142 1721201
142 1721101
142 1511201
142 6713201
142 3721111
142 3521101
142 2721311
142 6621111
142 2611901
142 6712901
142 6721301
142 6713101
142 7529001
142 6711301
142 6321201
142 5611101
142 7521001
142 6711201
142 6711901
142 5611311
142 1622101
142 3521101
142 1721311
142 6321111
142 2513201
142 6611111
142 6723101
142 1729211
142 6721101
142 1721111
142 6522211
142 2611301
142 6611301
142 3729101
142 3721301
142 6711301
142 6722201
142 6411311
142 3621201
142 6511211
142 6711301
142 6511101
142 4729211
142 5711201
142 6621001
142 1613301
142 3621201
142 6721101
142 1711201
142 1711201
142 6511311
142 6713301
142 7721001
142 6521111
142 6711101
142 1521101
142 6521111
142 6521311
142 7621011
142 6723101
142 5611111
142 6623901
142 3721111
142 7721011
142 6511901
142 6621111
142 1619201
142 1619201
142 6721901
142 7721011
142 3723101
142 6711101
142 2711301
142 5611111
142 6711211
142 2611101
142 6421301
142 3521111
142 6721311
142 6711101
142 6721111
142 6713301
142 3523101
142 1721101
142 6711311
142 7421001
142 5613201
142 6621001
142 6711101
142 6711101
142 1521111
142 6711001
142 5611101
142 3723101
142 6523301
142 6711901
142 3523101
142 2711901
142 6713901
142 6721901
142 3621111
142 5711901
142 1611211
142 6721901
142 6423101
142 6511301
142 6611211
142 6721301
142 6711101
142 5713101
142 6723301
142 6521111
142 6721101
142 7621001
142 3421211
142 6513201
142 1513301
142 5411101
142 6713201
142 6711111
142 6411111
142 7621001
142 3321911
142 6511311
142 6511111
142 6711311
142 6523301
142 4621101
142 7721011
142 7523001
142 6721901
142 2713301
142 6621101
142 3723101
142 1411301
142 7521001
142 3721101
142 3721211
142 6421111
142 6711101
142 3621201
142 2611301
142 2711301
142 6613301
141 3621311
142 1713101
142 6321101
142 2321211
142 6611101
142 6721311
142 5613101
142 6311301
142 6521211
142 6613301
142 2721311
142 6721211
142 6721311
142 5611111
142 1611301
142 2713201
142 5711101
142 6523301
142 3621211
142 3621111
142 3421211
142 3421101
142 6311301
142 2713301
142 2721301
142 2713301
142 3723101
142 6121111
142 2621311
142 6621101
142 5611211
142 1711201
142 5713101
142 6511301
142 3523101
142 1723301
142 6411111
142 6711101
142 2711901
142 2711901
142 6513901
142 6711201
142 6722901
142 2721901
142 2712901
142 6621111
142 6621101
142 6421201
142 6421201
142 6711111
142 6721301
142 6511311
142 6411101
142 6711201
142 5611111
142 6511311
142 6523201
142 6311211
142 3723101
142 6713301
142 6723101
142 3721101
142 3721201
142 3521201
142 2711301
142 6521311
142 6713301
142 6311211
142 3421201
142 3621101
142 6421001
142 6621101
142 7623001
142 5711301
142 3521311
142 7623001
142 6523201
142 6721001
142 1721301
142 1721101
142 1711211
142 5611211
142 4721901
142 6311101
142 6429311
142 3421201
142 1423201
142 6623101
142 6621311
142 2721201
142 2711301
142 6711901
142 6723301
142 6723201
142 1511101
142 2613301
142 6513201
142 5611111
142 6521311
142 3522201
142 1721201
142 5713101
142 6311111
142 2611311
142 5711201
142 6721101
142 2721301
142 6713201
142 6521111
142 5611111
142 6723301
142 1711301
142 2421201
142 5711101
142 3521111
142 6721111
142 6629101
142 6721301
142 6611301
142 5611111
142 2711901
142 2712901
141 6513301
142 6713301
142 6721101
142 1711911
142 5711111
142 6721911
142 6711911
142 1711901
142 2711901
142 2722901
142 6711901
142 2723901