151 6611101
151 3721201
151 2721301
151 5511101
151 3721101
151 2421101
151 6721201
151 1621301
151 6711101
151 6521101
151 5611101
151 3421101
151 3721201
151 6321101
151 6721901
151 2711301
151 6721101
151 6721101
151 6621201
151 6621211
151 6711901
151 6611101
151 7721001
151 2711201
151 2711301
151 6621101
151 6711201
151 6711001
151 1721901
151 6611301
151 5711101
151 1721301
151 2711201
151 3621101
151 2611301
151 2711201
151 1711201
151 2711301
151 2511301
151 3721301
151 6711201
151 6621201
151 7721001
151 5711101
151 2711201
151 6721301
151 2721301
151 3429201
151 6711101
151 6321201
151 5711101
151 2711301
151 2621301
151 6721301
151 5711101
151 3721101
151 3521211
151 3721101
151 2711301
151 6611101
151 1721101
151 2711301
151 6621101
151 5711101
151 6721101
151 3421201
151 3421201
151 2711111
151 7721001
151 7721001
151 6721301
151 6711301
151 5711101
151 6311101
151 2521301
151 5611101
151 6721901
151 3621111
151 3721301
151 1721201
151 4721101
151 6511201
151 5611101
151 6621101
151 5711111
151 6511301
151 7621001
151 3721111
151 6711101
151 6721201
151 5611101
151 1521201
151 6721901
151 2621101
151 3521101
151 1611201
151 1611101
151 6721901
151 3721101
151 6321101
151 6721301
151 1713201
151 1621301
151 6321101
151 3721201
151 6621301
151 3621101
151 3721101
151 3521211
151 6423301
151 3523101
151 4422101
151 6711301
151 6721901
151 5711111
151 1711101
151 5711101
151 1711201
151 2711201
151 6711101
151 6511111
151 3721111
151 5611201
151 6321111
151 6711001
151 1521101
151 5711101
151 6511301
151 6711201
151 6621301
151 3521201
151 6321201
151 1611301
151 5711101
151 6611301
151 6721301
151 2611201
151 1721211
151 2721301
151 3321111
151 3521101
151 6521101
151 6311101
151 5711101
151 5711101
151 2711101
151 6611101
151 2711201
151 6611311
151 2611201
151 5711101
151 6711301
151 5711111
151 1711111
151 6721101
151 6221301
151 6721101
151 6711901
151 2611901
151 5611201
151 3621111
151 6621301
151 1721101
151 6711311
151 2621101
151 6611301
151 6321901
151 4621101
151 3621101
151 7621001
151 3521101
151 6721101
151 6711301
151 3421301
151 5511201
151 6711301
151 2621301
151 6621101
151 6311101
151 1721201
151 1611301
151 6711101
151 6721101
151 7621011
151 6721301
151 1521211
151 6511301
151 6511301
151 6611101
151 6411201
151 3721101
151 6621201
151 6621301
151 6311111
151 6611101
151 7723001
151 6711101
151 6121311
151 6721101
151 6611101
151 5611201
151 5711201
151 3721201
151 6721101
151 5711101
151 6721101
151 1521101
151 6621301
151 3521201
151 6711301
151 2511301
151 6621101
151 3421211
151 6721111
151 3423201
151 6711211
151 6521211
151 6721111
151 6711301
151 3521201
151 2713301
151 6611101
151 6611301
151 1711201
151 5511101
151 6721301
151 3421111
151 5611101
151 5612901
151 6721111
151 1711111
151 2711301
151 3721201
151 2711101
151 6721101
151 3621301
151 1721101
151 6511101
151 6421311
151 6523101
151 6621211
151 3421111
151 3721201
151 3721201
151 2711901
151 2711301
151 6721101
151 3421311
151 2612201
151 6521101
151 5611211
151 6621201
151 2611201
151 6511011
151 1621311
151 3421211
151 6321111
151 3721101
151 6311211
151 6611211
151 6612901
151 4421911
151 6711301
151 2511201
151 1721101
151 6711201
151 6711101
151 5712201
151 6621111
151 5711101
151 5711101
151 5711101
151 6511001
151 6721901
151 2511901
151 5611101
151 6611101
151 6621101
151 5711111
151 6513301
151 5711101
151 5711101
151 1711301
151 2723301
151 5711101
151 5611111
151 3621211
151 3623301
151 3623301
151 6521101
151 2721301
151 1711101
151 1711101
151 4721301
151 1511201
151 3621101
151 6511211
151 6611101
151 6711001
151 3721901
151 6311901
151 6721901
151 6411211
151 6711101
151 3621101
151 3721201
151 6621301
151 2721901
151 6711201
151 6711901
151 5611101
151 2721201
151 4521211
151 6521101
151 6621201
151 1611201
151 6711301
151 6611301
151 3623201
151 1711201
151 5611101
151 5613101
151 6621001
151 1511201
151 2711901
151 2711201
151 1711101
151 6721101
151 6611211
151 1611301
151 2511301
151 6711101
151 5711101
151 6721101
151 3521211
151 5511101
151 6721101
151 3621111
151 1421101
151 2511301
151 6711101
151 6321311
151 6521301
151 6511201
151 1711901
151 6623201
151 7721001
151 6711901
151 3721101
151 6711101
151 3721901
151 1721901
151 1721901
151 6711301
151 7521001
151 6611301
151 2621301
151 6421201
151 3721301
151 5711101
151 6621201
151 6711101
151 6711301
151 5711101
151 6711201
151 6311201
151 7621011
151 3721101
151 5711101
151 2711101
151 6723201
151 6723101
151 6723101
151 6411101
151 6719101
151 6321101
151 5511911
151 3721101
151 1721101
151 6721301
151 2621301
151 1721101
151 3623101
151 3521101
151 5611111
151 6511301
151 6711301
151 6721101
151 6621101
151 6621201
151 2621301
151 6721901
151 6721201
151 1621201
151 3521111
151 3623201
151 6721301
151 1711201
151 2721301
151 6511101
151 6711301
151 6621201
151 6711201
151 5711111
151 6721301
151 6721301
151 6721301
151 6411201
151 6511301
151 6511301
151 1721101
151 6611311
151 5611101
151 5611101
151 5711101
151 3621101
151 2611301
151 2621301
151 2621201
151 1711201
151 2611301
151 2611301
151 2511301
151 6711901
151 6711001
151 6711001
151 3623101
151 6723901
151 3521101
151 2621101
151 6711911
151 6711111
151 3521101
151 6321101
151 3421101
151 6611201
151 5611111
151 5611101
151 5711101
151 6711101
151 6721101
151 2721201
151 6311101
151 2721101
151 6721311
151 6421301
151 6511111
151 2621301
151 6721301
151 6711201
151 6721101
151 3721101
151 3721101
151 3721101
151 3721101
151 2711211
151 5611101
151 3723201
151 7521011
151 5711101
151 5711101
151 6721901
151 1711101
151 6521101
151 6621301
151 3521201
151 6521201
151 6621101
151 6311301
151 2721101
151 6721201
151 3529201
151 6411311
151 6721101
151 2511301
151 5711101
151 3421201
151 6711101
151 2511301
151 4721911
151 6511201
151 6621201
151 1511101
151 1721301
151 6521101
151 2711201
151 6711101
151 1711101
151 6721301
151 7423001
151 6321101
151 6711301
151 6611201
151 6611311
151 6711301
151 6611311
151 6711101
151 3421101
151 6713201
151 6321101
151 2711201
151 3621101
151 3721111
151 6621301
151 6711101
151 1611201
151 6711201
151 6711101
151 6711901
151 1521201
151 3721201
151 3621201
151 1721101
151 6411301
151 5711101
151 6621001
151 5611111
151 6621201
151 6723101
151 6521311
151 5611101
151 1721201
151 4521301
151 6711301
151 2711201
151 3521201
151 6621101
151 1721201
151 6711301
151 5711211
151 6711301
151 3421111
151 6421101
151 4421201
151 6321201
151 2721301
151 2611201
151 6321911
151 1613301
151 5611301
151 5611101
151 5611111
151 6629101
151 2511201
151 1713201
151 5611201
151 5711101
151 3721101
151 5611901
151 4721201
151 4721301
151 6721101
151 3621101
151 7621001
151 1721901
151 1711101
151 6721301
151 3621901
151 1711201
151 6721301
151 5511301
151 3621201
151 6721301
151 3721101
151 1711201
151 2711301
151 6711101
151 5611201
151 5611101
151 3721901
151 6611101
151 2721901
151 2521901
151 6721301
151 5711301
151 5611101
151 2621301
151 2711201
151 6721101
151 1721201
151 6721301
151 6529101
151 1721101
151 5611201
151 6711301
151 2621201
151 5511101
151 3721201
151 6721911
151 6723901
151 6621111
151 1621111
151 5711101
151 6611301
151 6711201
151 6321111
151 7329011
151 2611311
151 6521301
151 6621201
151 6511101
151 4423101
151 5711101
151 6111311
151 3621101
151 3521101
151 2711301
151 5711101
151 2721301
151 6421201
151 6711001
151 6711101
151 6721901
151 6411201
151 6721101
151 2711301
151 7523001
151 1712911
151 1721101
151 2621301
151 6523101
151 5611101
151 6611111
151 6711101
151 6711211
151 6511111
151 6621301
151 6611001
151 2611201
151 6611301
151 5711111
151 2721301
151 7521001
151 6421101
151 3521101
151 6521101
151 2711201
151 2711301
151 6711101
151 6621101
151 5611101
151 1721301
151 6621101
151 2711301
151 6721101
151 6611301
151 6721901
151 6611101
151 1711201
151 3723201
151 1721301
151 6711101
151 6611101
151 6511901
151 3621201
151 3721101
151 3521201
151 6611201
151 1611101
151 2711301
151 5612104
151 2711201
151 6711901
151 3621111
151 6521101
151 6711201
151 6721101
151 4421101
151 6711101
151 2621301
151 6721101
151 2721101
151 6321301
151 5511201
151 2521101
151 6611301
151 3721201
151 3521201
151 1411301
151 6411201
151 6321101
151 2411311
151 3723201
151 6721301
151 6711201
151 6711901
151 1711301
151 1721101
151 2711211
151 6721301
151 3521301
151 6711301
151 6721901
151 6711311
151 3721201
151 6723901
151 6311101
151 3621201
151 6711101
151 6421101
151 6429101
151 3521111
151 6511101
151 5711101
151 6621101
151 6711301
151 5611101
151 6213301
151 6721101
151 3621201
151 3721101
151 6721101
151 3621201
151 2721201
151 1721201
151 3621101
151 6521901
151 6621301
151 2511301
151 5511101
151 6721101
151 6611001
151 6411101
151 2721901
151 5611101
151 7521011
151 2711201
151 6721901
151 1711101
151 6721101
151 6611301
151 6711301
151 3421201
151 6611101
151 6621101
151 6721301
151 1621101
151 6521211
151 5611111
151 3723201
151 6511111
151 1721101
151 5711111
151 2711301
151 6711901
151 5611101
151 2611301
151 2711301
151 2711301
151 6711201
151 2721311
151 7721001
151 4521201
151 3721101
151 7521001
151 3721101
151 1711101
151 6621211
151 3621101
151 1711101
151 2511201
151 1511301
151 6511301
151 5619101
151 5613101
151 6311301
151 6713111
151 6321311
151 6521111
151 1711201
151 7521011
151 6611201
151 7521001
151 2711201
151 1629201
151 1621201
151 6521211
151 5711111
151 2721101
151 6411111
151 2711201
151 5711101
151 2611201
151 7621001
151 3721201
151 6521301
151 6621301
151 6711311
151 6311311
151 1612301
151 6711111
151 6611211
151 6521201
151 5711101
151 1711301
151 6429201
151 1611101
151 3721311
151 2611311
151 6611901
151 2711301
151 3421201
151 3521101
151 5611101
151 6621101
151 6521301
151 6321101
151 3521101
151 3721101
151 6521911
151 6611101
151 5711101
151 5611101
151 2721311
151 7721001
151 5711901
151 6721901
151 6721901
151 6412101
151 1721201
151 7721011
151 6611901
151 2721101
151 7521001
151 5611101
151 3721101
151 6611111
151 2511301
151 6711101
151 2613201
151 5619111
151 3721301
151 6721901
151 5713101
151 3721111
151 6621201
151 3721101
151 6521101
151 6711101
151 2621101
151 2621201
151 3721101
151 6611111
151 3721101
151 2721101
151 7621001
151 3721201
151 3721101
151 6511311
151 6511101
151 6711101
151 2622301
151 5611101
151 6711311
151 6511301
151 6721301
151 1521201
151 6711201
151 5711101
151 6721301
151 6421101
151 6721301
151 1721201
151 6621101
151 2711301
151 2611301
151 2721211
151 6513201
151 6721301
151 6721201
151 3721101
151 6611201
151 2721301
151 6713201
151 5611101
151 6721301
151 6711901
151 6621301
151 1713101
151 2711301
151 2729111
151 6721101
151 1611301
151 6721201
151 6611301
151 6711101
151 6721201
151 5511111
151 3521111
151 5411101
151 3521101
151 6511101
151 6521301
151 1611901
151 6721901
151 2711301
151 6721901
151 6323101
151 3421111
151 3621201
151 6611201
151 6711211
151 5711101
151 1621111
151 1621111
151 5611111
151 2721301
151 6721301
151 6721101
151 2711301
151 6711301
151 6621101
151 6721101
151 2711301
151 6711301
151 6421201
151 6411201
151 6721111
151 6711301
151 7421011
151 6711201
151 3621211
151 3721211
151 6521101
151 6521301
151 6521311
151 3621101
151 2723201
151 6611311
151 6711101
151 1721301
151 3421101
151 6721101
151 6721101
151 6311301
151 2723301
151 2721301
151 6721111
151 6721001
151 6621101
151 2711101
151 2621301
151 6421101
151 6711901
151 6721001
151 6511301
151 6511201
151 5611101
151 3721201
151 1611201
151 1711201
151 6511101
151 6711101
151 5711101
151 1721101
151 6411101
151 1721301
151 3721101
151 2721301
151 1711211
151 3621211
151 6623201
151 1623901
151 2721911
151 6711301
151 6711901
151 7721001
151 3721201
151 3721101
151 3421101
151 5611101
151 2711301
151 6721301
151 6621101
151 7721001
151 5611101
151 6621101
151 6711211
151 6611301
151 6721201
151 5711101
151 6721301
151 2711101
151 6611301
151 1711201
151 3521201
151 6711201
151 5711911
151 3421201
151 6711201
151 4721101
151 2621301
151 5711301
151 1723201
151 6721201
151 6712301
151 6611101
151 6421101
151 6521111
151 2521201
151 1711201
151 3521101
151 5611101
151 2711301
151 2611301
151 3521201
151 6521101
151 1511201
151 6511101
151 6721101
151 3521101
151 6711101
151 2711201
151 6721901
151 2721101
151 6311911
151 6721101
151 7721001
151 3621101
151 2711101
151 3621101
151 3521101
151 6411301
151 6511201
151 3721101
151 1721201
151 2611301
151 7623001
151 3621101
151 6711301
151 1521101
151 6721301
151 6611911
151 6711911
151 6711101
151 6723201
151 3421101
151 1511211
151 1721101
151 3621101
151 2721201
151 3621111
151 6711211
151 6113301
151 6711101
151 6711101
151 6721101
151 6721301
151 6611101
151 5611111
151 6721901
151 6511211
151 3721901
151 5711101
151 6721101
151 6711301
151 6411101
151 2511301
151 6611201
151 3522101
151 6621211
151 6711311
151 6721301
151 1721901
151 6721201
151 6611201
151 6711101
151 5611101
151 2611301
151 3421201
151 5711101
151 6721101
151 6711301
151 6621101
151 6721911
151 6711101
151 6721911
151 6321201
151 5612101
151 3721101
151 6711201
151 6321011
151 3721101
151 3523101
151 1621211
151 1621201
151 6521311
151 6511101
151 5611101
151 6521111
151 1711101
151 6421201
151 6711901
151 3721101
151 3721101
151 6511211
151 6711311
151 6421311
151 4521211
151 6721314
151 2721901
151 6721901
151 2721901
151 6611911
151 6711901
151 6711901
151 6511901
151 6622101
151 3421201
151 7721001
151 2721901
151 5711901
151 2721901
151 2721101
151 6711001
151 6711201
151 5711101
151 1611101
151 3721101
151 3729101
151 6313901
151 2713201
151 1411301
151 5611901
151 6111211
151 2711201
151 3723901
151 1521211
151 6511011
151 6621201
151 6521201
151 6711901
151 3721101
151 1711101
151 2621101
151 6721101
151 5711101
151 6711201
151 5611101
151 1721201
151 6711201
151 6721301
151 6711001
151 6421201
151 3421111
151 3521101
151 1711201
151 2611301
151 6719111
151 6611111
151 6611301
151 7621001
151 6421111
151 1721301
151 2721201
151 6721301
151 1711201
151 6523101
151 3623101
151 6621111
151 6511311
151 5711101
151 7721011
151 6523301
151 3621111
151 1622101
151 5611101
151 6321101
151 3521201
151 7521001
151 5711201
151 3721201
151 6711101
151 6521201
151 6721111
151 6711201
151 5711211
151 6421311
151 2721201
151 6611101
151 1711111
151 1621111
151 2711301
151 6523101
151 3621201
151 2711201
151 5711101
151 6621901
151 3421101
151 6523201
151 6521101
151 3621111
151 6711201
151 6711301
151 6721201
151 6711201
151 3721111
151 1621201
151 6421101
151 2713301
151 6713301
151 2711211
151 1521311
151 6413104
151 4321211
151 4421101
151 3721201
151 2611301
151 5711101
151 6721101
151 1711201
151 6711101
151 6721301
151 6421101
151 7421011
151 6621201
151 5711101
151 6721201
151 6521101
151 6421101
151 3721211
151 1421301
151 3521101
151 3721111
151 5511101
151 6321101
151 5711101
151 6511111
151 4521111
151 7421001
151 3421101
151 2621301
151 6411201
151 6711901
151 5711201
151 3621211
151 3521101
151 3721101
151 6621201
151 6711301
151 2721301
151 1721101
151 1711101
151 3521201
151 3623101
151 6721301
151 6721101
151 1521111
151 6621111
151 5711301
151 2521301
151 6611301
151 2621301
151 1511211
151 1611201
151 3721201
151 1711301
151 6521201
151 5611911
151 1611201
151 1613901
151 1711201
151 1511111
151 1621111
151 6711201
151 6711101
151 2711301
151 1711101
151 6511201
151 6511001
151 5711101
151 2611901
151 7521001
151 3621101
151 6611201
151 3422201
151 6521301
151 6711301
151 2511301
151 6711101
151 6711201
151 2721301
151 6611301
151 5511101
151 6711201
151 5611101
151 5611111
151 1721101
151 3621211
151 2711201
151 5611101
151 6611301
151 6611201
151 5711111
151 6629311
151 6721301
151 3721201
151 5711101
151 6521201
151 6613301
151 6721301
151 1721201
151 6521201
151 6511201
151 5711101
151 5711101
151 2711301
151 3721211
151 6621101
151 3521211
151 6711001
151 6711301
151 6711301
151 6723201
151 3721301
151 5711311
151 1521311
151 3621201
151 2713301
151 6711901
151 3621201
151 3629901
151 3721101
151 6721301
151 2721911
151 2721901
151 6711901
151 2721901
151 6611301
151 6621901
151 2721901
151 6721901
151 6621201
151 5711101
151 6529901
151 6611111
152 1721101
151 1511211
152 1611201
151 6711901
151 5711111
152 2621201
152 5611101
151 6721301
152 7521001
152 2621201
152 4721101
152 1621301
152 3621301
151 5711101
152 2621101
151 3721201
151 5511111
152 3421101
152 6421111
152 6711301
152 5719301
151 3623101
152 3621201
152 3521211
152 3621101
152 3721101
152 3621201
152 7621001
152 3529201
152 3529101
152 6521101
152 2721201
151 6621201
152 3521201
152 2723301
152 2611311
152 4721201
152 6711301
152 5511101
151 5711101
152 2611301
152 6721001
152 6619001
152 6421201
152 6621201
152 6321301
152 2611301
152 6711301
151 6521301
152 3721101
152 6611011
152 3721101
151 5611101
151 5711111
151 2711201
151 6711101
151 6711101
151 5711201
152 6613101
152 6611111
152 6411901
151 6611301
151 3721201
152 6511301
152 1611201
152 3521201
152 6711001
151 6511101
151 2711301
152 3721101
152 5711111
152 2321311
152 6629101
152 6511201
152 5711901
152 2621301
152 6611201
152 6621101
152 6721901
152 6721311
151 5611211
151 6611901
152 3721101
152 3521201
152 2721101
152 6311101
151 5611201
152 6521101
152 6621301
152 1611301
151 2511201
152 1611111
152 6321101
152 6511001
152 6521901
152 6511201
152 3721101
152 5711101
152 6711311
152 1711101
152 6721311
152 2711201
152 6721201
152 6421111
151 5711111
152 6511111
152 6521301
152 3421201
151 1521101
152 1711201
152 6611201
152 6511311
152 6611101
152 3521201
152 3721201
152 6721101
152 5711211
152 5511101
152 6612001
152 6711201
152 2511211
152 5611101
152 6721101
152 6711304
151 6621201
152 1721301
152 6423101
152 7621011
152 6721201
152 2721301
152 6621301
152 6611301
152 6711301
152 3721211
152 6711301
152 3721101
152 2611201
152 6511101
152 6511201
152 2511301
152 5611301
152 6511101
152 1621101
152 2621201
152 6711101
152 6621201
152 5611111
151 3421201
152 3421101
152 6321211
152 6721301
152 6513101
152 6611101
152 6721101
152 6611311
152 1621301
152 3521201
152 6721301
152 2611301
152 2711301
152 2511101
152 6721111
152 2721301
152 2721101
152 1721101
152 2611301
152 2611301
152 1721301
152 6721101
152 1611101
152 6621101
152 7721011
152 4321311
152 6621311
152 6721201
152 2721301
152 7521001
152 1721301
152 6711201
152 3721201
152 2721311
152 3721301
152 6721301
152 6721301
152 6621111
152 6711211
152 2721301
152 1611101
152 6721101
152 2711301
152 6421111
152 6711301
152 6721301
152 3721101
151 6721111
152 6521101
152 6421211
152 6521101
152 6711201
152 3721101
152 2721311
152 1721201
152 5713101
152 6721211
152 2711201
152 5719201
152 1612201
152 6511301
152 6721201
152 3621201
152 6621101
152 1711101
152 6711001
151 6613301
152 2611301
152 6711301
152 6721311
152 3721101
152 6721101
152 6611101
151 6521201
152 6621311
152 3721101
152 5711111
152 6621301
152 3429201
152 2621301
152 5711101
152 6321301
152 3721101
152 2721301
151 6711101
152 6611901
152 2721301
151 6711001
152 6611301
151 6611301
151 2711301
152 6621101
152 5511101
152 2521311
152 1621301
152 6712301
152 6712101
152 2511301
152 1711101
152 2611201
152 6611101
152 5711101
152 3721101
152 6721301
152 1611301
152 6411201
152 6711311
152 6611201
152 3721101
152 6711201
152 7621011
152 6423301
152 6311011
152 6721101
152 2621301
152 1721201
152 2611301
151 6711101
152 5611101
152 1711211
152 6711101
152 2721301
152 6721101
152 2611201
152 6521101
152 5711101
152 7621011
151 2521301
152 1721101
152 6611301
152 3721101
152 6511311
152 6611301
152 3723101
152 2511301
152 2622101
152 2621301
152 1523101
152 3521101
152 6311301
152 2711301
151 6621101
152 2611301
152 5611901
151 5711101
152 6721101
152 6611111
152 6511201
152 3721101
152 2621101
152 6511111
152 6612101
152 5711101
151 5711101
152 6621301
152 6421301
152 1623211
152 6711901
152 1721201
152 6621101
152 6621101
152 5611301
152 2711201
152 6721311
152 3621211
152 6721111
152 6712301
152 3621101
152 5611101
152 3521101
152 5511101
152 6711011
152 5611111
151 5712101
152 6721201
152 6721901
152 6311901
152 3421211
152 3621211
152 5711301
152 3623201
152 6711101
151 6721901
151 6611101
152 6711301
152 6711101
152 2721201
152 1721101
151 3721901
151 3621901
151 6711911
152 3321211
152 5711201
152 6213101
152 6321111
152 6421311
152 6721101
152 1711111
152 6421201
152 2711101
152 5711101
152 1621101
152 6621111
151 6511101
152 2721301
151 6721101
152 6611201
152 6523301
152 6721101
152 6621301
152 6611901
152 2711301
152 6611301
152 6721101
152 6621301
152 2721201
152 6611301
152 6711301
152 6711201
152 6611311
152 3523101
152 6721201
152 6621311
152 6421301
152 1521211
152 2721301
152 5611101
152 6611111
152 6611901
152 6721301
152 5711901
152 6711301
152 6711201
152 6721901
152 6511301
152 3721101
152 6711301
152 2711311
152 6523101
152 5611111
152 3623101
152 5611101
152 2711301
152 6521201
152 2721201
152 6611301
152 4621101
152 6721101
152 2721301
152 6711001
152 5511101
152 6721111
152 5711101
152 5711101
152 3721201
152 1721201
152 2711301
152 1711301
152 2511301
152 2721301
152 5711101
152 3521101
152 5611101
152 6321101
152 6621301
152 6611301
152 5711111
152 6721301
152 3521101
152 6211301
152 3621111
152 6621101
152 3621111
152 7621011
152 6621101
152 6611211
152 2611301
152 6711101
152 5711101
152 7421011
152 5611111
152 6611201
152 6321311
152 6311311
152 6421301
152 7521001
152 3321311
152 1611101
152 6721901
152 2721201
152 6723301
152 6621101
152 3521111
152 6711101
152 6721301
152 6621301
152 2513301
152 6711001
152 6621211
152 5611101
152 6723301
152 2511311
152 6621101
152 6611201
152 3521201
152 3629101
152 6721201
152 6611201
152 2721201
152 6429101
152 7521001
152 2721101
151 6721301
152 6621101
152 2511304
152 1711101
152 6521211
152 4421101
152 6621111
152 6521201
152 1621301
152 6711101
152 6611101
152 2611201
152 6721101
152 5511111
152 6721201
152 6721101
152 3721101
152 1711201
152 6613301
152 1711201
152 7521001
152 2621101
152 2721301
152 3621201
152 3521201
152 3721101
152 6721901
152 3721101
152 6721211
152 6721201
152 2721301
152 5611111
152 1721301
152 2711201
152 2721301
151 6721901
152 6511301
152 1611111
152 6711101
152 6611101
152 2721301
152 1711101
152 1711901
152 6611211
152 6522301
151 6721901
152 1621101
152 1511201
152 6511201
152 6611101
152 2621311
152 6621211
152 4329211
152 2711301
152 4721201
152 6621201
152 6611101
152 3421111
152 2711101
152 2721301
152 6611901
152 6721301
152 6511311
152 6611901
152 1511101
152 6321101
152 7721011
152 3421211
152 2721901
152 1721201
152 6621901
152 5711111
152 6421301
152 2721101
152 1711201
152 6521101
152 2523301
152 3521201
152 6211301
152 3723301
152 2511311
152 6721201
152 6611011
152 3621101
152 6421101
152 6421101
152 3521101
152 5611111
152 7521001
152 2721301
152 3521201
152 6711201
152 1711101
152 6621101
152 6721001
152 2711301
152 3623101
152 1711201
152 6711301
152 6611211
152 1611111
152 2711201
152 7721001
152 2713201
152 6711201
152 6721101
152 2711301
152 2721101
152 2711201
151 2711901
152 6711101
152 1711301
152 1611101
152 6221311
152 6221311
152 2611301
151 6729301
151 6711301
152 6613311
152 5711201
152 2711301
152 6611301
152 6611301
152 3721201
152 6311211
152 2721901
152 3621211
152 2721301
152 5611211
152 6311301
152 6321101
152 7721001
152 6521111
152 3721101
152 6621301
152 3621301
152 6711201
152 6711101
152 6311311
152 6711901
152 3721201
152 5711101
152 6721901
152 5612901
152 3521201
152 3521111
152 6721001
152 6613301
152 6611211
152 2721901
152 3621301
152 7521001
152 6421301
152 7521001
152 2711201
152 5711101
152 6721311
152 3521211
152 3523101
152 4621101
152 3721101
152 2711201
152 1711101
152 3621101
152 6711001
152 2711301
152 6711301
152 6423301
152 1621301
152 4621301
152 7421001
152 2711301
152 6721101
152 6621101
152 6711901
152 2711301
152 6521301
152 6621301
152 6721301
152 6421211
152 6511201
152 6511311
152 6611001
152 6312101
152 6711201
152 5711101
152 6721301
152 3521201
152 6611301
152 6621201
152 6721101
152 6621201
152 7721001
152 6521301
152 6321301
152 6621211
152 6611301
152 5711101
152 5711101
152 2711301
152 6711101
152 6711201
152 6711101
152 6429114
152 7721001
151 3721201
152 2711101
152 1711201
152 3621111
152 3621201
152 3729201
152 6121311
152 6711201
152 1521201
152 2621101
152 6511111
152 2711201
152 5711101
152 6721111
152 2621301
152 6711001
152 6621101
152 1411201
152 2711201
152 2721311
152 6711101
152 1711101
152 1721101
152 6711111
152 6711101
152 1721301
151 6711101
152 6711901
152 2721301
152 3621911
152 6711101
152 6621111
152 2721301
152 6511011
152 2621301
152 5611101
152 2711301
152 6511101
152 3721101
152 6711101
152 1511301
152 6722901
152 3421101
152 6721101
152 6721201
152 3721101
152 5611101
152 6611301
152 6421101
152 6619101
152 6611101
152 2611301
152 5611301
152 3621301
152 2711301
152 6621301
152 6721301
152 5711101
152 6721301
152 6629911
152 3721101
152 3421101
152 3721201
152 2721201
152 6721301
152 6621901
152 2711101
152 3421101
152 3521111
152 6721111
152 6211301
152 6711211
152 2721201
152 3721101
152 6722111
152 6621101
152 4721901
152 1711301
152 2511301
152 3621201
152 3521311
152 6421211
152 6611111
152 5711111
152 5511101
152 6511201
152 2723301
152 3721101
152 6722301
152 6421211
152 6729111
152 6621111
152 2711301
152 6713101
152 6621901
152 5611101
152 6611101
152 2523301
152 7723001
152 6721301
152 3521111
152 2611201
152 6711201
152 6511111
152 6321101
152 2621301
152 7521011
152 3621301
152 3621101
152 2711301
152 6511211
152 3621211
152 6311211
152 6521201
152 3721101
152 3621201
152 6711301
152 6613301
152 6711101
152 2721301
152 6711311
152 2611201
152 6711201
152 2611301
152 2721301
152 2721301
152 6711301
152 2721201
152 1721101
152 6723201
152 5711101
152 3621201
152 3721111
152 3521201
152 6311201
152 6621301
152 5611111
152 3521211
152 3621101
152 3421201
152 2711201
152 6711301
152 7521011
152 5611101
152 6721301
152 6523201
152 6511101
152 1521301
152 6521101
152 1521101
152 6713301
152 6611301
152 2721301
152 3429101
152 7729011
152 6711211
152 1711101
152 1721201
152 6721301
152 6511901
152 3721201
152 6521901
152 6711301
152 6621101
152 6521211
151 6611001
152 6511101
152 6711101
152 3521211
152 7521011
152 2721201
152 6711311
152 5711201
152 6711101
152 6511111
152 7521011
152 3721201
152 6411301
152 3621301
152 5611911
152 6711001
152 6711101
152 1711101
152 6723301
152 6421101
152 5711201
152 6521201
152 6721311
152 3521111
152 1621101
152 6611301
152 6611301
152 6721211
152 5711101
152 3621101
152 7621001
152 3621201
152 3422101
152 5611101
152 6711301
152 6511111
152 6411911
152 6721001
152 2721301
151 5711101
152 1721101
152 6611311
152 1721111
152 5611111
152 3421211
152 6319901
152 5711111
152 5611111
152 7621011
152 5711101
152 6721101
152 6621301
152 6323101
152 5711101
152 2721101
152 6721901
152 1721901
152 6621111
152 6411201
152 6611201
152 6621201
152 6711301
152 1721111
152 7421011
152 3721301
152 6711301
152 6511301
152 6721901
152 2721201
152 6421111
152 6611911
152 6521101
152 6711201
152 6711901
152 5711201
152 6521101
152 1711111
152 3521201
152 5611101
152 5611101
152 6221301
152 7723001
152 6721901
152 6721101
152 6711101
152 6321111
152 6721111
152 6721111
152 5612101
152 6511101
152 6321101
152 6429901
152 1411111
152 6721301
152 3721111
152 2721311
152 6621101
152 6511301
152 6621211
152 2711301
152 4321101
152 5613101
152 6711311
152 1721101
152 6411101
152 2711301
152 6621211
152 4521111
152 2611201
152 6612101
152 6721301
152 3721101
152 2711201
152 6721201
152 6723201
152 6521101
152 5511111
152 6711301
152 2711301
152 2711301
152 6621301
152 1721301
152 6721101
152 2721301
152 1511201
152 2711201
152 6621101
152 1721101
152 5611101
152 3721101
152 2721301
152 3721101
152 4521101
152 6721101
152 1711201
152 1711101
152 3721201
152 1711201
152 6621101
152 6611201
152 6621301
152 1721301
152 1721201
152 5711101
152 6721301
152 1721301
152 6421301
152 2711201
152 6521101
152 2711301
152 2711311
152 2721111
152 7521011
152 6511111
152 1611101
152 2711101
152 5611201
152 6721211
152 7421001
152 6321101
152 3621201
152 6511201
152 3621101
152 2611201
152 6421311
152 5612101
152 3623301
152 6621111
152 6721311
152 6711301
152 6721201
152 2721311
152 6621311
152 3422201
151 5611101
152 5719101
152 5711101
151 5719101
152 6611211
152 6611301
152 6621101
152 5611111
152 5711201
152 6721301
152 3421201
152 3521111
152 3521201
152 1723301
152 7721011
152 6623301
152 6619201
152 3621101
152 6711101
152 6711301
152 7721011
152 6521301
152 3521201
152 6511201
152 1621101
152 5711111
152 1621101
152 6411001
152 6511311
152 6611101
152 6521301
152 6321101
152 2711301
152 6611301
152 6611201
152 3721101
152 3621201
152 2711201
152 1611101
152 6721101
152 6611201
152 1621201
152 3729211
152 3729211
152 6321101
152 6611301
152 6511911
152 6511101
152 6611301
152 6721101
152 3521311
152 6721101
152 6711301
152 6721301
152 6711301
152 6711211
152 2721101
152 6521101
152 3629101
152 6711211
152 5611111
152 6419101
152 6521201
152 6711101
152 1621201
152 3721101
152 3521201
152 7621001
152 3621101
152 3621101
152 7621001
152 2611101
152 2611201
152 3621101
152 6621311
152 3621101
152 1611201
152 6711201
152 6521101
152 5711101
152 2711901
152 6611101
152 3721201
152 3621201
152 6711101
152 6721301
152 2721301
152 1711201
152 5711201
152 6419111
152 1721211
152 3621101
152 6721301
152 6511111
152 3521311
152 6311901
152 6311301
152 6711301
152 6721311
152 7423001
152 7521001
152 2721301
152 6711301
152 7621001
152 2711201
152 5711311
152 6511201
152 6223101
152 2721301
152 4521111
152 5611101
152 6721311
152 6723201
152 2521301
152 6711201
152 6711201
152 6611001
152 2611101
152 5611101
152 6611101
152 1611101
152 6711101
152 6721101
152 3621101
152 5711101
152 6411301
152 3721111
152 3721111
152 2711301
152 6422101
152 6721301
152 6621101
152 6512201
152 1521201
152 6611301
152 6721301
152 6721001
152 1711201
152 3321211
152 2611301
152 3721101
152 6721901
152 1711101
152 6313201
152 3521211
152 2721311
152 6711201
152 1711101
152 3721101
152 6421101
152 6611311
152 6711301
152 6513201
152 2721301
152 6611301
152 6611301
152 6611301
152 6613101
152 6711101
152 5611101
152 6412101
152 2711201
152 6623101
152 3721201
152 1721101
152 6711101
152 6711201
152 3623101
152 6721101
152 2711301
152 6621301
152 3521111
152 3421201
152 4421211
152 6721101
152 6711101
152 5512201
152 6711101
152 6611101
152 1411211
152 3522101
152 6611301
152 6621901
152 2611301
152 6621201
152 1611201
152 2621301
152 6611101
152 6711211
152 6313111
152 1619101
152 6321301
152 5711111
152 3621211
152 6721311
152 6611201
152 4721101
152 6521101
152 6711201
152 6521111
152 5711101
152 6611311
152 6211111
152 6321201
152 3721201
152 6721101
152 2621301
152 6611111
152 1619201
152 2721101
152 2721301
152 6721101
152 6721201
152 1711201
152 2721301
152 6519301
152 6721101
152 6721311
152 6711101
152 6621101
152 6721101
152 6711301
152 2711201
152 6723101
152 2711211
152 2711311
152 6711301
152 6621101
152 6621111
152 3521101
152 6313301
152 6711311
152 3621101
152 5711101
151 3421101
152 2711211
151 6511301
152 4621111
152 6611101
152 2721301
152 6621911
152 6511211
152 6711901
152 6711301
152 6721301
152 2721901
152 5619101
152 1721201
152 3421211
152 2721301
152 6411101
152 5711101
152 6711301
152 6513101
152 6721101
152 3521111
152 6411101
152 6511301
152 6721301
152 6711201
152 5619101
152 4521201
152 3621101
152 2721201
152 3321201
152 3721101
152 6611111
152 6721911
152 3421111
152 6611001
152 1711111
152 6723101
152 6723301
152 6723301
152 6611201
152 6711301
152 6611911
152 5711301
152 5611201
152 6611301
152 1711101
152 1621101
152 7721001
152 1411201
152 6721101
152 1711101
152 6721901
152 3721201
152 5711311
152 6711201
152 6321201
152 2711301
152 6611101
152 7421001
152 6511311
152 6311301
152 3621201
152 2611301
152 3621111
152 4521211
152 6713301
152 5713101
152 2711301
152 6721301
152 2711101
152 2511301
152 1721301
152 6711101
152 5711311
152 6721301
152 6721201
152 3721111
152 6711101
152 6711201
152 3721101
152 2611201
152 3721201
152 3321101
152 3421201
152 3621101
152 5611301
152 3521201
152 6721301
152 6611101
152 6711901
152 6611911
152 6711301
152 3721101
152 6721201
152 2721201
152 6711301
152 6711211
152 1713301
152 6711901
152 1721101
152 6721001
152 2711301
152 6721301
152 2711201
152 6611101
152 6711211
152 6711201
152 1611301
152 2511901
152 5711901
152 3521111
152 6721201
152 6711301
152 6621111
152 6711301
152 6711311
152 3429101
152 6721311
152 6321211
152 6611201
152 4421101
152 2711301
152 6729001
152 6621301
152 6721301
152 6711101
152 6721011
152 6611211
152 1511111
152 6621201
152 7521011
152 6521111
152 2711301
152 6711201
152 6711001
152 1721301
152 1511201
152 6721301
152 4721301
152 6411001
152 6711101
152 5611101
152 6711301
152 6711301
152 6521101
152 6611211
152 1611901
152 1511901
152 1611101
152 3621101
152 3721101
152 2721301
152 2711101
152 5611301
152 6721301
152 2721201
152 2521301
152 6621201
152 6621101
152 3621301
152 6621201
152 5611101
152 5611101
152 6721301
152 6621101
152 3621101
152 5711101
152 2721301
152 2711111
152 2721301
152 6721211
151 6621201
152 6721201
152 6611101
152 6321101
152 3621101
152 1721901
152 6721301
152 3621101
152 4621201
152 5711101
152 6621101
152 2711101
152 3621211
152 1511101
152 1611101
152 3621111
152 3421211
152 6521111
152 7621011
152 5711111
152 7721001
152 6511101
152 6621301
152 6612311
152 6711201
152 2611301
152 5611111
152 3621101
152 5611201
152 3721201
152 6421211
152 5711101
152 2621201
152 6711301
152 6711301
152 3621101
152 6611101
152 6711301
152 3321201
152 5711101
152 5711101
152 6711911
152 6721301
152 6711301
152 1711101
152 2721301
152 6721301
152 6711001
152 3521101
152 5711101
152 6521901
152 6511201
152 1521111
152 6521101
152 2721311
152 3723101
152 2711301
152 2721301
152 6721301
152 3621201
152 3521211
152 6511211
152 5711101
152 5711201
152 3621101
152 6721311
152 5711101
152 5711101
152 1711301
152 2611201
152 2611101
152 6621301
152 6711301
152 2611301
152 2611301
152 6721101
152 3521101
152 5711111
152 3321201
152 1723301
152 1621101
152 6521101
152 5611311
152 7721001
152 3621101
152 6721001
152 3621201
152 6621101
152 1311111
152 2611201
152 6421101
152 5711201
152 5511901
152 3421211
152 6721101
152 6611301
152 6711211
152 6711301
152 6711311
152 6711301
152 5711311
152 6721901
151 6621901
152 6711101
152 6711101
152 6711311
152 6511901
152 6721901
152 6611911
152 6711901
152 6721301
152 6611901
152 2611901
152 2721901
152 6721901
152 5711301