181 6721301
181 3721201
181 6721201
181 6711901
181 6721001
181 2621301
181 6721101
181 6711301
181 6721301
181 6721301
181 6721111
181 1721201
181 1721101
181 6721901
181 1721211
181 6711101
181 3721101
181 6711111
181 6721101
181 1711201
181 6711311
181 2721301
181 1321301
181 2721301
181 1721901
181 2711301
181 6711001
181 6711901
181 6721101
181 6511001
181 2722201
181 2621101
181 1721101
181 6721101
181 6721311
181 6721211
181 2522301
181 7621001
181 3721301
181 5612101
181 3621101
181 5711101
181 1721301
181 7721001
181 6211311
181 6521101
181 5711311
181 6712301
181 6511901
181 6723101
181 6611901
181 3721101
181 6611301
181 2621301
181 5711101
181 3721201
181 6321111
181 2511201
181 2721311
181 7721001
181 5711911
181 6521301
181 6621101
181 7521001
181 5711101
181 5611201
181 6721301
181 6711101
181 3721101
181 1711301
181 3721201
181 6711201
181 5511111
181 3721101
181 1611211
181 3721101
181 3621101
181 1411201
181 1711201
181 3321211
181 6711101
181 6711101
181 1721101
181 2721101
181 6611201
181 1611101
181 6711111
181 3521201
181 6621901
181 6711211
181 6711101
181 1621201
181 6111211
181 1722301
181 6511301
181 5712101
181 3721111
181 6521101
181 5712101
181 3721201
181 5711301
181 6711301
181 3722201
181 6711101
181 5711111
181 6721101
181 6711301
181 6611301
181 3421101
181 6722301
181 6611101
181 2721301
181 1622201
181 5511211
181 1721301
181 7721011
181 5711101
181 2711301
181 7521011
181 3521201
181 6611301
181 3421201
181 1621201
181 6721301
181 6611201
181 1722201
181 2712301
181 2712301
181 6411901
181 6721911
181 6721301
181 6611101
181 4521201
181 2711201
181 6721101
181 1611301
181 7721011
181 3721111
181 6611911
181 6311311
181 5611201
181 6521101
181 7521001
181 6721101
181 3521211
181 3521211
181 6611311
181 5712101
181 7521011
181 6621311
181 6611311
181 7421001
181 7721001
181 6711301
181 6721211
181 6321111
181 3421101
181 3622201
181 2511201
181 2611201
181 6711101
181 4521101
181 3521111
181 6711311
181 6311111
181 6411101
181 6311111
181 6421101
181 1721301
181 6411101
181 2721301
181 6511301
181 5711301
181 2611201
181 6711101
181 6721311
181 6712301
181 6711311
181 3721101
181 5611111
181 5511311
181 3721201
181 3721301
181 6722901
181 6711901
181 2721901
181 2721901
181 6711101
181 6711901
181 6721301
181 1711101
181 6611301
181 1721211
181 6212301
181 5611111
181 6522101
181 6521111
181 6721101
181 3721101
181 6721901
181 6611301
181 7521011
181 6712301
181 6721101
181 2721201
181 3421201
181 6721901
181 6621311
181 3521201
181 2721301
181 3721201
181 2721211
181 3521201
181 3421211
181 3421211
181 2721301
181 1721201
181 6611001
181 1721301
181 1721301
181 5713101
181 6621101
181 1511201
181 6611901
181 3621211
181 1611201
181 3321901
181 1711201
181 6711001
181 4321111
181 6721311
181 2621101
181 5611101
181 1711201
181 3721201
181 1711111
181 1711201
181 6721101
181 2711301
181 6612101
181 3721201
181 5511101
181 6711201
181 6711301
181 6711301
181 6721211
181 2722301
181 6511111
181 6511311
181 3521111
181 1521311
181 3723101
181 1621201
181 4721911
181 5711901
181 1619101
181 1619101
181 7721011
181 6721311
181 5711111
181 6721301
181 6721901
181 3429111
181 3721201
181 6721101
181 3721101
181 1311211
181 6621901
181 4321211
181 6722201
181 6411301
181 6511211
181 6311111
181 6611311
181 6721201
181 6421101
181 6721301
181 6611101
181 5611101
181 6712101
181 6711101
181 6321111
181 6311311
181 6711001
181 6421101
181 6511301
181 5711101
181 5611101
181 6711001
181 6521301
181 2721101
181 1711101
181 6511211
181 1721111
181 6722301
181 6711101
181 6711901
181 2523101
181 1621301
181 6221311
181 3522101
181 2611101
181 3721101
181 2721301
181 5611111
181 5611901
181 3721101
181 3721301
181 6721311
181 6711001
181 6711211
181 2721301
181 6621301
181 2722301
181 7523001
181 3521201
181 3721901
181 6619101
182 2721201
181 6421311
181 3722101
182 6721101
182 2711301
182 6721201
182 6712301
181 6711101
182 6612101
182 6521011
182 6521211
182 6611311
182 3421111
182 6511311
182 6521101
182 2721301
182 2712201
182 6111911
182 6211311
182 2711301
182 6721201
182 5711101
182 6711001
182 3621101
182 1721201
182 1721211
182 5611111
182 5711111
182 6711301
182 6711301
182 6721101
182 3721101
181 1621301
182 2711301
182 2711301
182 6721301
182 6722901
182 5711101
182 2722201
182 6511211
182 2721201
182 3721111
182 6321311
182 4521111
182 2721301
182 6321111
182 6711101
182 6721901
182 6421201
182 6611211
182 6621301
182 6211301
182 6521111
182 5711101
181 6611301
182 6611311
182 6611201
181 6521111
182 2711301
182 5611101
182 6711101
182 6521311
182 1711111
182 6313101
182 2421311
181 5619901
181 6721301
182 6621201
182 3621201
182 3521111
182 6721301
182 6423101
182 2521301
182 1721911
182 2621301
182 6721111
182 2711201
182 5711301
182 6621901
182 3522101
182 6711101
182 1411311
182 6711201
182 6521201
182 2711311
182 2623211
182 2721301
182 5511111
182 1511111
182 6711311
182 6711001
182 6522101
182 6311101
182 1712201
182 3521211
182 6511111
182 6621201
182 2711301
182 5711301
181 6711911
182 6711311
182 5712101
182 5611201
182 5712101
181 5711301
182 6511101
182 6721301
182 6621111
182 6321311
182 6111101
182 1721101
182 1521201
182 7521011
182 1711201
182 5711101
182 3621201
182 5711101
182 1721211
182 1721111
182 5711111
182 1721101
182 6722101
182 2722901
182 6621111
182 1523301
182 6611311
182 6711201
182 5611101
182 3521101
182 3721101
182 6611001
182 1321101
182 5711301
182 6721311
182 3421211
182 6721111
182 6711001
182 6711211
182 5712101
182 5611111
182 3721101
182 6721911
182 6621201
182 6722301
182 6621211
182 3421101
182 6621111
182 3621111
182 3521101
182 6729101
182 6421301
182 6521301
182 4621201
182 1621201
182 1621101
182 6721201
182 5611101
182 3621211
182 2711301
182 6721101
182 6111111
182 7521001
182 6611201
182 5711301
182 6711911
182 6711101
182 2722301
182 5719211
182 3521101
182 6711301
182 2721301
182 1511311
181 6722201
182 6611911
182 6721301
182 7421001
182 1711201
182 6712101
182 6711201
182 6711311
182 1711201
182 6711001
182 1721211
182 6622301
182 6722301
182 1711301
182 2521311
182 6611301
182 3521301
182 6611201
182 6621001
182 6521211
182 6721901
182 1611111
182 1522301
182 6522101
182 6721101
181 2711901
182 3721101
182 5511101
182 1721201
182 6711201
182 6712101
182 2712201
182 6721301
182 6621111
182 3721211
182 2712201
182 6721301
182 6521111
182 2721301
182 2721311
182 6411301
182 6721201
182 6711001
182 6621101
182 1621111
182 6721101
182 6711101
182 6721111
182 2721301
182 6721301
182 6711101
182 6721211
182 6713301
182 1721201
182 6621301
182 1621311
182 7621011
182 3621211
182 6722301
182 3621111
182 6622101
182 1712101
182 6721201
182 5711301
182 2711301
182 1711201
182 6611301
182 1722101
182 6721211
182 6711311
181 6721301
182 2711301
182 6721301
182 1721201
182 1621101
182 6621311
182 6721301
182 6721901
182 5511111
182 1611111
182 6611111
182 6721001
182 6721201
182 2711211
182 6511311
182 2712901
182 2721301
182 5712101
182 6621311
182 3721101
182 6311111
182 6721311
182 5611201
182 3321201
182 1611101
182 6621311
182 5719101
182 6419201
182 6611311
182 6611311
182 6611111
182 3721211
182 6421111
182 2711101
182 1711311
182 2721901
182 6521111
182 6621201
182 7622001
182 3421211
182 6721111
182 6611301
182 2611301
182 2512301
182 6311301
182 6611111
182 2711301
182 1721301
182 6722101
182 6511101
182 5711111
182 3721301
182 1719101
182 2721301
182 3721201
182 6421901
182 6321111
182 6711201
182 6611901
182 5711101
182 2713301
182 6611301
182 3321211
182 3321311
182 6721201
182 6311101
182 3721211
182 1721201
182 6712001
182 3721111
182 3721211
182 6621901
182 1711211
182 2711201
182 6321211
182 3423101
182 3423101
182 2611301
182 6611201
182 6711301
182 6711311
181 5711901
182 3722301
182 2611301
182 2711201
181 6321911