191 3722101
191 6511111
191 3721101
191 1721301
191 1421201
191 6321901
191 5711301
191 6521111
191 3721211
191 6721201
191 6321111
191 6721311
191 7621001
191 6711211
191 3721111
191 6721111
191 3721301
191 2711201
191 2711201
191 6711101
191 5711101
191 1619111
191 6613901
191 6611301
191 6611301
191 2613301
191 2721201
191 2721111
191 6321111
191 2611311
191 5711101
191 1523201
191 6721301
191 1721301
191 1721101
191 2721301
191 3721301
191 6721001
191 1722101
191 1721101
191 1711301
191 5611101
191 6221201
191 6621111
191 6311111
191 5711201
191 6711101
191 1721201
191 1721311
191 6721101
191 6611101
191 6721301
191 5611201
191 1511111
191 6611311
191 2711101
191 1721101
191 6621101
191 1621111
191 3621211
191 6721901
191 3723101
191 7521001
191 5711111
191 2721101
191 2721101
191 1611101
191 6611301
191 5711111
191 2711301
191 1721301
191 5711101
191 1622111
191 2711301
191 3621201
191 4521211
191 2711311
191 6621301
191 6711201
191 3721101
191 6711301
191 5711301
191 6711211
191 6711311
191 6711301
191 6621311
191 6411211
191 6711911
191 6611201
191 6711101
191 3723201
191 3721101
191 2711301
191 6611201
191 1611201
191 2711311
191 6511111
191 6511201
191 6321111
191 6311201
191 6721101
191 6521101
191 2611301
191 1713101
191 6721201
191 3421211
191 5611211
191 6511311
191 6421311
191 5612111
191 2721111
191 1721111
191 6621211
191 1519301
191 6521311
191 3521211
191 3729111
191 6711201
191 6722301
191 2711201
191 3423101
191 6621311
191 2711211
191 6711211
191 5711111
191 6221311
191 6221311
191 6721901
191 7521001
191 7521001
191 6411311
191 6511101
191 6711101
191 3521101
191 6511311
191 1721301
191 6221101
191 6411111
191 6111311
191 3521111
191 1721301
191 6721101
191 3721111
191 2711201
191 3621201
191 6729301
191 7621011
191 6621101
191 6711101
191 6311101
191 3621111
191 6421111
191 5511201
191 3421211
191 2711201
191 2711101
191 2711901
191 5711101
191 6711211
191 6711311
191 2721201
191 5611301
191 6521311
191 6511301
191 2311301
191 3621201
191 6721101
191 1611111
191 6311311
191 2713301
191 1421111
191 3721101
191 5711101
191 1621211
191 6621111
191 3721101
191 6711201
191 3722111
191 1711301
191 1611101
191 6319111
191 5612101
191 2711301
191 2711101
191 3722301
191 5711111
191 1712201
191 6511111
191 6411111
191 3521311
191 2721301
191 6711301
191 2721111
191 6721101
191 1711101
191 6511211
191 6221211
191 6611211
191 3421211
191 6721101
191 2521311
191 6719201
191 6511301
191 1711301
191 2711211
191 5611101
191 6711111
191 2621301
191 4721301
191 1721101
191 3621901
191 2711211
191 2712301
191 2711201
191 1621311
191 6711211
191 1721101
191 3621111
191 6311111
191 6311111
191 6712101
191 2421301
191 2711901
191 6721001
191 6111111
191 6221311
191 6523101
191 5711101
191 3621211
191 6311301
191 2711901
191 5711101
191 5611101
191 5711111
191 6711901
191 6711901
191 6721311
191 6311001
191 5711101
191 5611111
191 5711111
191 1711111
191 6521211
191 5711111
191 5611111
191 6611901
191 1711301
191 6521311
191 5611901
191 3521111
191 3721901
191 7721011
191 5711101
191 6611211
191 3421111
191 6611201
191 6111111
191 3621101
191 6311101
191 6711101
191 2511301
191 1721111
191 4421211
191 2621301
191 6621101
191 2721301
191 2611101
191 2721911
191 6711901
191 5711901
191 6521201
191 6711301
191 1621101
191 3521201
191 3721101
191 3721201
191 5711111
191 6521111
191 3721211
191 5711101
191 6711001
191 3721111
191 5511111
191 3321111
191 6621111
191 2711301
191 1721211
191 6311311
191 2311911
191 6521111
191 3421311
191 6721111
191 6711301
191 6321111
191 2512301
191 6621111
191 6511201
191 6621211
191 6621211
191 5611101
191 6721201
191 7621011
191 6511301
191 6521201
191 5711101
191 6712301
191 2621311
191 5611101
191 7721011
191 6621311
191 6411101
191 5511111
191 6721111
191 1711201
191 6611911
191 6721301
191 3721211
191 6721301
191 6721101
191 1311211
191 6513201
191 6511301
191 6621901
191 5711111
191 6511111
191 6711111
191 1721101
191 1711111
191 3621211
191 6611311
191 6712101
191 6712101
191 3621201
191 6621311
191 6711901
191 6611101
191 5711201
191 3623201
191 6721111
191 4421201
191 6321211
191 6721301
191 1729111
191 2711301
191 5711101
191 1711101
191 5711101
191 6611001
191 2612301
191 6311211
191 7721001
191 1411311
191 1711301
191 6611111
191 1711101
191 2311211
191 6511111
191 6623101
191 5711111
191 6521101
191 2721101
191 6621901
191 6721901
191 2511901
191 6711101
191 3621111
191 3421211
191 6721301
191 2711301
191 2711301
191 6721101
191 6711311
191 1421211
191 1611111
191 1611101
191 6611211
191 6311111
191 2711311
191 6711901
191 2711301
191 4421111
191 2711111
191 1611111
191 6711211
191 6521111
191 6711001
191 6721301
191 5511101
191 6511901
191 3621101
191 2511311
191 6429111
191 5511211
191 2621211
191 6521111
191 4421211
191 6621111
191 3629211
191 6711301
191 5611111
191 2521301
191 5613101
191 6511201
191 3621101
191 2711201
191 5711111
191 6421111
191 6511111
191 5711111
191 4421201
191 2721311
191 6721301
191 3721201
191 5519911
191 5711901
191 7621011
191 6522301
191 1711201
191 6321201
191 2722301
191 6721101
191 6421311
191 6521311
191 6723901
191 3722901
191 2711901
191 2711901
191 3521211
191 6521111
191 6711301
191 6521101
191 5611101
191 6311311
191 6521301
191 6521911
191 6711311
191 6721101
191 2511201
191 1711101
191 6721111
191 2622301
191 3521111
191 6511211
191 6721101
191 6621101
191 1721911
191 6612901
191 5711101
191 3721101
191 6611001
191 4521111
191 6711011
191 3621201
191 6411311
191 7521011
191 6611201
191 6421111
191 3521111
191 6411311
191 3522101
191 6711311
191 2611201
191 6711311
191 1721211
191 2721301
191 3621301
191 6721111
191 6421311
191 1422111
191 3421211
191 6611301
191 3621111
191 2611301
191 1511311
191 3521111
191 7521011
191 3521101
191 3623101
191 6521111
191 2611101
191 6711201
191 3421211
191 7421011
191 1721111
191 1721311
191 5612101
191 5711111
191 6711311
191 6511111
191 6611101
191 6711201
191 1711201
191 6621101
191 6711901
191 3429201
191 6721301
191 1721901
191 3423201
191 6621101
191 5711101
191 6711901
191 1511101
191 1511911
191 7721011
191 3721101
191 6721311
191 6621211
191 1713301
191 2721101
191 6611301
191 5711101
191 5611101
191 1511201
191 5511301
191 6412901
191 6611301
191 3421111
191 2712301
191 3421311
191 3721101
191 1711101
191 1721101
191 5711101
191 3621201
191 3721101
191 6411111
191 3621101
191 6721901
191 6721111
191 2511201
191 6611111
191 4521311
191 6521301
191 2511301
191 1721201
191 6711301
191 2711201
191 3521101
191 1411111
191 6321111
191 6611101
191 6721201
191 6721201
191 6511111
191 5711101
191 5713101
191 6721911
191 3321311
191 1711911
191 6621311
191 5712101
191 3523201
191 3721201
191 3521211
191 1621111
191 6421311
191 2721311
191 3621201
191 6611101
191 6521111
191 6711211
191 6622301
191 6711301
191 6711201
191 6711111
191 3621201
191 2711201
191 3521111
191 2421311
191 1711201
191 6521111
191 6521311
191 6521311
191 4521211
191 1521111
191 2711301
191 6321311
191 2721311
191 1721111
191 5611111
191 6711301
191 4621211
191 1711111
191 6521311
191 6711301
191 3322101
191 3721101
191 4521201
191 3621211
191 3521201
191 6721201
191 2711201
191 1721901
191 6312101
191 2721311
191 6711211
191 2611301
191 6621311
191 5712101
191 6421311
191 6713101
191 6611111
191 1611111
191 6313101
191 3521201
191 4421201
191 6622101
191 6711211
191 6211211
191 5711111
191 3421211
191 6621201
191 3621211
191 5611111
191 2721301
191 3721111
191 5711111
191 3721901
191 1722901
191 5711901
191 6721901
191 1621211
191 1711301
191 3421211
191 6621201
191 4521101
191 5711111
191 2711301
191 6721201
191 6711301
191 4721211
191 5712311
191 6621311
191 7521011
191 2721311
191 2711311
191 1711311
191 3521111
191 6721911
191 6311111
191 6411911
191 6411311
191 6411301
191 6711211
191 3521111
191 6521311
191 6412301
191 5711101
191 5711111
191 6711911
191 6321111
191 1411111
191 6611111
191 6611301
191 6521111
191 6711911
191 6521111
191 6421211
191 6521311
191 5711111
191 6721111
191 1711101
191 6711301
191 2711301
191 2721301
191 6721901
191 1711301
191 5711111
191 5611111
191 2711311
191 1721111
191 6711301
191 6521111
191 2721301
191 6721901
191 6721201
191 6712901
191 5711111
191 2711301
191 5619111
191 3421111
191 4521911
191 1611211
191 6521201
191 6721101
191 6721101
191 6711901
191 5711901
191 6711101
191 4421101
191 2721301
191 5511111
191 5611111
191 6721201
191 2721301
191 1711901
191 1711101
191 2711201
191 6721101
191 2321311
191 6611901
191 2721201
191 3621301
191 3721201
191 2511311
191 6621311
191 1711301
191 6621301
191 2611101
191 7523001
191 7721001
191 6511101
191 2611101
191 6621101
191 1711101
191 6711201
191 3521111
191 6723101
191 2722101
191 2612301
191 1711211
191 6321211
191 6612101
191 6221311
191 4521101
191 6529101
191 1721101
191 1721201
191 3521211
191 6711211
191 6712901
191 6311211
191 3721101
191 6621901
191 6711901
191 3721101
191 3721301
191 6611111
191 3421101
191 6711001
191 2711301
191 1421111
191 3621111
191 6511211
191 2721211
191 6521101
191 3521211
191 6311901
191 6721201
191 6621301
191 3721201
191 6721101
191 2711201
191 2611101
191 5711111
191 5711101
191 6611111
191 3621201
191 4621211
191 5711111
191 1623201
191 3621111
191 6711301
191 3721101
191 1711101
191 6721201
191 6611301
191 5711901
191 1729111
191 6721301
191 1721201
191 1721101
191 1721201
191 6211111
191 5711101
191 1721101
191 1521311
191 6511311
191 6521111
191 6721301
191 6621101
191 6411111
191 6511101
191 2621301
191 6722301
191 6421111
191 5711111
191 6321111
191 6521201
191 6411311
191 1611111
191 4529111
191 6711101
191 6711301
191 6621101
191 6721111
191 6711101
191 6721001
191 2721201
191 6622101
191 6521211
191 1711211
191 2721211
191 2621311
191 6721111
191 3621101
191 5611111
191 2711301
191 6621911
191 6521111
191 6721911
191 6311311
191 6511111
191 1711211
191 6711301
191 6421111
191 5611201
191 6711211
191 2611301
191 5711101
191 2721301
191 1721111
191 1611211
191 3723101
191 4521111
191 3521101
191 1711111
191 5711101
191 2622301
191 6721111
191 2711301
191 6711001
191 6611101
191 6621301
191 2611201
191 6712301
191 1521111
191 1721201
191 7521011
191 7421011
191 6311111
191 1711201
191 3421111
191 6421111
191 3521101
191 5711111
191 6721911
191 2721301
191 4421111
191 2722301
191 6711301
191 6511301
191 3621101
191 6321301
191 6411211
191 6621201
191 6722901
191 1721211
191 6321311
191 4621201
191 6411111
191 6311111
191 6421911
191 6721901
191 2611901
191 6511901
191 6721911
191 2711901
191 6411301
191 5611211
191 2711211
191 6621111
191 6329211
191 5611101
191 6621901
191 6621301
191 4521101
191 6711211
191 3721111
191 2711311
191 6421111
191 6511111
191 1521211
191 4621311
191 1711211
191 5711111
191 2711201
191 6621311
191 1511311
191 6611111
191 6411311
191 1511211
191 6421311
191 6521101
191 1711201
191 6721301
191 6721101
191 5512101
191 3721101
191 5712101
191 6511111
191 6721301
191 6721301
191 2711301
191 2623101
191 6423201
191 3521211
191 1621301
191 6511211
191 6711311
191 1711101
191 3721111
191 3721201
191 5711111
191 1311311
191 5611211
191 4321111
191 6511111
191 6321111
191 5611111
191 3523101
191 6721311
191 6311311
191 7621011
191 5711111
191 6711301
191 3421311
191 6421111
191 6321111
191 6511111
191 3421211
191 6711301
191 6421211
191 6721201
191 6621301
191 7721001
191 3621111
191 3622101
191 6711201
191 3521211
191 6311111
191 6521101
191 6611901
191 6321111
191 3521301
191 3621111
191 6611301
191 6512201
191 6611101
191 2711211
191 5611111
191 6621201
191 6721101
191 2621201
191 6511101
191 6521211
191 3521301
191 6711211
191 6523101
191 7321001
191 6413311
191 1411201
191 6621901
191 1612201
191 3421301
191 1711301
191 5511101
191 6311911
191 6711311
191 3421911
191 6421011
191 3721111
191 6711201
191 6721211
191 6721101
191 1722201
191 3521211
191 5711111
191 6721211
191 6721211
191 6621111
191 6421311
191 6511111
191 6621311
191 5711111
191 3421111
191 5611111
191 5511111
191 6711111
191 3521111
191 6721311
191 6711901
191 1721201
191 3721201
191 6623201
191 6621101
191 6721211
191 6711101
191 6411101
191 3522201
191 3729111
191 6721201
191 1713301
191 3429111
191 5611111
191 3721901
191 6321211
191 3421211
191 6321311
191 1722101
191 3621311
191 6421301
191 6711911
191 6311111
191 2721201
191 5611101
191 3721201
191 3522201
191 3522101
191 6521111
191 5511111
191 6329101
191 6721901
191 6421111
191 5713101
191 6211311
191 3721111
191 6711211
191 2611211
191 6711001
191 6721201
191 2721301
191 4423111
191 3721201
191 5719111
191 5611111
191 5511101
191 2611201
191 3721101
191 2711201
191 1711301
191 6611301
191 6711211
191 2721201
191 1611111
191 6611211
191 6621301
191 2711301
191 6621311
191 6421201
191 5711101
191 5711111
191 2711301
191 3721111
191 1711101
191 1613101
191 1611111
191 6711301
191 6721301
191 2721301
191 6711911
191 6721901
191 2711301
191 3521311
191 6711101
191 1711211
191 2722301
191 6721911
191 6721901
191 5711901
191 6421111
191 5612111
191 5619111
191 6721101
192 6711201
192 6511911
192 6721311
192 5611111
192 2621301
191 6711111
192 6721101
191 3721101
192 2721201
192 1711901
192 6721201
192 1621201
192 2721301
191 6522301
192 6621111
191 5611101
191 5611111
192 6721311
192 6521111
192 2711311
192 5711111
192 5611311
192 6721201
192 6711201
192 1721301
192 5619111
192 6421101
192 6621311
192 5711101
191 2711301
191 6711301
191 6711201
191 6611311
192 6611311
192 6621911
192 6311111
191 3621301
192 3721101
192 3621211
192 6721311
192 6611001
192 3521311
191 3623201
192 3721101
192 3721201
192 7721011
192 3321111
192 6411311
191 5619101
192 6621201
192 2711301
192 6711311
192 6521301
192 3721111
192 2711311
191 6511301
192 6721211
192 2722301
192 6721101
192 5611201
192 2621301
192 1611111
192 2521201
192 2711301
192 4421211
192 6721311
192 6721311
192 6611111
192 2711301
192 6521101
192 1511111
192 1711301
192 5712101
191 6221311
192 6721201
192 2721301
192 1522201
192 3421211
192 3721101
192 1711201
191 5611101
192 3421111
192 3521111
192 6411111
192 6521111
192 7521001
192 3521101
192 6711001
192 5711101
192 5511111
191 6621101
192 2611301
192 3521101
192 1621101
192 6621101
192 2721301
191 6321111
192 6721111
192 6611211
192 6621911
192 2711211
192 3521111
192 5711211
192 6521311
192 2511201
192 5711111
192 5611111
192 6421111
192 7721011
192 6711111
192 6721311
192 3721201
192 1711311
192 6512201
191 6521911
192 3721111
192 6419111
192 2611301
192 6411111
192 2711211
192 5712101
192 6211311
192 6211111
192 6321111
192 3521211
192 3421211
192 7621011
192 1711101
192 6722101
191 6421211
192 7721011
192 1419201
192 1521211
192 6521901
192 6511211
192 3721201
192 2611211
192 1711201
192 6721301
192 6711311
192 5711901
192 3721301
192 2721201
192 2711301
192 1611111
192 6721211
192 6721301
192 2711311
192 6723201
192 5511111
192 3421211
192 3722201
192 3421111
192 3721211
192 6721111
192 6721111
192 7421011
192 3529211
192 6721311
192 6711311
191 3721201
192 3621101
192 6721111
192 6621111
191 6721911
192 3621311
192 3621111
192 6711911
191 6721111
191 6711911
192 6423211
191 1611301
192 6311211
192 6511311
192 6411111
192 5711301
192 6721901
192 1611301
192 2611301
192 2721211
192 5611101
192 3421101
192 6711301
192 6722201
192 6711201
192 1721201
192 6621211
192 5711111
192 5711101
192 6621311
192 5512101
192 6611311
192 5612111
192 6711111
192 6721111
192 3521111
192 1621111
192 6511111
192 6721311
192 6621301
192 6611301
192 6711101
192 6721111
192 6511201
192 6221211
191 5511101
192 1521311
192 6611301
192 6511101
192 2711201
192 6711101
192 1721111
192 5711301
192 3721101
192 5611101
192 6611101
191 3421311
192 6721101
192 3423201
192 3423101
192 1322101
192 6721211
192 6321211
192 6711301
192 6321211
192 7622001
192 3622101
192 2711311
192 6612301
192 2512301
192 3521211
192 2711201
191 6721301
192 5611311
192 6721311
192 1719101
192 6721301
192 3621101
192 5711111
192 6521311
192 6621111
192 6711111
192 6711201
192 6721311
192 6521111
192 6721211
192 3721201
192 6421111
192 6511211
192 6613201
192 6511311
192 6713301
192 6521111
192 6721311
192 1711101
192 1621201
192 6721101
192 6413311
192 6411111
192 1621311
192 1721201
192 3521111
192 3721111
191 6721901
192 6729311
192 5611201
192 6711911
192 1623301
191 6721301
191 6621901
192 2521211
192 1629201
192 1629901
192 5511111
192 3721111
192 6711211
192 3421211
192 6611111
192 6713201
192 6611311
192 6319311
191 6711301
192 2711301
192 2711311
192 1721201
192 6711911
192 1612301
192 6611211
192 6711101
192 6311211
192 3721901
192 6711201
192 6721301
192 6721311
192 6621211
192 6611911
192 3521111
192 6621101
192 6611101
192 6512101
192 5611201
192 2619201
192 6711211
192 6711101
192 6611101
192 6611111
192 3521111
192 6711111
192 5711201
192 4321101
192 3521111
192 3721201
192 3521111
192 6712201
192 6321101
192 6721211
192 6721301
192 6521311
192 1721211
192 6711111
192 6711311
192 6711101
192 1711311
192 6521111
192 1721111
192 5711111
192 1611311
192 1521311
192 6711101
192 3621111
192 6629101
192 3721201
192 6711211
191 5711301
192 6721101
192 5711101
192 6721311
192 6711301
192 5511101
192 6611001
192 3522201
192 3521111
192 3721211
192 5711111
192 1721211
192 6721311
192 1723201
192 6511311
192 3621111
192 7521011
192 1711111
192 6711111
192 1521211
192 5711111
192 3522101
192 6711201
192 6721101
192 6611301
192 6111311
192 2721301
192 3521211
192 5711101
192 1711211
192 2711201
192 6521111
192 6521311
192 6613901
192 6611301
192 6621111
192 6721111
192 6611311
192 6521311
192 7621011
192 3721211
192 6711211
192 5711101
192 6513201
192 6621111
192 2721211
192 1621111
192 6521111
192 6621101
192 6621301
192 2611301
192 3721301
192 5611111
192 6721201
192 2721301
192 6519311
192 6611301
192 6411111
192 6721201
191 5711901
192 6611101
192 6611211
192 5711901
192 5611301
192 2511311
192 6611201
192 1511111
192 3621111
192 2711101
192 3721201
192 6711101
192 3621211
192 3721101
192 3522201
192 3621301
192 6711211
192 2713301
192 3621111
192 6611111
191 5711111
192 4521301
192 6621311
192 6711111
192 6511211
192 4721201
192 2721301
192 3621301
192 1721211
192 2611201
192 6711301
192 6721201
192 6721911
192 5711111
192 6512301
192 3721101
192 6711901
192 6511111
192 6321111
192 6521111
192 6729111
192 6319111
192 3521111
192 7521001
192 6321311
192 1611101
192 5611111
192 6611101
192 6711111
192 6721901
191 6621301
192 6711301
192 2721301
192 6121311
192 3721211
192 6721301
192 6621211
192 3521101
192 2613301
192 2621211
192 6411111
192 6611311
192 6611111
192 6621311
192 6711211
192 6421111
192 5611111
192 6511301
192 6121211
192 2711301
192 6611211
192 6521211
192 6611301
192 3421311
192 6721901
192 2711911
192 2721911
192 2611911
192 5611111
192 6521111
192 6722201
192 6723101
192 5711101
192 5711901
192 6221211
192 2711201
192 2611301
192 5511101
192 6721101
192 5711101
192 6721201
192 5512101
192 6711001
192 1721111
192 6621211
192 1611211
192 3621211
192 7521001
192 3521101
192 6711111
192 6312101
192 6621111
192 6521111
192 5511111
192 6721201
192 6711201
192 2511301
192 5711111
192 6711911
192 6411311
192 2611201
192 6311311
192 6721311
192 6621311
192 1611301
192 1721211
192 6621311
192 6621211
192 5711111
192 1621111
192 1621111
192 6721311
192 6611311
192 6611111
192 6511301
192 6611111
192 7421011
192 2711111
192 5711101
192 5612111
192 5711111
192 2711111
192 1721111
192 1621111
192 6621311
192 6412201
192 6521301
192 6111311
192 1511111
192 6721211
192 3721111
192 2711201
192 3721101
192 6722301
192 6721301
192 6311311
192 6521101
192 5611111
192 5611211
192 6511301
192 3721201
192 6511111
192 1511201
192 6622201
192 5611301
192 4521211
192 6411311
192 1611201
192 6511311
192 6411111
192 6621101
192 1721111
192 6521111
192 1413211
192 6611201
192 6711101
192 6711311
192 5611111
192 2511311
192 6711311
192 6721201
192 6721101
192 5711101
192 6311211
192 6321111
192 1721111
192 7721001
192 3621111
192 6511211
192 5612101
192 3621201
192 6529111
192 3621111
192 2621301
192 6521311
192 6511311
192 6621101
192 6619311
192 5711111
192 1321111
192 4321211
192 6729901
192 6712101
192 6521111
192 6511901
192 6711101
192 6711301
192 6511211
192 5711211
192 6711301
192 7621001
192 3621211
192 6721211
192 6721201
192 6711101
192 4521111
192 3621211
192 2711301
192 5611911
192 1521201
192 7721011
192 5711101
192 6711211
191 6711311
192 6711311
192 3621901
192 6712301
192 6711101
192 1721201
192 6711111
192 1521111
192 6611901
192 6611311
192 3721301
192 3721311
192 6711311
192 6721901
192 7521011
192 1611301
192 6721311
192 3623301
192 5611111
192 6621111
192 6621111
192 3621211
192 1411211
192 6421211
192 6711311
192 3621111
192 6721301
192 3629101
192 3621201
192 6721101
192 6511111
192 1721211
192 5711911
192 6613201
192 6421111
192 6611211
192 6621211
192 7521011
192 5711111
192 3621301
192 3421211
192 1511311
192 6521101
192 1721211
192 6511211
192 6321311
192 6711201
192 6711001
192 2711301
192 6721901
192 5711111
192 1711311
192 6713301
192 5711311
192 6421311
192 6521111
192 1611311
192 6711311
192 1721111
192 5711101
192 5611111
192 6423101
192 3521101
192 1623201
192 3721111
192 6722301
192 6721001
192 2611201
192 6321211
192 6621111
192 6521111
192 5611111
192 3521211
192 2721311
192 6611111
192 3321211
192 6721201
192 6722201
192 6711211
192 3721101
192 6311211
192 3721211
192 2712301
192 6711201
192 2721301
192 6621111
192 3621211
192 1521201
192 6611211
192 4421111
192 3721111
192 5711111
192 6721211
192 6711211
192 1621101
192 3621111
192 5611211
192 6421211
192 1721101
192 6721201
192 2721101
192 2711101
192 3521111
192 6611201
192 6713311
192 2711911
192 3621901
192 1421111
192 6711101
192 3621201
192 5611111
192 6713301
192 7529001
192 6611101
192 6521301
192 3621101
192 5611101
192 6721101
192 6721211
192 6711901
192 6211311
192 6521111
192 6411111
192 2722301
192 2611311
192 6721101
192 6421211
192 2711301
192 6723101
192 5711111
192 1511211
192 6621311
192 6521111
192 4621111
192 7621011
192 6521111
192 7521011
192 6521111
192 3721201
192 1721111
192 2721101
192 6221311
192 6711111
192 3421111
192 6721311
192 3721211
192 3422101
192 6521311
192 6521311
192 6611311
192 6711311
192 6711111
192 3621111
192 6321311
192 6511311
192 5711111
192 5711111
192 6511111
192 6311311
192 6721211
192 6713301
192 6523301
192 5411211
192 6321211
192 6629911
192 6311211
192 6711301
192 2611301
192 2521311
192 5711201
192 6721311
192 6311311
192 6721901
192 1729111
192 6523201
192 6523101
192 6711001
192 6711001
192 6521311
192 6621901
192 7629011
192 1721211
192 5711301
192 3521101
192 2611201
192 6511311
192 4321211
192 6721101
192 6721311
192 3521211
192 6711111
192 6621211
192 6621211
192 6311111
192 1611111
192 2621101
192 2711111
192 6721301
192 5612301
192 6721901
192 6321211
192 3421211
192 1711101
192 6613101
192 6521211
192 6711311
192 3721101
192 3721101
192 6621311
192 6711311
192 2621911
192 2721301
192 7721011
192 5711101
192 5719101
191 5711101
192 6421211
192 3621111
192 5611101
192 3721201
192 2521311
192 6611101
192 1611111
192 3721211
192 6522301
192 4321311
192 6111311
192 5713101
192 6611311
192 6321301
192 6311111
192 6711201
192 3422311
192 6311911
192 6711111
192 5611211
192 6411211
192 3621111
192 6711001
192 6221101
192 6311111
192 6721111
192 6311111
192 2711311
192 6721301
192 1619311
192 6511301
192 6611201
192 6722101
192 6511311
192 3621111
192 6711111
192 2611301
192 6511301
192 5711911
192 6421311
192 6321211
192 2711311
192 2411311
192 3621101
192 6611111
192 5711111
192 5711111
192 6621111
192 6411101
192 6721111
192 7423001
192 6521111
192 1711101
192 2612301
192 5711201
192 5711301
192 2721201
192 2711311
192 6711201
192 1721301
192 1611201
192 2721201
192 6721101
192 6711101
192 3521301
192 3521301
192 5611301
192 6611111
192 2621201
192 5612301
192 3521111
192 7622001
192 6711301
192 6713101
192 2721301
192 6711101
192 5711901
192 6511311
192 1721211
192 2711311
192 2721211
192 2721211
192 6721301
192 6711001
192 3621211
192 1521111
191 6721211
192 6721111
192 6621101
192 6411911
192 6511311
192 6511111
192 6611311
192 6621111
192 4521101
192 6411201
192 6611301
192 6711301
192 6711311
192 6611111
192 6711111
192 5611111
192 6721101
192 6411211
192 6721211
192 6621111
192 6521111
192 5711111
192 6311111
192 6611111
192 5711301
192 2711311
192 5612301
192 6721201
192 6221111
192 6721911
192 3721211
192 6611111
192 6711201
192 6411011
191 6611101
192 2521111
192 6411111
192 3521111
192 1512201
192 6711101
192 4621101
192 2511901
192 6621211
192 3721111
192 1711211
192 6721311
192 6721301
192 6711901
192 6612301
192 5712101
192 2711311
192 6623101
192 6711101
192 5711211
192 6211111
192 6421111
192 1611111
192 2722301
192 2711201
192 6429101
192 6721201
192 6711301
192 5611111
192 6711301
192 5712101
192 3721211
192 6721101
192 7521011
192 1521111
192 6722101
192 6711111
192 3421211
192 2711101
192 6711101
192 6511311
192 6721111
192 7621011
192 3621111
192 3623201
192 3621111
192 6311111
192 3721101
192 3621211
192 6711201
192 6721111
192 1511201
192 6611201
192 6621101
192 6721911
192 6521111
192 6511011
192 6621101
192 6721211
192 6721301
192 6421111
192 6611311
192 6421311
192 6611301
192 6611201
192 6711301
192 6111211
192 6221311
192 1511111
192 6711111
192 6711114
192 6721111
192 1511111
192 7621001
192 1621301
192 6711011
192 3521211
192 6721201
192 6721901
192 2721311
192 2711311
192 2721301
192 6511111
192 3521111
192 3721101
192 6511111
192 2721311
192 6521111
192 2711111
192 2721311
192 2711311
192 6711211
192 5719111
192 6721111
191 5511311
192 1611301
192 5611111
192 5711111
192 6721111
192 6712001
192 5611111
192 3621211
192 6611201
192 6411211
192 4421211
192 6611101
192 6621301
192 6311201
192 6621211
192 6611311
192 6421211
192 6711911
192 3521111
192 6421101
192 6711311
192 6621111
192 1621211
192 5611111
192 6211311
192 6311311
192 6211311
192 6111111
192 3721101
192 5611111
192 6711901
192 6721211
192 3621111
192 3421211
192 6521211
192 2711201
192 5611301
192 6711301
192 6521311
192 1521111
192 1521111
192 3521211
192 6721301
192 6711201
192 6511101
192 3621101
192 6711301
192 2721201
192 6611301
192 6711211
192 2621201
192 6621311
192 6521111
192 6511111
192 6521201
192 6621301
192 6711311
192 7621001
192 3521111
192 5611111
192 7521011
192 6713201
192 3721111
192 6411111
192 6711101
192 6711211
192 1721111
192 4621301
192 6721111
192 6712201
192 1529911
192 6721311
192 6622301
192 6721301
192 6711201
192 2721311
192 6711901
192 2611301
192 5711111
192 6611311
192 6721311
192 7723001
192 2622201
192 6521301
192 6711911
192 6612901
192 6321211
192 6711311
192 3721901
192 6621301
192 6621301
192 6621311
192 3721101
192 3721101
192 6621311
192 6421311
192 6711901
192 6711311
192 6711301
192 7521011
192 6721111
192 6521311
192 6613301
192 6711311
192 2713301
192 6512101
192 6621301
192 1511301
191 3622901
192 3521211
192 6311111
192 6711901
192 6721101
192 5711101
192 1413201
192 6521211
192 3321211
192 6621301
192 6723201
192 6221111
192 6721001
192 6611101
192 6621311
192 2711911
192 6721211
192 6721301
192 2611301
192 6421111
192 6421111
192 5611101
192 2611301
192 6711911
192 2711301
192 6611911
192 2611301
192 1721201
192 6621111
192 6511911
192 6421211
192 2512301
192 2521211
192 7523001
192 2729101
192 2721311
192 5611211
192 3322101
192 3721211
192 6721311
192 6412101
192 5611111
192 5711111
192 6511111
192 6711101
192 3721201
192 6711211
192 5611111
192 6621301
192 6521201
192 6721001
192 3621201
192 2611101
192 6711111
192 6313201
192 6521301
192 6721111
192 6611311
192 6311111
192 3721301
192 6311201
192 6321211
192 6611211
192 2611301
192 5711111
192 5711101
192 6721101
192 6521101
192 6711301
192 5619101
192 6422101
192 6421111
192 3721101
192 2721301
192 2611301
192 5711101
192 5711201
192 4723101
192 3621211
192 6421111
192 6711311
192 2622301
192 4723101
192 6421211
192 3421111
192 3721211
192 1611301
192 6611901
192 6611111
191 6511311
192 6521911
192 2722301
192 6421311
191 2711311
192 6611111
192 1611301
192 1511311
192 6721001
192 6721301