211 2621301
211 3521101
211 6611211
211 6711001
211 5711111
211 6411101
211 6721201
211 1711111
211 3621201
211 6611101
211 6711101
211 7721001
211 7721001
211 1711901
211 2711301
211 6721301
211 6621301
211 6721201
211 6611301
211 6711301
211 6721201
211 6621211
211 6619301
211 6321311
211 3421211
211 1611101
211 6621311
211 1421301
211 6511111
211 6711001
211 6511301
211 6621101
211 6611311
211 1711201
211 6621101
211 6321111
211 3521901
211 6721201
211 6621001
211 5611201
211 1721901
211 1511111
211 6522101
211 6721101
211 6311311
211 3429111
211 6411101
211 3521111
211 1711201
211 6721211
211 6521201
211 6311311
211 1613101
211 1711201
211 2721201
211 6711301
211 6511101
211 6621901
211 5611101
211 6521111
211 5711111
211 6321101
211 2411301
211 6511111
211 6621301
211 1721301
211 2721301
211 6711311
211 6621211
211 1711111
211 1711311
211 6321101
211 1511201
211 7721011
211 6611201
211 6711301
211 6621111
211 2721201
211 1721101
211 4321101
211 6511911
211 6721111
211 1611201
211 6611111
211 6411101
211 2621301
211 5711111
211 6629201
211 1511201
211 6721001
211 6711211
211 6711001
211 6521101
211 6511311
211 1511311
211 5711911
211 6721301
211 6721901
211 1721201
211 4521101
211 6521201
211 4621201
211 6321211
211 6621101
211 6721211
211 5711101
211 5611101
211 6711111
211 6611901
211 6423201
211 6311301
211 7621001
211 3521201
211 6511101
211 5711311
211 3521201
211 2711311
211 5611111
211 4721311
211 6411911
211 6721201
211 5711111
211 6711101
211 6711101
211 3421211
211 5711101
211 5511111
211 6711101
211 2721111
211 3521211
211 6321111
211 5711111
211 5711111
211 6711001
211 6721301
211 6111311
211 1611111
211 5711211
211 6711111
211 3623301
211 6711301
211 6611211
211 1721211
211 5513201
211 6611901
211 2611301
211 6611111
211 6711301
211 6621111
211 2711301
211 5511111
211 3721101
211 5711101
211 7521011
211 6611301
211 1421311
211 5711101
211 6613201
211 6711201
211 3721211
211 5713101
211 6621111
211 3721101
211 6611301
211 1721211
211 6711201
211 1711211
211 2613301
211 7721011
211 1721211
211 6721201
211 1613201
211 6711011
211 4523101
211 6623301
211 6621311
211 6721101
211 6611011
211 6321911
211 4421101
211 6721901
211 5711111
211 6711901
211 5711111
211 6511111
211 6521311
211 6111311
211 6521211
211 6321111
211 2721301
211 2711201
211 2711101
211 6711311
211 6721101
211 6721301
211 1721311
211 2711311
211 6511111
211 1721301
211 5611111
211 6721201
211 5711911
211 6711001
211 3521101
211 6321311
211 6621311
211 6621311
211 6721901
211 5511111
211 2711201
211 6721301
211 2721901
211 6721301
211 6511201
211 5711201
211 2521301
211 5711111
211 6711001
211 6421311
211 6421111
211 3621111
211 6623201
211 5611101
211 6111111
211 6111111
211 6321101
211 1711101
211 2711101
211 2721211
211 3621211
211 6321101
211 1713201
211 3721201
211 6611111
211 6311111
211 6311211
211 3421211
211 6411111
211 2721301
211 3723201
211 1713301
211 6611111
211 6523301
211 2721111
211 5411101
211 5611111
211 5711311
211 3721201
211 5711104
211 6721111
211 6621111
211 7721011
211 6721901
211 6511311
211 5712301
211 1611311
211 5512101
211 1711301
211 6711311
211 2521301
211 6721301
211 2621301
211 5711101
211 6711301
211 3621201
211 5711101
211 5711101
211 1721101
211 1711301
211 3621111
211 6721201
211 6621911
211 5511111
211 6611101
211 3721101
211 6711301
211 6611201
211 5711101
211 1721311
211 6721311
211 3521111
211 6211311
211 6111311
211 3721911
211 1421111
211 1711111
211 6711101
211 6711911
211 6721311
211 6621201
211 3521211
211 1711101
211 6621101
211 2722301
211 2611301
211 3321111
211 5611111
211 6711901
211 6721301
211 2721201
211 6711111
211 6611211
211 1513201
211 2713301
211 2323201
211 5711101
211 6721211
211 6721301
211 3529211
211 3721111
211 3721111
211 2721901
211 6721901
211 1721201
211 1621101
211 6721201
211 6721301
211 6721301
211 3721111
211 3621101
211 7722001
211 3722301
211 2711311
211 6321311
211 6421211
211 6711311
211 2721301
211 5713101
211 6611201
211 1611101
211 3521211
211 2721201
211 6711111
211 6711101
211 7422001
211 2511301
211 6721301
211 6711301
211 6711901
211 6521111
211 2721901
211 3721101
211 3521101
211 1711201
211 6723201
211 6521111
211 6521111
211 6721301
211 6521311
211 3521201
211 6721201
211 2721311
211 6713201
211 5711111
211 6711101
211 6711201
211 3721101
211 6711301
211 6621101
211 2711311
211 6711201
211 6311101
211 6711301
211 6611901
211 6621211
211 1711211
211 6611201
211 6721311
211 3621111
211 5711111
211 2521311
211 6711101
211 2721301
211 6711901
211 6621311
211 7421011
211 2721101
211 1721101
211 6721311
211 6511901
211 3721111
211 6211311
211 1711101
211 2721301
211 6721301
211 6711111
211 5711211
211 6711101
211 6611201
211 1611201
211 2711911
211 6521301
211 5519111
211 1512101
211 3721111
211 2711311
211 6411311
211 4721301
211 2711301
211 6321201
211 6611301
211 6611301
211 1721101
211 1621201
211 6621101
211 6421101
211 2711211
211 6621211
211 6611201
211 6721901
211 6721111
211 6721311
211 6621901
211 1511111
211 2621901
211 6611301
211 6621211
211 5611111
211 6711301
211 1711101
211 1721101
211 6621101
211 1611101
211 6721311
211 5711111
211 3521111
211 6711111
211 6711901
211 6511201
211 6311101
211 1721111
211 5711111
211 2711101
211 3621111
211 6321311
211 3621101
211 6511311
211 3421211
211 1611201
211 3721901
211 6721911
211 6721901
211 2711901
211 3621201
211 6711211
211 6311201
211 6511901
211 2719201
211 6719301
211 1621201
211 6311111
211 2721901
211 6521111
211 2611311
211 6321301
211 6511211
211 5611211
211 6721901
211 1711101
211 2721101
211 3621111
211 5611111
211 3523201
211 6721011
211 6721311
211 2721301
211 2511301
211 1711301
211 6321111
211 2511111
211 6723201
211 6311101
211 6711901
211 3621101
211 6711111
211 6521201
211 2721201
211 6711311
211 6611211
211 6721311
211 6721311
211 6311311
211 6111311
211 6611311
211 3621101
211 5611111
211 6511101
211 3423101
211 2711211
211 6721101
211 7621001
211 1721201
211 6623101
211 2721301
211 3621101
211 6721311
211 2711211
211 6621101
211 3521111
211 3521211
211 6529101
211 3721101
211 7723001
211 6421311
211 4721211
211 6511311
211 6411111
211 5511101
211 5611101
211 1711101
211 3721111
211 1721101
211 1721201
211 1711201
211 6729111
211 4621301
211 6719101
211 6719101
211 1721301
211 6521211
211 6611001
211 3621201
211 3721101
211 3421111
211 6319211
211 7521001
211 5713101
211 6711311
211 1721101
211 5711101
211 6511111
211 7721001
211 2721301
211 2721301
211 2611301
211 2721111
211 1711301
211 1721101
211 5711901
211 3721311
211 6611201
211 5711911
211 2721301
211 6722901
211 2711901
211 6721901
211 6713301
211 5719101
211 6711211
211 6511111
212 3721201
212 1521101
212 6623201
212 7621011
212 3621201
212 6721301
211 5713101
212 6712301
211 6611201
211 2611101
211 2611301
211 5611101
212 1511201
212 5611101
211 6721111
211 6721111
212 1411211
212 2521311
212 2612101
212 3421211
212 7622001
211 2621111
212 3321211
212 6721301
212 6411311
212 2611301
212 6721301
212 6521111
212 6511111
211 6621901
212 6521211
211 5711111
212 5711111
212 6621301
212 2711301
211 6721311
212 6721311
212 6321301
212 5711111
212 7721011
212 5511111
212 6521101
212 6521101
212 6411201
212 2711301
212 6611201
212 2721111
212 6521201
212 7721011
212 6421311
212 2321101
211 6411111
212 6711101
212 6611301
212 6321101
212 3621111
211 3721301
211 6621301
212 6511101
212 1721101
212 6721201
212 2721301
212 6321101
212 4621211
212 6729111
212 6611201
212 6211311
212 3523201
212 6411101
212 6521311
212 1711101
212 6411111
212 6323201
212 5711201
212 5713111
212 6713111
212 6711901
211 2711301
212 2621201
211 6721301
212 2721301
212 2521201
212 6621301
212 6721211
211 3421301
212 7521011
212 6321201
212 2621311
212 5711111
211 3521301
212 3621211
212 3721201
212 6721101
212 3721201
211 2711901
212 6721111
212 3521201
212 6711101
212 6411101
212 6711201
211 6721311
212 6611301
212 6723301
212 6311101
212 6611901
212 6721311
212 6323201
212 5711211
211 6722901
212 6721111
212 5711111
211 6711901
212 6511201
212 2711101
212 2611101
212 4521111
212 6321111
212 6421211
212 1511201
212 5711101
212 6421201
212 3521111
212 2711201
212 2711311
212 3622111
212 1721101
211 1711901
211 3721901
212 6721111
212 6611211
212 2711301
212 3521111
212 6421101
212 6421211
212 6421201
212 6421311
212 6711111
212 5711101
212 6221111
212 6711201
212 5711101
212 6721901
212 6721301
212 6611201
212 6521301
212 6321101
212 2721201
211 1411301
212 1611101
212 3621101
212 6711101
212 6721311
212 3421101
212 6311301
212 6629111
212 3721111
212 1711101
212 6521301
212 3721111
212 6321201
212 6511311
212 6621311
212 2711301
212 6711301
212 6721111
212 6411201
212 1721101
212 6711111
212 5711101
212 1721101
212 3721211
212 6713101
212 5511111
212 1611101
212 5611311
212 6311311
212 1311201
212 6621911
212 3721311
212 6311311
212 6721301
212 6521201
212 3621211
212 6311111
212 6611311
212 1711211
212 3721111
212 5411101
212 6711201
212 6711101
212 5711101
212 3521101
212 3621101
212 6711201
212 1621201
212 6721301
212 2711211
212 1321111
212 3321101
212 7621001
212 6711301
212 6722111
212 5511101
211 3521111
212 6721211
212 7621001
212 6721101
212 7621011
212 6711311
212 5611111
212 1711101
212 6713101
212 2621301
212 6711901
212 1721301
212 6329111
212 6711301
212 5711111
212 6329311
212 6711011
212 3621111
212 6511911
212 1719201
212 6423311
212 6711201
212 5611901
212 6311111
212 1721201
212 6711311
212 1729101
212 1721101
211 6721101
212 5711101
212 2711301
212 6421201
212 6711311
212 7421001
211 6721901
212 6723301
212 3621111
212 6621101
212 6521301
212 2721301
212 6611301
211 5611111
211 5612101
212 6411111
212 6311101
212 6621311
212 6321201
212 6611111
212 6611911
212 5711101
212 6611301
212 2721201
212 2721301
212 2711301
212 6711111
212 6721101
212 1711101
212 6511311
212 6611111
212 5711111
212 3421301
212 6321311
212 6611311
212 6721311
212 6522201
212 4522301
212 6621311
212 3421201
212 6311311
212 6713101
212 2711311
212 5711111
212 1711201
212 6611101
212 3721901
212 2711301
212 6721101
212 7529011
212 3421314
212 6611211
212 6411211
212 2711301
212 5711111
212 6611111
212 1621301
212 3721201
212 6611311
212 6621101
212 2411311
212 6411311
212 7621011
212 3621101
212 6611201
212 3621201
212 6611301
212 6711101
212 5711101
212 6711311
212 5711211
212 5511101
212 2611201
212 6321201
212 6421111
212 6421111
212 1721101
212 6721311
212 5711111
212 2721101
212 6411301
212 6622204
212 6611301
212 6621311
212 6621111
212 2721301
212 6719311
212 2711901
212 6611101
212 6711311
212 1721111
212 1311301
212 6611201
212 6711301
212 6711301
212 6623311
212 5612301
212 6513901
212 6611301
212 6511301
212 6721211
212 3521111
212 6711211
212 3521111
212 3521101
212 5611211
212 3521211
212 6711901
212 6121101
212 6721301
212 3621101
212 3621101
212 3421201
212 6521111
212 5712101
212 1711201
212 1611101
212 7521011
212 2721301
212 4521111
212 6723101
212 6611101
212 6321101
212 5711111
212 3421211
212 6721111
212 6521111
212 6711111
212 3629211
212 3421111
212 7523001
212 1611311
212 6721101
212 5711901
212 7521011
212 6611901
212 6721901
212 6611001
212 6221311
212 3621111
212 1711211
212 3421101
211 5711901
212 2721201
212 2721311
212 6621111
212 4321311
212 3521211
212 7421011
212 6621111
212 2721111
212 1611111
212 2711311
212 6711201
212 6721111
212 6611311
212 7521001
212 5411101
212 1511301
212 6621101
212 2621311
212 6711301
212 1721301
212 3721101
212 6711301
212 6711211
212 6311101
212 3521111
212 3521311
212 3621111
212 6511111
212 6521101
212 4421211
212 2721301
212 6311101
212 6621311
212 6619101
212 3621201
212 5611101
212 6721201
212 6511111
212 6521111
212 3621211
212 1521211
212 1611201
212 6311101
212 6721301
212 6511301
212 6511111
212 6323201
212 1321211
212 4721101
212 1622211
212 6721301
212 6711301
212 6611001
212 5711311
212 6521001
212 6711101
212 4721211
212 7521001
212 2311111
212 7521011
212 6311101
212 6711201
212 6711301
212 2611301
212 6621101
212 3621101
212 6421111
212 6611301
212 2711311
212 6521311
212 6111301
212 6621301
212 6411101
212 6721311
212 5711111
212 6421101
212 6511214
212 2721311
212 2721101
212 6721911
212 6719001
212 3721211
212 5611111
212 1621101
212 6421301
212 6721001
212 6711311
212 6611311
212 6411101
212 6311311
212 6621101
212 5611211
212 6411111
212 3521211
212 6521001
212 6211911
212 6421111
212 2711311
212 4321211
212 6711301
212 6411211
212 6511111
212 6611011
212 6611101
212 2711111
212 4321101
212 6611311
212 6711301
212 6611311
212 6611211
212 6621111
212 5611111
212 2711301
212 1711201
212 2511301
212 1711301
212 3321311
212 3723101
212 3621111
212 6611301
212 6721311
212 2511301
212 6711111
212 1411301
212 1323101
212 6611911
212 6612301
212 5511111
212 2611101
212 6611211
212 6711311
212 6711911
212 6721001
212 6711211
212 5611101
212 6411311
212 1721101
212 6611101
212 3421201
212 6421111
212 6613301
212 6721311
212 1511111
212 6611311
212 1711301
212 2711201
212 1721101
212 1511201
212 6611901
212 1711901
212 6721301
212 6411101
212 6511211
212 1621211
212 3721111
212 6521311
212 6511311
212 6711301
212 6411101
212 1721301
212 6721301
212 6721201
212 1511311
212 2622301
212 6311201
212 6721201
212 6411111
212 5711301
212 2611301
212 6711301
212 3621101
212 6611211
212 3621111
212 6721101
212 6411311
212 6621101
212 7421001
212 3721101
212 5711101
212 2621301
212 1721101
212 3721111
212 5511211
212 3421211
212 6711301
212 6411201
212 5711201
212 6421111
212 6411211
212 5711101
212 6711101
212 6721301
212 6611301
212 6611101
212 6611301
212 3529211
212 6321101
212 6721211
212 6221311
212 1721301
212 3521111
212 6621311
212 6323101
212 2711201
212 6711301
212 6721301
212 6721901
212 6711901
212 6711301
212 5711901