221 5511111
221 2721301
221 6711301
221 6721201
221 6521111
221 6511201
221 1611301
221 5611111
221 7521011
221 3721111
221 6723201
221 6521101
221 6621211
221 6321101
221 3721301
221 6621201
221 1621101
221 5611111
221 6411201
221 2711201
221 6711301
221 2611211
221 5711111
221 3621111
221 5611111
221 6721301
221 5711101
221 6721301
221 6421101
221 5711101
221 1512201
221 6522101
221 7721011
221 6311201
221 1411211
221 3521211
221 5713101
221 1721101
221 3721311
221 6421111
221 6611311
221 6721101
221 2711311
221 5611201
221 6521101
221 6511311
221 3721101
221 5711111
221 6321101
221 1411111
221 2711301
221 2511311
221 5711101
221 5711311
221 5511111
221 6421101
221 3721111
221 6311301
221 6411111
221 5711201
221 6711201
221 6511101
221 2722201
221 6711301
221 3521111
221 5611111
221 6522101
221 5611111
221 4521311
221 5711111
221 6612101
221 3721201
221 6511211
221 2711301
221 6422101
221 6621101
221 5511101
221 6611901
221 5611104
221 5512901
221 4421111
221 3521211
221 6711311
221 3521211
221 3521111
221 5611101
221 6721111
221 6311111
221 6411311
221 1621211
221 6311201
221 6711111
221 6621111
221 6311201
221 6611201
221 2711201
221 3621111
221 1721301
221 1721101
221 6511311
221 6521101
221 2523311
221 5711311
221 1511101
221 7621011
221 2711111
221 2621301
221 6621301
221 6421301
221 6511101
221 2611301
221 3721101
221 7522001
221 2721211
221 6621311
221 6711111
221 5611111
221 6511311
221 6321211
221 6611211
221 5711101
221 3721111
221 1511111
221 6611301
221 4421311
221 5612101
221 6711311
221 1721301
221 6211311
221 6521311
221 6511311
221 2421311
221 6321111
221 6611311
221 6311101
221 6611101
221 3621101
221 6711111
221 6721101
221 3629211
221 1311211
221 6621101
221 6723301
221 3721111
221 6711211
221 6611101
221 6512301
221 7521001
221 6321201
221 6521101
221 6411301
221 6621201
221 3721111
221 6621311
221 6721201
221 2511311
221 6711211
221 3621111
221 6521211
221 6711301
221 6511301
221 3621111
221 6512301
221 6721111
221 2721311
221 1711311
221 6623201
221 2721301
221 6711001
221 5511101
221 6521001
221 1511211
221 6711901
221 3522201
221 7721001
221 4321111
221 3621211
221 6721111
221 5711101
221 3421201
221 3621111
221 6511211
221 1711111
221 2711311
221 6511311
221 3621211
221 6521311
221 7521001
221 5611111
221 6321211
221 6711101
221 1523101
221 2711101
221 7721011
221 1711211
221 5611111
221 5711101
221 6711001
221 1711111
221 3621201
221 5511111
221 6711301
221 6421101
221 6311311
221 3521111
221 5611111
221 3321111
221 3621211
221 1721101
221 3621211
221 6521101
221 6611201
221 6422101
221 3521101
221 6723101
221 1711211
221 6311111
221 1611101
221 6311111
221 5711111
221 4622101
221 2612301
221 6612101
221 7521011
221 6511111
221 6721311
221 6721311
221 2621211
221 6721911
221 6411101
221 3421111
221 1611211
221 6321011
221 6712301
221 6721211
221 6523101
221 2611311
221 6721101
221 6711101
221 2721301
221 7721011
221 2711301
221 6511201
221 6421111
221 5511111
221 6711101
221 5712101
221 6611311
221 6521211
221 6611201
221 6711101
221 6723201
221 6711311
221 3721111
221 6511311
221 6511211
221 4321101
221 5711101
221 5611111
221 6721111
221 3621201
221 5511201
221 3621101
221 4321101
221 1711101
221 3721301
221 2712301
221 6711911
221 1621211
221 2711211
221 6711311
221 6311311
221 6313901
221 2711111
221 5612101
221 3721311
221 6611301
221 6521101
221 1511301
221 6123101
221 6711101
221 1711201
221 6611311
221 6721311
221 3721211
221 6329111
221 4421111
221 6711211
221 6711301
221 6423101
221 5711101
221 3421111
221 2721301
221 1721101
221 6711201
221 6721301
221 6321301
221 5711101
221 2711301
221 7421011
221 6711111
221 6511911
221 6421211
221 6511301
221 5611301
221 6621311
221 3721111
221 6621311
221 2721301
221 2721101
221 2611101
221 6721301
221 4421101
221 6721301
221 2711211
221 3621101
221 6422104
221 6711101
221 1711111
221 6521911
221 3321211
221 1411201
221 6421101
221 6321101
221 6621111
221 6712901
221 5611101
221 6611101
221 2711301
221 7422001
221 2721201
221 3721111
221 1711311
221 2622101
221 6621301
221 6711201
221 3621301
221 6711101
221 6711211
221 6522001
221 6521911
221 6612301
221 6711311
221 6711201
221 6611101
221 5711201
221 6711301
221 6511211
221 6321301
221 6621111
221 6611311
221 6721301
221 3521201
221 6613101
221 4522101
221 4521111
221 6721211
221 6629211
221 2511314
221 6411201
221 6511201
221 6512301
221 6311901
221 6521211
221 3521101
221 7421011
221 5711111
221 6621101
221 1611111
221 2411911
221 5711101
221 1711911
221 6711301
221 6611901
221 6511301
221 4622201
221 1721311
221 2711301
221 6711101
221 5711111
221 5712101
221 6621101
221 5711211
221 3422201
221 1511111
221 1512301
221 5511101
221 4521201
221 2611201
221 6611901
221 3729111
221 5711111
221 6211311
221 6721211
221 6711311
221 1621211
221 6711201
221 1611311
221 5711111
221 6521101
221 3521211
221 3421101
221 3721211
221 6723201
221 3521101
221 5719111
221 5711111
221 3721301
221 6621111
221 6721101
221 6321101
221 3621111
221 1611101
221 5611311
221 6611911
221 5711101
221 6721311
221 6611211
221 6621101
221 6711111
221 6611111
221 1721201
221 1721101
221 3421211
221 6611211
221 6721311
221 6321101
221 6411301
221 6521301
221 6321111
221 6621211
221 6321201
221 6621111
221 6621311
221 6611111
221 6421111
221 6721311
221 6721901
221 6711104
221 4622201
221 6512301
221 1511311
221 6611201
221 3521101
221 5711911
221 3721111
221 6711301
221 6722301
221 1511111
221 1711211
221 3721211
221 6421101
221 6711311
221 6721111
221 6721111
221 6521111
221 6311101
221 6711311
221 1511201
221 3721101
221 1521201
221 1621211
221 3721101
221 2721111
221 6621301
221 6311101
221 2522301
221 1611101
221 3621301
221 6611911
221 6611211
221 6511301
221 6321211
221 5711101
221 6611111
221 6311201
221 4421111
221 2611301
221 7521011
221 6321301
221 2721201
221 1621101
221 6311101
221 2621301
221 5711111
221 5512101
221 6621301
221 6321311
221 6721301
221 6721301
221 6622001
221 5711211
221 6321201
221 6421311
221 3421201
221 6412301
221 5711211
221 6311311
221 6311101
221 6721311
221 3421101
221 6721301
221 6311101
221 2721301
221 6721211
221 6721311
221 6522301
221 1511111
221 6711311
221 6411101
221 2721201
221 6521311
221 6322201
221 5711111
221 6621201
221 6421101
221 6411911
221 6421101
221 6711111
221 5711101
221 5711901
221 6112301
221 6329101
221 6321111
221 6511311
221 6319301
221 7421001
221 5612101
221 1721101
221 1721111
221 5511101
221 1721101
221 2611301
221 6721901
221 6511201
221 6511911
221 6312901
221 4621211
221 6511201
221 1721211
221 3421101
221 7621001
221 6421101
221 1611201
221 6511311
221 6622901
221 6711311
221 5711111
221 2611301
221 6511101
221 6622201
221 5619911
221 6711911
221 6721301
221 6721911
221 3721901
221 6311311
221 6721911
221 6711911
221 6721901
221 1721101
221 6621211
221 6721301
221 3721101
221 6721111
221 2621201
221 6411204
221 6321111
221 7421011
221 6421211
221 1511311
221 3422201
221 2522111
221 5511101
221 6621111
221 6711311
221 3521211
221 6321311
221 1612201
221 6621101
221 6311101
221 6321101
221 4621211
221 1721301
221 5611311
221 5511111
221 6721311
221 6511211
221 6311101
221 6621301
221 6721911
221 3522201
221 6321101
221 3721101
221 4421211
221 3421101
221 6711111
221 6711211
221 6721311
221 2721111
221 6721901
221 4422301
221 2721101
221 6711211
221 5611211
221 2721311
221 5611211
221 6721311
221 6721101
221 1621301
221 6322201
221 5612201
221 6511201
221 1721201
221 3521211
221 2521301
221 5611111
221 7422001
221 6522101
221 1521211
221 6723001
221 5711201
221 2611311
221 6721201
221 6511201
221 5611111
221 5511111
221 5611101
221 7721001
221 6721111
221 6411201
221 7621011
221 6511211
221 6629111
221 3723101
221 7421011
221 1611111
221 6421111
221 5711111
221 3621211
221 6621201
221 6421301
221 7421001
221 6611011
221 3421201
221 6721111
221 2721101
221 3421201
221 2711301
221 5619201
221 7521001
221 3421201
221 6311101
221 1711111
221 1711111
221 6522901
221 3721111
221 1611111
221 3621101
221 6419111
221 4422101
221 7521011
221 6311101
221 6521201
221 1721101
221 6721901
221 6621211
221 7621001
221 6521201
221 6611111
221 5511104
221 5711114
221 6721101
221 6621111
221 6621111
221 6521301
221 6711301
221 6711311
221 6721311
221 6721901
221 6611211
221 2712101
221 2411301
221 6521101
221 6311311
221 6711001
221 6721301
221 6321101
221 1421211
221 2621301
221 2721301
221 1421101
221 3723201
221 2511301
221 3621201
221 6612101
221 1721301
221 1721301
221 6511101
221 6321301
221 3721101
221 6521111
221 2721111
221 6511311
221 5711111
221 3721301
221 6711111
221 1711111
221 3421214
221 2611211
221 1721111
221 6711111
221 6622201
221 2511101
221 5611211
221 6711311
221 6721311
221 1711201
221 4621211
221 6721111
221 3521111
221 6511311
221 6612911
221 3623201
221 6721201
221 3721101
221 3321201
221 6421101
221 6721311
221 5511211
221 6721111
221 2711111
221 3521111
221 6512101
221 6521101
221 6321111
221 2711201
221 7422001
221 1411111
221 6611911
221 1711911
221 4521901
221 6511111
221 1321101
221 2623301
221 3321111
221 6711311
221 1511301
221 6721301
221 3521101
221 6622901
221 3521211
221 6711211
221 2721311
221 3721101
221 3621111
221 6411101
221 6711111
221 6711311
221 6511211
221 3522201
221 6311101
221 5711114
221 6511911
221 2711301
221 2711301
221 7521011
221 3521111
221 5619111
221 6321101
221 3621111
221 5711111
221 5711111
221 6711111
221 6721111
221 6611111
221 2622101
221 5611111
221 6411911
221 6522101
221 3521111
221 6721111
221 6711211
221 6421111
221 3721111
221 2711311
221 1721111
221 6621311
221 6611101
221 6421101
221 3621111
221 7421001
221 6721111
221 6712301
221 3521111
221 6721201
221 3723101
221 5611111
221 6521311
221 5411101
221 6621101
221 2621301
221 6711101
221 2711911
221 3421111
221 1611111
221 2711301
221 6721211
221 3621111
221 7521011
221 5711111
221 1411301
221 6321101
221 6411101
221 6122301
221 5511201
221 6721311
221 7421011
221 6521111
221 3721201
221 1412101
221 6621111
221 6621111
221 3421101
221 6621301
221 6721311
221 3422101
221 4622201
221 7621011
221 3721101
221 5611101
221 6411311
221 6311101
221 6411101
221 3621201
221 2721311
221 6321111
221 5511101
221 5611101
221 6711301
221 6721201
221 2611211
221 6711211
221 3621101
221 6711111
221 5711111
221 6621111
221 3523201
221 6721301
221 7621014
221 6421101
221 6621211
221 6622101
221 6511311
221 5611101
221 3321101
221 3421201
221 6321111
221 5711101
221 1711301
221 2621311
221 5611101
221 3721101
221 6411901
221 6629211
221 6611301
221 6721111
221 1721311
221 7521001
221 6411101
221 6621911
221 1719111
221 3621111
221 6711111
221 5611111
221 4321111
221 3721211
221 2721101
221 6521211
221 6612901
221 3721101
221 1411111
221 7421001
221 6711101
221 3423201
221 6321211
221 6721201
221 6111311
221 6111311
221 6421111
221 3621111
221 6721911
221 1711311
221 6711211
221 1411101
221 2711201
221 6311101
221 6412101
221 1721211
221 6511301
221 2711111
221 5711111
221 6721101
221 3721311
221 6719311
221 5611101
221 6711901
221 1621301
221 5511111
221 6321101
221 7521011
221 6622201
221 1721901
221 5611111
221 6421101
221 6712301
221 2722301
221 5711111
221 3721211
221 1711311
221 5711111
222 6429201
221 5611111
222 6421111
222 6721111
222 7522001
222 6511111
222 6713101
221 1511911
222 6511201
222 6723201
221 2711101
221 6411201
221 5511101
222 6711211
221 6711901
222 3623101
221 6721211
221 6321101
221 1621204
221 6629101
222 2719101
222 6711101
222 6711101
222 6611901
222 7621011
222 6711311
221 6711901
221 6612301
221 6721111
222 6711211
222 6321101
221 3621101
222 6621101
222 6721311
222 5611111
222 4521311
222 6521111
221 5711101
222 3621101
222 6521111
222 6321101
222 6321101
222 2622301
222 3522901
222 1511111
222 3721211
222 3721201
222 3521211
222 1622101
222 2721211
222 6711111
222 1721101
222 6421201
222 7521011
222 6311201
222 6421101
222 6721111
222 7621014
222 6111901
222 6621101
222 6721311
222 2711311
221 6711101
222 6721311
222 5711111
222 5611101
222 6611301
222 6622211
222 3521111
222 3721111
222 6611001
222 7522001
222 3521111
222 6311111
221 6711101
222 6611211
222 6711301
222 6521101
222 3321101
222 6512101
222 3621101
222 5711901
222 1721111
222 3521111
222 6421111
222 6611111
222 6711211
222 6711011
222 6623911
222 6711311
222 6613201
222 6711101
222 1523201
222 6611311
222 1721111
222 2612301
222 6521101
222 6711111
222 4422201
222 2711201
222 3621111
222 6621101
222 5711111
222 6711101
222 6421211
222 3721201
222 1721111
222 3621101
222 3621101
222 4721311
222 2721211
222 7721011
222 3721211
222 6711311
222 1511311
222 6511111
222 6721901
222 6621301
221 6721311
221 5611111
222 5611201
222 1621111
222 6411101
222 7521001
222 3621101
222 3621101
222 6711111
222 3621111
222 5711111
222 2721101
222 6611211
221 6711111
222 1711111
222 6311111
222 6423101
222 1721211
222 1411111
222 5512101
222 6421201
222 3323101
222 6711201
221 6719111
222 6621101
222 6511301
222 2611201
222 6611101
222 6423211
222 1611101
222 6319101
222 6711111
222 6722011
222 2611311
222 6611211
222 6511201
222 6511311
222 3721111
222 1621211
222 5511201
222 6321111
222 6521101
222 6511101
222 6711311
222 5711111
222 5712201
222 2711211
222 6611111
222 6621111
222 6611211
222 7721011
222 6411101
222 6711001
222 3421211
222 6711211
222 1511311
222 6321101
222 6712201
222 6511111
222 6221311
222 6221311
222 6321111
222 2711901
222 5611101
222 6521201
222 6711111
222 3721101
221 3722901
221 3621901
222 6721311
222 6611301
222 3421111
222 1421101
222 7421001
222 2712201
222 1511101
222 6522301
222 6521201
222 4421111
222 3621111
222 1611111
222 6411311
222 3721311
221 2523301
222 6611001
221 6711901
222 6723301
222 6711311
222 5611111
222 7421001
222 3421111
222 6622311
222 6523111
221 6612901
222 6611301
222 1721301
222 6411101
221 6321101
222 1611101
222 5511911
222 5612901
222 2622301
221 6511911
221 6611911
222 3621101
222 6511201
222 6711201
222 6411211
222 6321211
222 5611101
222 6411101
222 6513201
222 6721211
222 4529111
221 6611901
222 1711201
222 6711301
222 3621111
222 6511111
222 5611111
222 6621111
222 2711301
222 6621101
222 6511311
222 5511101
222 1712101
222 6511311
222 3722101
222 3621111
222 1511211
222 6711201
222 6622111
222 6711201
222 6321301
222 5612201
222 6321201
222 3422201
222 6711001
222 1521311
222 6721311
222 6721201
222 6721201
222 6411311
222 6721311
222 5611101
222 1511111
222 6721311
222 6712201
222 5711111
222 6711001
222 6511101
222 3521101
222 1711101
222 3721101
222 3721101
222 6611111
222 6711211
222 6429101
222 1721211
222 6721311
222 6311311
222 3721211
222 1713101
222 7421011
222 6311301
221 6511204
222 6521311
222 6421201
222 6511311
222 6621301
222 6711311
222 6121311
222 6321101
222 6311201
222 6521111
222 2511101
222 6321101
222 1721901
222 6612101
222 1612901
222 6321101
222 1712111
222 6722301
222 6711211
222 6621301
222 7721011
222 3721101
222 6611311
222 5711111
222 1521111
222 6421101
222 6612901
222 5611311
222 3721111
222 6711311
221 3521201
222 5611101
222 6521301
222 3621111
222 6621111
222 6521211
222 6711201
222 6721101
222 6621101
222 6513911
222 6711911
221 3521111
222 6511911
222 6711311
222 6711311
222 6321101
222 6421301
222 1711311
222 6621311
222 6721301
222 6711201
222 6611911
222 1711101
222 6612201
222 6321101
222 5711111
222 3521111
222 6512311
222 6522901
222 1511101
222 3621211
222 6411301
222 6311101
222 6311101
222 6611311
222 1421101
222 3721101
222 6311211
222 5511111
221 6711311
222 6611101
222 3621101
222 6411101
222 6621301
222 6721111
221 6411311
222 6111311
222 3721211
222 2721301
222 4621211
221 3521111
222 6711201
222 6721101
222 5711111
222 6611311
222 5612101
222 6711301
222 6321301
222 6713301
222 5711111
222 3521111
222 6721911
221 5611901
222 6723101
222 1713101
222 6321201
222 5711201
222 2721311
222 6721311
222 6711301
222 6711201
222 2711911
222 6711301
222 6511311
222 5711111
222 6711311
222 6711301
222 5711111
222 6721301
222 6711901
222 6611111
222 6421101
222 6511101
222 2711101
222 3729101
222 6612201
222 5611101
222 6511111
222 5611101
222 3721111
221 6521311
222 6711001
222 3423101
222 6623101
222 3721111
222 3322201
222 3621101
222 3323101
222 6421101
222 6611111
222 6521311
222 6621311
222 3622101
222 7521011
221 2521301
222 2721311
222 6621111
222 6521114
222 7522001
222 5711101
222 1721111
222 5711901
222 1611911
222 6411911
222 1711301
222 6311101
222 6711211
222 5711211
222 1711301
222 1721211
222 6721111
222 6611111
222 1621201
222 6721911
222 6421111
222 2711211
222 3621111
222 1711111
222 1311111
222 6721311
222 6721901
222 6511211
222 3521101
222 6721911
222 5511111
222 6521101
222 6511311
222 6511211
222 6721111
222 6721111
222 3721111
222 6511101
222 6721101
222 6721111
222 6721311
222 6621301
222 6722101
222 6511911
222 6421111
222 6311101
222 2611311
222 3721201
222 3621111
222 6721311
222 2721101
222 5612101
222 6611201
222 2323101
222 3321111
222 6511111
222 3421201
221 6611311
222 5511111
222 6111211
222 7522001
222 2711901
222 6521101
222 6711211
222 6611101
222 2611211
222 1621111
222 5611211
222 5512101
222 6621301
222 4421201
222 3521101
222 6521111
222 6621101
222 3421111
222 2721201
222 6611311
222 6621101
222 6721911
222 5711111
222 6621301
222 2721111
222 6721311
222 1621301
222 6411201
222 3421101
222 3421101
222 3721201
222 3621211
222 6711111
222 6711211
222 1721101
222 3721101
222 3721101
222 6721211
222 1311301
222 5711211
222 5711111
222 5511111
222 2722301
222 1311211
222 6511311
222 6421301
222 5711301
222 6321311
222 1611314
222 6621111
222 6721111
222 6721211
222 2521111
222 5711111
222 7421011
222 3721111
222 6721311
222 6711101
222 6711301
222 6611001
222 6612101
222 5711911
222 6711101
222 6521201
222 7421001
222 6711301
222 6711301
222 3721101
222 6719301
222 3521101
222 1611301
222 6521201
222 3622201
222 3422301
222 6621111
222 6621911
222 1611201
222 6622101
222 6721911
222 1522101
222 7521011
222 6711101
222 5711101
222 6121111
222 6711311
222 3421201
222 6721911
222 2711311
222 7621011
222 3522201
222 3421201
222 6321111
222 6311101
222 6721111
222 6111101
222 6721911
222 6711311
222 1721301
222 5713101
222 6711114
222 5611111
222 5711114
222 6611201
222 6511111
222 6511111
222 7521011
222 5711111
222 7521001
222 5611211
222 7321011
222 3321101
222 6311101
222 6421201
222 4521111
222 2611211
222 6711111
222 6712101
222 3622201
222 6119301
222 6511211
222 6511111
222 2721311
222 6622301
222 2611301
222 6421211
222 6611301
222 6511111
222 1711201
222 1711201
222 3721111
222 3421211
222 3421201
222 6311311
222 5712101
222 6621111
222 6411201
222 6521201
222 5711111
222 6321111
222 6711301
222 6711301
222 6713901
222 2721901
222 3621211
222 3621101
222 6711901
222 6511301
222 3722301
222 6711111
222 5713101
222 1611211
222 6321101
222 5612101
222 6311101
222 6411101
222 3521201
222 3521201
222 6511201
222 6711201
222 6621301
222 6511101
222 3521111
222 1321101
222 5719111
222 6611211
222 7621001
222 6711211
222 6311101
222 2711201
222 7721011
222 6511311
222 6621201
222 6621101
222 5611111
222 1711111
222 5611111
222 2711311
222 6711211
222 6511311
222 2611201
222 6321211
222 6619111
222 2611101
222 6723301
222 6721111
222 5611201
222 3721101
222 3421301
222 6721111
222 6311101
222 6721201
222 6421101
222 2721301
222 6721311
222 2721311
222 1721311
222 6521111
222 6521201
222 6721201
222 2721101
222 6721301
222 2721211
222 6521111
222 6521101
222 6721311
222 3722101
222 3722101
222 6221311
222 6521301
222 6611311
222 6611111
222 1711111
222 1711111
222 3721101
222 6521111
222 6321201
222 3629111
222 6323201
222 3622101
222 2613301
222 6721311
222 6621111
222 6611311
222 3622101
222 7721011
221 5619111
222 6311201
222 5611111
222 1311201
222 3721201
222 6721111
222 1711214
222 6711114
221 3721911
222 1711111
222 6721111
222 6711111
222 6711301
222 6721901
222 5711101
222 3721211
222 6611301
222 6411101
222 1411311
222 3421101
222 6521101
222 6711111
222 6721111
222 1721211
222 2612301
222 6611301
222 6612901
222 3421211
222 6621201
222 6411311
222 3521101
222 3622101
222 6721101
222 6621111
222 6311101
222 6611301
222 6421201
222 3622101
222 3622101
222 3721111
222 3521111
222 6711211
222 6711911
222 2621311
222 6711101
222 6511111
222 7521011
222 6721111
222 5711111
222 6511301
222 3721111
222 3321201
222 2611301
222 2711301
222 1721211
222 7421001
222 3521211
222 3421101
222 6311201
222 6621311
222 1611311
222 6421311
222 5711111
222 6721111
222 5512101
222 6311101
222 3521211
222 3622201
222 6711911
222 6621311
222 6721211
222 1711111
222 6713211
222 2611211
221 6711111
221 6711111
222 6711111
222 1711301
222 6611311
222 1511211
222 6311101
222 5711111
222 3621311
222 6521201
222 6721301
222 7721011
222 6311301
222 6611311
222 3521211
222 3521111
222 3421111
222 6521201
222 6311101
222 1711901
222 6721901
222 3721111
222 6721111
222 1311311
222 3721211
222 6321101
222 2611111
222 5711101
222 6711111
222 6521111
222 6313111
222 6621101
222 6621211
222 3521101
222 3321101
222 6711301
222 6522101
222 6621301
222 5611211
222 2612301
222 6411101
222 3521201
222 6421101
222 5611201
222 6721211
222 6711211
222 6511201
222 6311101
222 6521311
222 6711301
222 6711201
222 2711101
222 6611311
222 6521201
222 3621101
222 3621101
222 6622201
222 6721301
222 6411211
222 1611311
222 3721201
222 3722111
222 7622001
222 3621211
222 6421211
222 2621111
222 3521111
222 7521011
222 6511111
222 6711101
222 3421211
222 6211111
222 6721111
222 5711111
222 2721111
222 1621111
222 6621211
222 6712301
222 6413301
222 5611101
222 3621111
222 6511301
222 5711111
222 6321311
222 6712301
222 3321101
222 4321111
222 1411211
222 6621211
222 6711111
222 2711311
222 3521111
222 3721111
222 6711201
222 1619111
222 6723201
222 6611111
222 6711311
222 5711111
222 6611101
222 6711301
222 5711101
222 5711111
222 6421111
222 6521211
222 6611301
222 6311301
222 6321101
222 6611211
222 6611311
222 7721011
222 6311311
222 3321101
222 6521101
222 4523101
222 6622901
222 3621111
222 6723301
222 6421101
222 6321111
222 7423001
222 7521011
222 2711111
222 3621111
222 1421101
222 6621311
222 6721111
222 1711201
222 1711201
222 3721111
222 6611101
222 7429011
222 1529911
222 6621301
222 6711311
221 6521111
222 6711211
222 6621101
222 6511311
222 6511311
222 6321301
222 1521111
222 3721211
222 6711111
222 1721211
222 6621211
222 6721111
222 6711111
222 6721211
222 5711911
222 6721301
222 1721301
222 6311101
222 3721101
222 7721001
222 6211111
222 6321201
222 3521211
222 2721301
222 7621011
222 1711111
222 2711211
222 6311311
222 6711111
222 5711101
222 6719911
222 6521111
222 6611201
222 6511111
222 6421301
222 6621114
222 3721911
222 6511311
222 3521101
222 6721311
222 1711111
222 5711111
222 5512301
222 6711911
222 2612301
222 6611311
222 6311311
222 6611301
222 6321211
222 6711211
222 6713101
222 1713101
222 6711211
222 6612101
222 4721111
222 4421111
222 3721101
222 6611311
222 3621101
222 4521211
222 1521311
222 6721111
222 6722211
222 7521011
222 6729011
222 6511311
222 1623201
222 7621011
222 3429211
222 6521111
222 1521111
222 6611111
222 6421201
222 3521201
222 6711311
222 6521101
222 6711901
222 6623101
222 3721211
222 2711311
222 6721111
222 6621111
222 3721111
222 6311101
222 6311201
222 7521011
222 6711301
222 3721201
222 6711311
222 6411101
222 6321111
222 6511111
222 6611111
222 6721311
222 6729301
222 5711111
222 6511211
222 6721311
222 3721301
222 3721301
222 6621111
222 3721211
222 5611311
222 3721211
222 5611111
222 5711111
222 6621101
222 6421101
222 6721201
222 6411201
222 7421001
222 6711001
222 3721301
222 6321311
222 2711311
222 5711111
222 6711301
222 5511101
222 6321101
222 6511101
222 4521111
222 5511101
222 1421311
222 5711101
222 6321101
222 6411301
222 6311101
222 1611111
222 6521311
222 6711101
222 6711101
222 6621211
222 6511111
222 6511311
222 6711301
222 6711111
222 6711911
222 2711301
222 5611111
221 6311311
222 6611311
222 6621901
222 5711901
222 6411311
222 6521311
222 2721901
222 6721901
222 5711911