231 6311311
231 1722201
231 5711101
231 3622201
231 7721011
231 2712301
231 5711111
231 6611011
231 3522901
231 2622201
231 3621101
231 4321101
231 5711111
231 5712301
231 5711111
231 2511301
231 6712301
231 6312301
231 5712101
231 3621211
231 2712201
231 6711311
231 6721201
231 6512901
231 6711311
231 3521111
231 6712101
231 2612201
231 2612301
231 6611111
231 6422901
231 6711311
231 5612101
231 3621101
231 6511111
231 5512101
231 1722301
231 5612101
231 6611301
231 5612101
231 6511311
231 2612201
231 6511301
231 6511311
231 6311111
231 6321111
231 6422901
231 2712204
231 6522101
231 6712201
231 2612301
231 6612201
231 3522101
231 5612101
231 6221111
231 1522201
231 6611111
231 6611111
231 5611111
231 3722301
231 6612101
231 6721111
231 1623101
231 3621201
231 6712301
231 2711311
231 6311311
231 2521311
231 6521201
231 1422301
231 3522301
231 6411211
231 1611111
231 5712101
231 5611101
231 6522301
231 3722101
231 6311311
231 1612101
231 2612301
231 6611211
231 3522201
231 6612901
231 6712301
231 6711201
231 6312301
231 6611111
231 3721111
231 1712301
231 6312101
231 3722101
231 6511201
231 6511211
231 6511211
231 6112301
231 6411201
231 6621211
231 5712101
231 5612101
231 6622201
231 6311311
231 6612201
231 6322101
231 5719101
231 5612101
231 2722301
231 1722101
231 1722201
231 1711211
231 5712101
231 2522301
231 6712901
231 3721211
231 6511911
231 6711311
231 2412101
231 6612301
231 6712301
231 1612101
231 5612101
231 3622101
231 5712101
231 6622201
231 5711111
231 6111311
231 2512301
231 6711311
231 5512101
231 6522101
231 6721111
231 2612301
231 6412101
231 6722301
231 4621201
231 5712104
231 6711301
231 6712901
231 6611111
231 6721111
231 6611211
231 3322201
231 5712101
231 6612101
231 6121111
231 6611311
231 3721111
231 6721211
231 5612301
231 4622201
231 6511111
231 6712301
231 2522201
231 1611911
231 6511211
231 2721111
231 5712101
231 6611211
231 7622001
231 6612301
231 1412301
231 6512301
231 6712201
231 1611311
231 6622301
231 5611111
231 6621111
231 6512101
231 2612301
231 3721101
231 6612301
231 1711111
231 1711111
231 2412201
231 6711211
231 6522101
231 1422101
231 6522301
231 1711211
231 1711211
231 6521101
231 2712301
231 1722101
231 5612101
231 6722101
231 1311111
231 6522201
231 6512301
231 5511111
231 3521111
231 5711211
231 4421111
231 5611111
231 5612101
231 3621111
231 3621111
231 6711111
231 6421311
231 2712301
231 5611211
231 1711101
231 6722301
231 1619101
231 2712201
231 3521211
231 5611111
231 6721311
231 5711111
231 1711211
231 6611211
231 3722301
231 3321111
231 2512201
231 6722201
231 2712101
231 6312201
231 1613901
231 2512201
231 5512101
231 5612101
231 6612101
231 2712301
231 6721311
231 1712201
231 6411111
231 6611301
231 5612101
231 5711911
231 6312201
231 6611311
231 6711111
231 6712101
231 6522201
231 6411111
231 2622301
231 1722201
231 6321211
231 6521311
231 3721111
231 5711311
231 6511211
231 5713101
231 5611111
231 5711111
231 6411211
231 3522101
231 5711111
231 5612101
231 6712201
231 6522101
231 6611211
231 6512101
231 3622101
231 2512301
231 6512101
231 7621011
231 6412104
231 2612304
231 2522201
231 6711311
231 6522201
231 3722201
231 6722201
231 2711201
231 6522201
231 6612101
231 6511311
231 2612201
231 6711201
231 6621111
231 6611311
231 6621311
231 6612301
231 3722201
231 6521111
231 6521211
231 3521111
231 5712101
231 5711111
231 5712901
231 1711111
231 6512201
231 1512301
231 1512301
231 7521011
231 2712101
231 2711111
231 4629111
231 5612101
231 7521011
231 6712101
231 6121311
231 6211311
231 6611311
231 2721301
231 1722101
231 6521111
231 4422101
231 7722001
231 6712901
231 5712101
231 5711111
231 2522301
231 6611311
231 6721101
231 6512301
231 6721311
231 4521211
231 5612301
231 2621101
231 2711311
231 5612101
231 6712301
231 5711111
231 5612101
231 6621311
231 6511111
231 6711201
231 6321111
231 1522201
231 1612101
231 1722101
231 6511111
231 5712101
231 6721101
231 6721311
231 2722301
231 5712101
231 2612301
231 6712301
231 3622101
231 3722201
231 6422201
231 6521111
231 1422201
231 6722101
231 6321201
231 5712101
231 6421111
231 6521311
231 6611311
231 5711111
231 5612101
231 6611911
231 5512101
231 3722301
231 6412301
231 1312301
231 3622201
231 3722201
231 1612201
231 6612101
231 2312301
231 6622101
231 5512201
231 6522201
231 6611311
231 6512301
231 6622301
231 6311111
231 1512301
231 3422201
231 5612101
231 5712101
231 6212101
231 6612201
231 5512101
231 6712301
231 1622301
231 6722901
231 4721111
231 5611111
231 5712901
231 2712301
231 2712301
231 1612101
231 6722901
231 6712901
231 2612901
231 2712901
231 1612901
231 6722901
231 3722901
231 6612901
231 5512101
231 2622201
231 5712301
231 5711111
231 2611911
231 1612201
231 1622204
231 5712101
231 5711101
231 2712301
231 6712301
231 6712301
231 6721301
231 7522001
231 1722101
231 1712301
231 6712901
231 6712101
231 4321111
231 1511111
231 1521111
231 3622201
231 5712101
231 2712201
231 5712101
231 6621101
231 6611311
231 2612201
231 5712101
231 2721111
231 6211911
231 6611211
231 6711911
231 5712101
231 6612201
231 2612301
231 6521211
231 1611311
231 6412301
231 5612101
231 5712101
231 6611111
231 2611211
231 6311111
231 6612101
231 6721111
231 6422201
231 6622101
231 2612301
231 5712101
231 1612301
231 7422001
231 2611311
231 6721301
231 6212101
231 6712301
231 6312311
231 2712101
231 3421311
231 5612101
231 6711311
231 5711111
231 5611111
231 6712201
231 6312101
231 2722301
231 6712201
231 6711211
231 3721111
231 6421911
231 6721211
231 1722301
231 6512101
231 2522301
231 5712101
231 6722301
231 6611211
231 3622301
231 1612301
231 6721901
231 6721111
231 6722301
231 6712201
231 6711201
231 1722101
231 3522301
231 2522301
231 6622901
231 6422101
231 5611111
231 5612101
231 2522301
231 3422201
231 5712101
231 7522001
231 6622201
231 5711111
231 2722101
231 3722201
231 3321111
231 1722301
231 6622101
231 1712101
231 1712201
231 5711301
231 6722201
231 3722201
231 5711111
231 6521111
231 1722901
231 3522101
231 5711111
231 6522301
231 1512101
231 6412101
231 6522201
231 6612201
231 4421211
231 3522301
231 3722101
231 3322201
231 2722301
231 6512101
231 6321111
231 6722101
231 3421211
231 3622101
231 6722101
231 1612301
231 6722901
231 5612104
231 5611111
231 5612201
231 6422101
231 3521111
231 6522201
231 1522201
231 6512301
231 6712201
231 2522201
231 6721311
231 6712101
231 6421211
231 5612101
231 5712101
231 5711111
231 3522104
231 6722901
231 6712301
231 2712201
231 6721311
231 2722201
231 3722101
231 7622001
231 5712101
231 5711111
231 6722301
231 3722101
231 6722101
231 6412101
231 6612301
231 6722301
231 2612201
231 3522201
231 5712201
231 6711311
231 3421211
231 6711211
231 1622901
231 6622901
231 2622901
231 6711311
231 5619111
231 6521211
231 6611211
231 6722301
231 6722201
231 2522301
231 1712201
231 2722101
231 6712201
231 5611211
231 5611111
231 6621111
231 6412101
231 3722301
231 5612201
231 5712101
231 3522201
231 6712201
231 3522201
231 3522101
231 3422301
231 5712101
231 6211311
231 6222101
231 6722201
231 6722101
231 6712201
231 5712301
231 6711311
231 1722101
231 5712301
231 6512201
231 1712201
231 1522301
231 5612101
231 1512201
231 6521111
231 6712901
231 5611111
231 6721211
231 2722101
231 6721311
231 6512101
231 1712101
231 6511111
231 5712101
231 6512901
231 5611111
231 2721301
231 6722201
231 2622301
231 5612101
231 6611001
231 2622301
231 6622301
231 2422301
231 2722201
231 4722201
231 4522201
231 6411911
231 5612101
231 3722101
231 6522201
231 6521111
231 1712101
231 1621111
231 6721311
231 5712101
231 1622301
231 1712901
231 5612101
231 5712101
231 5612101
231 6711901
231 6711901
231 5711111
231 1622201
231 3621211
231 6721111
231 6722311
231 5712101
231 1712101
231 5611211
231 6319311
231 5711301
231 6411111
231 6722301
231 5711111
231 2622301
231 1721111
231 2711311
231 6721311
231 2722201
231 6711101
231 4321111
231 6612301
231 3521301
231 2622104
231 6722301
231 6713201
231 6321211
231 1712101
231 1722101
231 1722901
231 3721111
231 2612101
231 4422204
231 6411911
231 6622104
231 5712101
231 6622101
231 6511111
231 6422101
231 2512301
231 6621111
231 3522301
231 6612301
231 2712201
231 2712301
231 5712101
231 5712201
231 5712101
231 5712101
231 6712201
231 6612301
231 6711301
231 6511311
231 3521211
231 3422101
231 6121111
231 6712301
231 2612301
231 2712201
231 6512301
231 5612301
231 3522201
231 6521311
231 6711311
231 6721101
231 6512301
231 6612301
231 5611111
231 1621911
231 1522301
231 5712101
231 6521311
231 6712301
231 5711301
231 6721111
231 6511111
231 6621311
231 6521201
231 1712201
231 6612301
231 1712201
231 5612101
231 5712101
231 2612301
231 5512101
231 6411911
231 6611101
231 6611201
231 1612201
231 1612101
231 4423201
231 6522301
231 6712101
231 3721201
231 6521211
231 5712101
231 6722301
231 2712901
231 1721911
231 2612301
231 2522301
231 6622301
231 2612301
231 6321201
231 6723311
231 1522201
231 6512201
231 6721111
231 2711301
231 6511211
231 5712101
231 5711311
231 2711211
231 6721311
231 6722101
231 6311111
231 2722301
231 6721311
231 2712201
231 6711211
231 3722201
231 2722301
231 6521201
231 6521111
231 6512301
231 6321301
231 6622201
231 3621211
231 6719211
231 6722301
231 6611911
231 5612101
231 6612201
231 6722101
231 6621311
231 3522101
231 3522101
231 2722301
231 6722301
231 6422301
231 6722101
231 5511211
231 2711311
231 2621311
231 6612301
231 6721201
231 6711211
231 6711311
231 6611111
231 5611111
231 1722101
231 2512301
231 6521111
231 5711211
231 2612301
231 2722201
231 3622101
231 6311101
231 6612301
231 5712101
231 6611201
231 2711301
231 6222101
231 5611311
231 1722201
231 6722901
231 6722901
231 1612201
231 7721001
231 6721101
231 3722101
231 6322101
231 7622001
231 5612101
231 1621211
231 5713101
231 3522101
231 2712301
231 6522201
231 2512201
231 6711211
231 5611211
231 3321211
231 1611911
231 6511311
231 3422201
231 6311311
231 6622101
231 3622201
231 3621211
231 3721201
231 3621101
231 6721111
231 2722901
231 4421201
231 2322201
231 6621911
231 6412101
231 6721911
231 6612201
231 6411311
231 6612201
231 2722201
231 5712301
231 2711301
231 6611111
231 1621211
231 6521111
231 6721311
231 6412201
231 6411111
231 2612301
231 6611201
231 6422101
231 1511211
231 1711201
231 6322101
231 6711301
231 4321311
231 6512101
231 2622301
231 1722101
231 6721011
231 2512301
231 5712301
231 2512201
231 3522301
231 2522301
231 2721211
231 1712301
231 3521111
231 6712101
231 6722101
231 1721101
231 6621011
231 5611101
231 1722101
231 3621211
231 2622201
231 6522301
231 6711301
231 6712301
231 5512101
231 7721011
231 6722301
231 6711111
231 7521011
231 6711211
231 2522201
231 6711111
231 6612901
231 6711311
231 4721911
231 2712901
231 6722901
231 6722901
231 6612201
231 5712101
231 5711111
231 6712101
231 3721111
231 1522301
231 6612301
231 6721901
231 6722101
231 6521311
231 2611211
232 6522101
232 6622101
232 6711311
232 7621001
231 6721311
232 6222201
232 6721301
232 5712101
232 2711301
232 5412101
232 5612101
232 6321111
232 1512201
231 6612301
232 6512101
232 6512101
231 3421211
232 4422901
231 6722301
232 1711111
232 2712301
232 2711111
232 3322301
231 6521111
232 6722201
232 6622101
232 5719101
231 6711211
232 2712301
232 5712201
232 6722301
232 2712301
232 7621001
232 6512201
232 6712201
232 6322101
232 3621311
232 3621311
232 3721111
232 2612301
232 6712101
231 1712201
231 1712201
232 6512901
231 6412301
232 6712301
232 5612201
232 6611201
232 6111311
232 6111211
232 6222101
232 6121311
232 6411911
231 5612101
232 6722201
232 3521111
232 6721111
232 5712101
232 4621201
232 5711111
232 1511211
232 1612101
232 6711111
232 6712201
232 6712301
232 1611111
232 4522101
232 2512201
232 3722101
232 6611111
232 6612101
232 3522201
232 1712101
232 3722101
231 6612301
231 3521311
232 6512201
232 5612101
232 3521111
232 6611311
232 5512101
232 1721211
232 3722101
232 6721311
232 6721101
232 6721901
232 3622201
232 6521201
231 6711911
231 6521211
231 6621901
231 5711111
232 2711901
232 2711111
231 1622101
231 5712101
231 6412301
232 6612301
232 6722301
231 5712101
231 5712101
231 6712301
231 6711111
231 2721201
232 7521011
232 2721311
232 6712201
232 1722201
232 7722001
232 6711201
232 6711311
232 3722101
232 2612301
232 6311111
232 5712101
231 6722101
231 5712901
232 6612101
232 5611111
232 2522301
232 2621111
232 6511311
232 6612101
232 6612301
232 6711111
232 6721201
232 1721301
232 1612101
232 6621211
232 5511211
232 3622101
231 5712101
232 6612201
231 2722101
232 6512301
232 1512201
232 6621011
232 6721311
232 1722301
232 3522201
232 3621111
232 6711111
232 6329101
232 5611111
232 6522901
231 5712101
232 6411111
232 6512301
232 6312101
232 6721311
232 1522101
232 5711111
232 6712901
232 6711911
232 3522201
232 3522201
232 5612101
232 1712201
231 6411211
232 6711311
231 6522301
232 6712901
232 6722901
232 6612301
232 2722201
231 6512201
232 1711301
232 6411311
232 3722101
232 6412901
232 3621111
232 1622201
231 6712201
232 2611211
232 3522201
232 6711311
232 6612301
232 5612101
232 6312101
232 6719211
232 3722201
231 2612101
232 7622001
232 1522301
232 5712101
232 7522001
232 6612301
232 2622301
232 6721111
232 6612101
232 3722101
232 6721111
232 6421111
232 6721111
232 6722301
232 2511311
232 6521211
232 6621111
232 3722101
232 1612101
232 3721111
232 5711111
232 3622104
231 5711111
231 5612101
232 3522201
232 1621311
232 6522301
232 2612101
232 1722101
232 6722901
232 2512101
232 6511911
232 2711301
232 7721011
232 6522301
232 5712101
232 2721311
232 3322201
232 3622201
232 6411111
232 3722201
232 7722001
232 6511311
232 2712301
232 5711111
232 5712101
232 5719901
232 6522301
232 2512201
232 6521101
232 6712101
232 5612101
232 2721311
232 6621111
232 3521311
232 7722001
232 5712101
232 6621311
232 6311111
232 6622301
232 2511311
232 5711101
232 7621011
232 3621111
232 6512101
232 6512201
232 6612301
232 6512301
232 2611301
232 6723101
232 1721111
232 1722301
232 2612301
232 3722101
231 5712901
231 6721911
232 6712101
232 2512301
231 5719911
231 2622911
231 6711901
231 5712901
231 6721911
232 6522301
232 1611911
232 6722201
232 6611211
232 6611311
232 6721111
232 6522101
232 6721111
232 4423201
232 6722101
232 6722301
232 6621311
232 6422301
232 6721111
231 6722301
232 6321211
231 6521911
232 5611111
232 2712301
232 5711101
232 3721301
232 1622201
232 2722101
232 6622101
232 2522301
232 6611211
232 6712111
232 3522211
232 6521211
232 6611211
232 3723101
232 6612201
232 6622101
232 6321201
232 6711311
232 2621201
232 6611211
232 6522101
232 6522101
232 2322101
232 6611211
232 6722301
232 3722101
232 1712101
232 6711311
232 6711211
232 6521111
232 6321111
231 5611111
232 1721111
232 5611111
232 3421111
232 5612101
232 7621011
232 5719111
232 6522101
232 2622101
232 6721111
232 5712101
232 3522201
232 2721301
232 6712901
232 6721301
232 1622201
232 6621211
232 6512901
232 2622301
232 5511111
232 2612101
232 6611111
232 6711311
232 6411311
231 6712311
232 6712101
232 6611111
232 3422301
232 6721201
232 6412201
232 6722301
232 6522101
232 6612301
232 6722301
232 3722201
232 2612301
232 5711111
232 6722301
232 6411101
231 5712101
231 5712101
232 7422001
232 1611111
232 6611311
232 6721211
232 6622301
232 6722101
232 5711211
232 2622201
232 6312301
232 2512301
232 1512201
232 6621311
232 5611111
232 4521911
232 6721211
232 3422201
232 2522301
232 3721211
232 2611311
232 6712301
231 6722301
232 2712101
232 6712301
232 6322301
232 5719101
232 3722201
232 6321311
232 2722104
232 7622004
232 3522101
232 6711101
232 6711301
232 1522301
232 6611311
232 3721111
232 6522301
232 6512101
232 6322901
232 6721111
232 6522101
232 3522301
232 6222301
232 6711301
232 6721211
232 2612301
232 2721111
232 6619211
232 6512101
231 3622301
232 3521111
232 6712101
232 6221111
232 6621311
232 2712201
232 6711911
232 2711111
232 4621211
232 2722201
232 7521011
232 6612301
232 6511311
232 3522201
232 6712201
232 6711301
232 6312301
232 5619111
232 6412301
232 7721011
232 6721111
232 6712301
231 3722101
232 2521311
232 6722301
232 1621911
232 6722901
232 3321111
232 6411311
232 6619301
232 6412201
232 6711111
232 5612101
232 6721111
232 1522101
232 5712101
232 5711901
232 1522301
232 6711211
232 3622101
232 3422201
232 6422311
232 6622101
232 6612101
232 6722201
232 5712101
232 2521901
232 3722301
232 6522301
232 5612101
232 6311301
232 2621311
232 5612101
232 4621311
232 6721911
232 2712901
231 5712104
231 5612101
232 6722101
232 6622201
232 6522901
232 2511901
232 6221311
232 6722301
232 6712301
232 6722301
232 6622304
232 6411111
232 6421101
232 6422201
232 3421211
232 6411111
232 3621211
232 6611311
232 3721111
232 6512301
232 6612301
232 5512101
232 5712101
232 1711111
232 6721111
232 3721111
232 3621111
232 3521111
232 6721111
232 3621111
232 3621111
232 3722101
232 3722101
232 6721111
232 5711211
232 2712301
232 6512301
231 4521211
232 6511211
232 1612101
232 6312901
232 2612201
232 6621111
232 6722301
232 5711111
232 4721111
231 6512101
232 6612901
232 2611311
232 2622201
232 5611311
232 3521111
232 1621111
232 3722101
232 1522101
232 5712101
232 6521211
232 5712101
232 3621111
232 6421111
232 3721211
232 3722201
232 1512301
232 6621111
232 6722901
232 1712901
232 6622301
232 1722901
232 6611111
232 2712301
232 5612201
232 6522201
232 2711311
232 1722201
232 3722101
232 6721301
232 6611311
232 6712201
232 6311311
232 2512301
232 5612101
232 1612201
232 7721011
232 5711211
232 6722201
232 6711911
232 6422101
232 1619111
232 6711311
232 3521111
232 2722301
232 5612101
232 5712301
232 3721111
232 6722201
232 6721301
232 6721301
232 2522301
232 6621111
232 6423111
232 4522301
232 6612301
232 6522301
232 7722001
232 6722201
232 6621311
232 1522301
232 6712301
232 6521211
232 6619311
232 6612201
232 2722301
232 2512301
232 1522301
232 3621311
232 5612301
232 3621111
232 7721011
232 2712301
232 3721211
232 5611311
232 3422101
232 5711111
232 6411311
232 2721311
232 6711311
232 3522201
232 6711311
232 3522201
232 3621111
232 1722101
232 6621301
232 2722301
232 6711111
232 2711911
232 1722301
232 3622101
232 6721111
232 6421111
232 4429211
232 4722301
232 3722111
232 6712201
232 1722301
232 2511111
232 6712201
232 1712101
232 6512201
232 6411211
232 6612101
232 2522301
232 6521311
232 6721911
232 1521211
232 5712101
232 6611311
232 3721111
232 5711111
232 6521111
232 7722011
232 6612901
232 7622001
232 3422101
232 6521111
232 2512301
232 5611911
232 3521111
232 6412301
232 3722101
232 6722301
232 6611211
232 6611911
232 6411111
232 3721201
232 3722301
232 6322301
232 6721311
232 6622301
232 6721111
232 5612201
232 5712101
232 5612101
232 6722301
232 2722301
232 6621101
232 6722901
232 6622201
232 6612201
232 6711111
232 6722201
232 3622101
232 6311311
232 2612201
232 6611201
232 3721101
232 7722001
232 5612101
232 6722301
232 7522001
232 3521111
232 6711311
232 6511201
232 6722901
232 1612101
232 2522301
232 6712301
232 6711111
232 6722101
232 3621911
232 6721911
232 4521911
232 6721901
232 6722901
232 6612101
232 3722104
232 6612301
232 2612301
232 3622101
232 3722101
232 5611111
232 3522101
232 1722301
232 4522201
232 6521311
232 5712901
232 5712301
232 6722901
232 6722101
232 6521301
232 6722201
232 6521111
232 2622301
232 3721111
232 7721011
232 3522201
232 7721011
232 5711111
232 6721211
232 6322101
232 6622201
232 5412101
232 6321211
232 6711911
232 6521301
232 2622301
232 3621111
232 6712101
232 3721111
232 7721011
232 5712101
232 6412101
232 6511011
232 2722301
232 6312101
232 2522201
232 6611111
232 6712901
232 4421211
232 6421311
232 2712301
232 6421101
232 6722101
232 6312101
232 6511301
232 6722101
232 6721101
232 5712101
232 6722301
232 6721211
232 6612301
232 6721311
232 6421211
232 1722201
232 3722101
232 6212101
232 6711311
232 1722301
232 1421111
232 3721201
232 3521211
232 1722201
232 1622201
232 3722201
232 5611111
232 1611311
232 1721111
232 6621111
232 6722101
232 5711111
232 4422101
232 5711111
232 3622201
232 3522101
232 6711101
232 6711311
232 1711111
232 3521211
232 7421001
232 6612101
232 3722201
232 6611311
232 3421111
232 5711111
232 6511301
232 6511111
232 5612101
232 5711111
232 3721111
232 6711311
232 6321211
232 3521211
232 7622001
232 3521211
232 5711101
232 3722201
232 6412201
232 6711111
232 6511311
232 3722201
232 5612301
232 6712901
232 6712301
232 6411111
232 6612101
232 5612901
232 2621311
232 6322201
232 6712301
232 5711311
232 2722101
232 6522101
232 3522111
232 3621311
232 2722301
232 6712301
232 1622201
232 3722201
232 3722101
232 6712201
232 6722201
232 6711311
232 5711111
232 6721311
232 6521211
232 6721911
232 3521211
232 5712201
232 5511111
232 6721201
232 3722901
232 1422301
232 3721111
232 6711311
232 1412201
232 6712301
232 3622201
232 3622201
232 3622101
232 3722901
232 6612201
232 6622101
232 1611211
232 6612901
232 6612101
232 5612101
232 1722101
232 3521211
232 1722301
232 4529311
232 1721301
232 6412301
232 3621111
232 1622301
231 5711311
232 5712101
232 5612301
232 2712201
232 5612101
232 6522201
232 6321101
232 6712201
232 6411211
232 6611211
232 6611111
232 6521211
232 3721311
232 6621101
232 5611111
232 5712101
232 5712901
232 2422201
232 1722101
232 7521011
232 6711111
232 3521211
232 1621311
232 5612101
232 6522301
232 2722301
232 2712301
232 6711111
232 6622301
232 3722201
232 2712301
232 1722201
232 5612201
232 2712301
232 6511911
232 6712301
232 5712101
232 3721111
232 7521011
232 6722201
232 6412101
232 3622101
232 7421011
232 6511111
232 6622101
232 5712101
232 3722101
232 6611911
232 6511011
232 6721111
232 1521211
232 6511211
232 6711111
232 4721211
232 6522301
232 6721311
232 6322101
232 6212201
232 6611211
232 6511111
232 2611301
232 6622301
232 6522301
232 1622301
232 6622301
232 3722101
232 6722101
232 1711311
232 5511111
232 6711311
232 3721211
232 2621211
232 2612301
232 3621111
232 3722101
232 2722201
232 6722201
232 2711311
232 3621111
232 6311111
232 1711311
232 6711111
232 1721111
232 6521901
232 5611111
232 3722201
232 6712301
232 6722301
232 5612201
232 2312301
232 6722201
232 4421211
232 3722201
232 1512901
232 6421111
232 6612101
232 6712001
232 3622201
232 1621301
232 6712201
232 1711311
232 6612301
232 2612301
232 6611111
232 6522101
232 2711311
232 6622201
232 6721111
232 6722101
232 5612101
232 4522201
232 2712301
232 6712201
232 6712101
232 7622001
232 3421311
232 6612101
232 6512201
232 4722201
232 3421211
232 5712101
232 6412101
232 1421301
232 3621111
232 3722101
232 2712301
232 6111311
232 6721111
232 3521211
232 2622301
232 6321111
232 5711111
232 7721011
232 5612101
232 5712301
232 1712901
232 1612901
232 6711911
232 6711911
232 6311311
232 6712301
232 2612301
232 6411211
232 6521111
232 5712301
232 3622201
232 1712301
232 6411311
232 2712304
232 5612101
232 3722201
232 3622101
232 6711311
232 6711311
232 1621111
232 6611111
232 6722301
232 6612101
232 5519111
232 5712901
232 6412301
232 1612301
232 2622301
232 5712101
231 5712901
232 3621111
232 6622301
232 3521301
232 1511111
232 4621301
232 6612301
232 6621111
232 3722101
232 4721311
232 1712101
232 5712101
232 6611311
232 1512301
232 2712901
232 6521311
232 6712301
232 1612301
232 3621101
232 6321111
232 2522301
232 6422101
232 6512301
232 5612201
232 6711111
232 6622301
232 6711211
232 5611111
232 6511211
232 6722101
232 5612101
232 6621311
232 6521111
232 6511911
232 6422311
232 2622301
232 6411111
232 6411201
232 3422201
232 2722201
232 3621911
232 4721111
232 7721011
232 2522201
232 6721111
232 5711111
232 6622101
232 6622301
232 5612101
232 3722101
232 6722101
232 3321911
232 6611211
232 6311111
232 6612301
232 2712901
232 6722301
232 6621111
232 5511311
232 1612201
231 6521211
232 2712301
232 6712901
232 6612901
231 5612101
232 5711911
232 6722901
232 1712901
232 2722901
232 6712901
232 6722901
232 6712901