251 6712901
251 5712101
251 1522301
251 2612101
251 5612101
251 6712301
251 1521201
251 6721101
251 6522201
251 2612101
251 6712301
251 7722001
251 1612301
251 6522301
251 6712301
251 1712201
251 1712201
251 2622201
251 2612301
251 1612201
251 5612101
251 2712101
251 4722201
251 3722101
251 5612201
251 1721111
251 5711101
251 6612301
251 1522101
251 4522101
251 3722201
251 6522301
251 1612201
251 2612201
251 7522001
251 7522001
251 5712101
251 6712201
251 6612111
251 1722101
251 6522201
251 6611201
251 7622001
251 2622301
251 2622301
251 6722201
251 2522301
251 7622001
251 3522101
251 2722101
251 1621301
251 6612301
251 6712301
251 1412301
251 6422301
251 6512301
251 6722201
251 4622201
251 3622201
251 2712301
251 6712301
251 6712201
251 2722301
251 6522201
251 2712201
251 6512001
251 1612101
251 6722201
251 3622301
251 3622101
251 6712101
251 2612301
251 3722301
251 1722101
251 5711101
251 5712101
251 6712301
251 3722201
251 5511101
251 6412201
251 3622201
251 1622101
251 6622101
251 6712101
251 6521301
251 1622201
251 3422101
251 6622101
251 1712301
251 6612301
251 5612201
251 5712101
251 5712101
251 6712301
251 3422101
251 6712201
251 1722201
251 7522001
251 2722301
251 6522101
251 6512901
251 3722201
251 1722301
251 5711111
251 5712101
251 1712201
251 5712901
251 6722301
251 7722001
251 3522201
251 2612201
251 3522101
251 7522001
251 5712201
251 3621101
251 6622101
251 7422001
251 2712301
251 3723101
251 2712201
251 3722301
251 1722201
251 3522301
251 2712101
251 3422101
251 5612101
251 6721201
251 5712101
251 6722101
251 3521211
251 5712101
251 5712901
251 6611201
251 1622101
251 6522101
251 6722301
251 6412201
251 6721311
251 6612101
251 1511201
251 6322301
251 6721101
251 5612101
251 3622101
251 6312101
251 6522101
251 5712101
251 6612201
251 3421111
251 2712101
251 7521011
251 6322901
251 6722301
251 1712101
251 6512201
251 5612101
251 6412101
251 6712001
251 6512201
251 6722301
251 1622301
251 7522001
251 3521101
251 5712201
251 6622201
251 2612301
251 3722101
251 6612101
251 2712101
251 3722101
251 2712301
251 2722301
251 5712101
251 6722301
251 6712901
251 6622101
251 2522101
251 2721201
251 5712101
251 6622101
251 5712101
251 5712101
251 6712301
251 1522101
251 1712101
251 3721201
251 6511211
251 6612301
251 3722101
251 5712101
251 2612301
251 6712201
251 6512301
251 6322201
251 6722201
251 5612201
251 5712101
251 1622201
251 1722101
251 6322301
251 5712101
251 1722201
251 6522301
251 1712201
251 6612301
251 7722001
251 3422101
251 6622101
251 3621211
251 6622301
251 3422101
251 5712301
251 3522101
251 6212301
251 3722101
251 5712101
251 5712101
251 5712101
251 2712201
251 6412301
251 5612101
251 6612301
251 6612201
251 1722101
251 6722901
251 2522201
251 4422101
251 1612301
251 2622301
251 1712201
251 2712101
251 5711301
251 6722201
251 2622201
251 2712301
251 6522201
251 6722101
251 5712101
251 6722101
251 3722301
251 3722301
251 6612201
251 6612001
251 2712101
251 3621101
251 5612101
251 6712101
251 3722301
251 3722101
251 2712301
251 6712301
251 2412301
251 6622101
251 1722201
251 3622201
251 6512301
251 3522301
251 2622201
251 3622101
251 3422101
251 6622301
251 2722301
251 3422101
251 6712201
251 2712301
251 3522101
251 2512301
251 5712301
251 6712301
251 6722301
251 6522101
251 2712301
251 5712201
251 2712301
251 1612301
251 3622101
251 6722901
251 3722101
251 6412201
251 5712101
251 6322901
251 5612101
251 6322101
251 3522304
251 3522101
251 4522101
251 2622101
251 3622101
251 2621301
251 1422101
251 6612101
251 6512301
251 6522301
251 6711111
251 5612101
251 3522101
251 1611201
251 5712101
251 6622301
251 5512101
251 5712101
251 5712101
251 5612101
251 6722301
251 7322001
251 6722201
251 3722101
251 7422001
251 5711301
251 1722201
251 6712301
251 1722901
251 6712101
251 1621301
251 2712301
251 5711111
251 3722201
251 1722201
251 7522001
251 6612101
251 5512101
251 2612101
251 4322101
251 3722101
251 6712901
251 1721101
251 6512301
251 6512201
251 1712301
251 6722301
251 6622301
251 5712101
251 6522101
251 5712201
251 6712301
251 6711001
251 3522201
251 1722901
251 6622901
251 5712301
251 6613301
251 6712301
251 6612201
251 2711101
251 3522201
251 2522201
251 6711201
251 2522301
251 5612101
251 5712101
251 2512301
251 2622301
251 3522201
251 3622101
251 5712101
251 5612101
251 5612101
251 3622101
251 2712101
251 3722101
251 3722101
251 2612301
251 5712201
251 2712201
251 3621111
251 6712101
251 2522201
251 2622201
251 6722101
251 2722301
251 1522201
251 6122301
251 3622101
251 5612101
251 1512201
251 5712101
251 6412301
251 5612201
251 7522001
251 5712101
251 5712101
251 1712201
251 2622301
251 5612101
251 6722301
251 7622001
251 3522101
251 6622101
251 3422104
251 2622201
251 6712301
251 2412301
251 6522201
251 6512201
251 3522201
251 1512301
251 1522901
251 2612301
251 2512301
251 4522201
251 6621111
251 1512301
251 6512201
251 2722301
251 1622201
251 1722101
251 5712101
251 5612101
251 5512101
251 5712101
251 6612201
251 6412201
251 5711101
251 3622201
251 5711101
251 1712201
251 6522301
251 3722101
251 6722901
251 5712101
251 6722201
251 5712101
251 5712101
251 3522201
251 3622201
251 1712101
251 3322201
251 5712101
251 6612301
251 5712101
251 6612101
251 1722201
251 6313101
251 6612301
251 5712201
251 6622301
251 5712101
251 2712201
251 1712201
251 6522101
251 1712201
251 2712201
251 3722301
251 6322101
251 3722201
251 6712301
251 2712301
251 3622201
251 3622201
251 3722101
251 3522101
251 1722301
251 1522201
251 6712101
251 5712101
251 2712201
251 6512101
251 5612101
251 2622301
251 3622301
251 2712301
251 1522201
251 2612101
251 2712101
251 6412101
251 6612301
251 7622001
251 6319201
251 7722001
251 1721101
251 1722201
251 1722301
251 6411201
251 6722101
251 5712101
251 6722301
251 6312201
251 6512301
251 2722301
251 6522101
251 3529211
251 6712301
251 6722901
251 1712201
251 6722301
251 5719101
251 3621201
251 1712101
251 2512301
251 6613101
251 5712101
251 5712101
251 5712101
251 6522301
251 1722101
251 6712301
251 6722201
251 6721301
251 6522301
251 3621101
251 6712101
251 6321111
251 2722101
251 6422201
251 2722301
251 2711301
251 3722101
251 6612201
251 6622201
251 1612201
251 3422101
251 2722301
251 5612101
251 6722301
251 2622201
251 6612201
251 2711301
251 3522201
251 5612101
251 6721301
251 5712101
251 2612201
251 3622301
251 1711211
251 1412201
251 6722301
251 6722301
251 6722101
251 6721901
251 6612301
251 3522101
251 5712101
251 5712101
251 5612101
251 5712201
251 3722101
251 7622001
251 5612101
251 1622101
251 2522301
251 2712101
251 2512301
251 1612301
251 6521311
251 6712301
251 3722201
251 6122301
251 7622001
251 6721111
251 1512301
251 6712301
251 3722101
251 5612101
251 6612201
251 6522301
251 5512101
251 6722301
251 6612201
251 6512101
251 6622301
251 2712301
251 6612201
251 6612301
251 2611201
251 6622101
251 1622301
251 3522201
251 3622101
251 5612101
251 6711101
251 6712101
251 1623201
251 2722901
251 2612301
251 6722101
251 6321901
251 6612101
251 1412201
251 1712101
251 5612101
251 4622101
251 5611111
251 5712101
251 6712201
251 5612101
251 3522101
251 4722101
251 2711301
251 3722301
251 6312201
251 6512301
251 2612301
251 6712201
251 6512201
251 2712301
251 1622201
251 6612301
251 2722301
251 2522301
251 1722301
251 3622201
251 6612201
251 6422201
251 5712101
251 1722101
251 1522201
251 1622201
251 1722301
251 5712101
251 2612301
251 6322101
251 6511211
251 6712201
251 5712101
251 5612101
251 3522201
251 1722201
251 2722101
251 3722101
251 5712101
251 6622201
251 6622101
251 4322201
251 6722001
251 2612201
251 7722001
251 6511211
251 2622201
251 6722001
251 2522301
251 5612101
251 5512101
251 1622201
251 6522101
251 5712101
251 1622301
251 3622101
251 6622201
251 6622101
251 6512301
251 3521111
251 3722201
251 3621111
251 6722301
251 5712101
251 2712101
251 6512201
251 6412101
251 1522101
251 3622101
251 5612101
251 6712301
251 3722101
251 6411111
251 1622101
251 2722301
251 6711101
251 6711901
251 6511101
251 5512101
251 3422201
251 3722101
251 5612101
251 6712301
251 6421211
251 1722201
251 5712101
251 2512301
251 5712102
251 3422101
251 1612101
251 7721001
251 2612101
251 6622301
251 3522201
251 4622101
251 6722101
251 6722901
251 3522201
251 5612101
251 2622301
251 3622201
251 4722201
251 1522101
251 6622901
251 6612101
251 1712301
251 6312101
251 1712201
251 6512201
251 6512301
251 3722101
251 1722101
251 6612201
251 3622201
251 4522301
251 3522301
251 2712301
251 2712301
251 3522301
251 7622001
251 3722101
251 6622301
251 6512201
251 6322101
251 2721301
251 6622101
251 6622301
251 5612101
251 5712101
251 5712101
251 6612101
251 6722301
251 1712201
251 3422101
251 6722301
251 6622301
251 4522301
251 1721301
251 6721201
251 6721301
251 5712101
251 1711201
251 5712101
251 3522101
251 6722901
251 3422101
251 4722201
251 1512201
251 6712101
251 3622301
251 7622001
251 6612201
251 2511301
251 2722301
251 5612101
251 6522201
251 4522101
251 6522101
251 5612101
251 6512301
251 1612301
251 7522001
251 6512201
251 5612901
251 6512101
251 6622901
251 3722101
251 5512101
251 6412301
251 4522201
251 5712101
251 7621001
251 3622101
251 7722001
251 2712301
251 2712201
251 2712201
251 6612101
251 1712101
251 6722301
251 6512101
251 5711301
251 3622101
251 6622301
251 6712101
251 6612201
251 2512301
251 3622201
251 7622001
251 6512201
251 2612301
251 6712201
251 5612101
251 5712101
251 5512101
251 3322201
251 6711201
251 5612101
251 2612301
251 4622301
251 6412201
251 6522201
251 2712101
251 2612101
251 7722001
251 6622201
251 5712101
251 6411111
251 6612901
251 6412901
251 1622101
251 5712101
251 5512101
251 5512101
251 4422301
251 3521211
251 6421911
251 2512201
251 6722301
251 1722901
251 7529001
251 5712101
251 5712101
251 5712101
251 5612101
251 5712101
251 2722101
251 6522301
251 7622001
251 3722201
251 2712301
251 5712201
251 6522201
251 5712101
251 3721101
251 2512301
251 6222201
251 2612301
251 6722301
251 6712201
251 3421211
251 1712201
251 6722301
251 5713201
251 5612101
251 6712901
251 3621301
251 6612201
251 6712101
251 3522201
251 6512301
251 2722301
251 6612201
251 6712101
251 2722301
251 2722301
251 6712201
251 6721311
251 3721201
251 5712101
251 5612101
251 1712101
251 5712101
251 6612301
251 6712301
251 5612101
251 5612101
251 5712101
251 6721301
251 2522201
251 3722201
251 3722201
251 1512101
251 3622101
251 6522201
251 3522101
251 2712301
251 6622101
251 2722101
251 3722101
251 6722301
251 5612201
251 2612301
251 4522101
251 6612301
251 6622301
251 2611301
251 3622201
251 2721301
251 6522301
251 6722201
251 6722301
251 2712301
251 3722201
251 6712201
251 5712101
251 3322201
251 5612101
251 5612101
251 2722101
251 3621101
251 3522101
251 3522101
251 6713901
251 1612201
251 6522201
251 7722001
251 2712301
251 4722201
251 1622101
251 6712901
251 6721301
251 6712901
251 7622001
251 3721101
251 5712101
251 6612304
251 5612101
251 6622101
251 6412201
251 5512301
251 2612301
251 5712301
251 6522301
251 6611301
251 5712101
251 2722101
251 2522301
251 3722201
251 6721101
251 5512101
251 5512101
251 5512101
251 3522301
251 6421111
251 6621101
251 6712301
251 3622201
251 3722101
251 5512101
251 4522201
251 6412101
251 6712301
251 3522101
251 6512101
251 2712201
251 6322301
251 6622101
251 1522201
251 3522101
251 5712101
251 3322301
251 3322301
251 2522201
251 6712301
251 2712101
251 6612301
251 6422101
251 6712301
251 1722301
251 4422101
251 4422101
251 6722301
251 6612201
251 3722101
251 3522201
251 3522101
251 6612201
251 6612201
251 1512101
251 6711901
251 5612101
251 1312101
251 2722201
251 1522301
251 6722201
251 6412101
251 6322101
251 1512301
251 6621301
251 6512101
251 6712301
251 6611301
251 6522201
251 6612101
251 5612101
251 6622301
251 6612101
251 1622101
251 1722101
251 1512101
251 5712101
251 6712901
251 1722101
251 2622101
251 6722901
251 2722201
251 3722101
251 2512301
251 3722201
251 6712101
251 6712201
251 4722201
251 3722201
251 3622301
251 7522001
251 6722101
251 6712301
251 6622101
251 1712101
251 2712301
251 5612101
251 6522301
251 1722201
251 1511211
251 6612201
251 3722101
251 2512301
251 2422301
251 5612101
251 6712101
251 5512101
251 2612201
251 2612101
251 6612101
251 6512201
251 6722101
251 5512101
251 6612101
251 1722101
251 7722001
251 1722301
251 2612301
251 6722101
251 1711301
251 6712301
251 1522101
251 6722201
251 2612201
251 7622001
251 2712201
251 6722201
251 6522101
251 6722301
251 1712101
251 5712101
251 6721101
251 3722201
251 7722001
251 6622001
251 6622101
251 5712101
251 6322201
251 1622201
251 5712301
251 5712101
251 5612101
251 5612101
251 6512201
251 2712101
251 6622101
251 6722101
251 3622101
251 6712301
251 3722101
251 6512201
251 2512301
251 1722901
251 6722901
251 6712101
251 1522901
251 6522101
251 5512101
251 6722901
251 6511211
251 6522201
251 5611101
251 6712301
251 5512101
251 3422201
251 2622301
251 5712901
251 5712901
251 7722001
251 2722101
251 6512101
251 3422101
251 6512301
251 7722001
251 6712301
251 2712301
251 3622101
251 5512201
251 2622301
251 5612101
251 2512201
251 2712301
251 6412201
251 1712301
251 6611301
251 2712301
251 1722201
251 3522101
251 5712901
251 5712901
251 6621911
251 2712901
251 6222301
251 3322201
251 6712901
251 1722901
251 1712901
251 6722901
251 2722901
251 2712901
251 2622901
251 2722901
251 5612101
251 6612201
251 6712901
251 5512101
251 2612301
251 6722901
251 6612101
251 5612101
251 1722901
251 6712201
251 6711301
251 6711301
251 2722301
251 6722901
251 6722901
251 2722901
251 3522901
251 5712101
251 6722301
251 6512201
251 4722201
251 6621111
251 2622101
251 5712101
251 5712101
251 6622101
251 7522001
251 6612301
251 6722201
251 3521301
251 6722901
251 6512101
251 6721301
251 3622101
251 5712901
251 2412901
251 2711901
251 5712101
251 5712101
251 6512301
251 5712101
251 5612101
251 5712101
251 5712101
251 5612301
251 5612101
251 1712301
251 5612101
251 5712101
251 6612301
251 2712901
251 5712101
251 1612101
251 1712201
251 5712101
251 6712901
251 5612101
251 5612101
251 5611101
251 5612301
251 5712101
251 2722201
251 6722201
251 6322301
251 3722101
251 6712301
251 5712101
251 6722301
251 6612301
251 2722201
251 4422101
251 2622301
251 6623101
251 6622301
251 2422301
251 3721101
251 6612901
251 6722901
251 6722201
251 6712101
251 6712301
251 6722101
251 6622101
251 6611311
251 2512301
251 2512301
251 6612301
251 6612301
251 2622301
251 6621901
251 6722301
251 6522101
251 3522101
251 5712101
251 6211111
251 6612301
251 2522301
251 3421111
251 3522201
251 3622101
251 6612101
251 6312201
251 1612301
251 3722201
251 3622101
251 6612101
251 6622301
251 6712101
251 2512301
251 6722201
251 2722301
251 6712201
251 6712101
251 6722101
251 6722101
251 6722201
251 5612101
251 5512101
251 6712201
251 5612301
251 3522201
251 4422101
251 2612301
251 1622201
251 3722101
251 2522101
251 5512101
251 5712101
251 6612901
251 5712301
251 6622201
251 6612201
251 6612101
251 5712101
251 2622301
251 3622101
251 6311111
251 5712101
251 1622101
251 6722201
251 6422101
251 5512101
251 6612201
251 5612101
251 6612101
251 6612201
251 5611101
251 2722201
251 3622201
251 1521201
251 6712201
251 3522201
251 1522301
251 2621101
251 6622101
251 6322301
251 5412101
251 5712101
251 2712201
251 5712101
251 5712101
251 5712101
251 5712101
251 5712101
251 5712101
251 5712101
251 5711101
251 1612301
251 2622301
251 5712101
251 1622101
251 1722901
251 6712101
251 2722101
251 1512201
251 6621111
251 3623101
251 5511101
251 1522101
251 5512201
251 6721201
251 6712301
251 2722101
251 5512101
251 6622301
251 6422301
251 3622104
251 6622201
251 6712101
251 6512301
251 7422001
251 5612101
251 2612301
251 6322301
251 6522201
251 6722201
251 4522201
251 2512301
251 6522101
251 6412101
251 6722101
251 6721201
251 6612301
251 6712101
251 3422201
251 3622201
251 5712101
251 5712201
251 5712101
251 5712301
251 2712301
251 2722301
251 2522301
251 5712301
251 1422101
251 2722301
251 6721211
251 1422201
251 6512101
251 6612901
251 6512201
251 3522201
251 2712201
251 6612101
251 6111111
251 6622201
251 6612101
251 6512301
251 1721301
251 2712301
251 2712201
251 2622301
251 2612301
251 7522001
251 3522101
251 2712301
251 5512101
251 5712101
251 1512301
251 1612301
251 2722301
251 1612101
251 2612201
251 6612001
251 6722201
251 1712101
251 3622101
251 5712101
251 5612201
251 3621101
251 3621201
251 7722001
251 3722201
251 6712001
251 6711911
251 5612201
251 3622201
251 6712301
251 6612201
251 1612101
251 6712101
251 6711211
251 2722201
251 6722301
251 1722301
251 2722301
251 1722101
251 2612301
251 3422101
251 6322301
251 6612201
251 1722101
251 6713101
251 3722201
251 5712101
251 5612101
251 6712201
251 6622101
251 5712101
251 5712101
251 2722901
251 6312101
251 6321101
251 2712901
251 5412101
251 5712301
251 2722201
251 3522101
251 6722301
251 2512301
251 6522101
251 3622201
251 6722301
251 2722301
251 6721201
251 6712301
251 7621001
251 2612301
251 6322101
251 6622101
251 6721301
251 5712101
251 5712201
251 1612301
251 1712101
251 5612101
251 5612101
251 5712101
251 5712101
251 5712101
251 5612101
251 6712301
251 6712101
251 6521111
251 6521111
251 4522201
251 2612301
251 5512101
251 6512301
251 2712901
251 5612101
251 5719111
251 5712101
251 2621301
251 3322101
251 5712101
251 7622001
251 1622301
251 3422201
251 6722301
251 6723101
251 3421211
251 3721101
251 3522201
251 2612301
251 6712101
251 1722201
251 2522201
251 6712101
251 1522101
251 3721201
251 2512301
251 3722101
251 2722301
251 6722101
251 3722201
251 4422301
251 6721101
251 3622101
251 5612101
251 1722301
251 2712301
251 3622201
251 3422201
251 5712101
251 3622201
251 6622301
251 6622201
251 3722101
251 6522301
251 5712101
251 6522301
251 5711101
251 6311101
251 6712101
251 6622201
251 2722301
251 5712101
251 6722301
251 2612301
251 1612101
251 5712101
251 3622101
251 2722301
251 6712301
251 1721311
251 6722901
251 3522201
251 3622101
251 3722101
251 6422301
251 6722201
251 7522001
251 5712101
251 4622101
251 2712301
251 3522101
251 6712101
251 5512101
251 6323101
251 6722301
251 6722101
251 6612301
251 2712201
251 6321101
251 6722201
251 1412201
251 6322201
251 6422201
251 6312101
251 6322201
251 3722101
251 6422901
251 3722901
251 6722901
251 6722101
251 6722201
251 3721201
251 1622101
251 1712101
251 1712101
251 2722101
251 1522101
251 1712201
251 1721201
251 1612101
251 1712101
251 2721201
251 2612201
251 5612101
251 5612101
251 6722101
251 6712301
251 1612301
251 2712101
251 5712101
251 3522101
251 6712301
251 5712104
251 2512301
251 6612201
251 6722201
251 6712301
251 1522101
251 2612301
251 5612101
251 6512301
251 5712101
251 6612301
251 7622001
251 6722901
251 1712201
251 2712301
251 1712201
251 1511111
251 6722201
251 5612201
251 6722301
251 6612101
251 6722201
251 6722201
251 6712301
251 1712901
251 2712301
251 6622301
251 6722301
251 1722301
251 6612301
251 6612101
251 6312901
251 6622901
251 1512201
251 5512101
251 5712101
251 2612301
251 3622101
251 2712301
251 5512101
251 5712101
251 7721001
251 3622201
251 6512101
251 2722301
251 2712301
251 1712201
251 5712101
251 3721201
251 6622201
251 6712301
251 2712201
251 5712101
251 6712101
251 2612301
251 6622901
251 1722301
251 1522201
251 7522001
251 6612201
251 6322201
251 3522111
251 6712301
251 5712101
251 6522101
251 5612101
251 6312901
251 6622201
251 6512201
251 6612301
251 2512201
251 1512301
251 3722201
251 6312301
251 6422101
251 2712301
251 1512301
251 5712101
251 2522201
251 3622201
251 5712101
251 6612901
251 6712301
251 6712101
251 2722201
251 6512301
251 1712201
251 3722101
251 7722001
251 1712201
251 6712301
251 3522201
251 6722101
251 2522101
251 3622201
251 1512101
251 2622301
251 3622201
251 1412201
251 5612101
251 5712101
251 5712101
251 6722101
251 2622301
251 2712201
251 2513301
251 6622101
251 6712201
251 2712301
251 3522101
251 6622101
251 1522101
251 2512301
251 6722901
251 6722901
251 6722201
251 5612101
251 5712301
251 6713301
251 3629111
251 3322201
251 6622201
251 2712301
251 3622201
251 2522301
251 6721301
251 7622001
251 3522201
251 3722201
251 3522101
251 7522001
251 6422201
251 5712101
251 6711101
251 1712301
251 6721301
251 4522301
251 5712101
251 5612101
251 2622101
251 6612301
251 1612301
251 2522301
251 2612901
251 6522301
251 5712101
251 6522101
251 6522101
251 2712901
251 3622101
251 2512301
251 6512201
251 6612101
251 3522201
251 5712101
251 6722901
251 2612901
251 5712901
251 1712901
251 6722901
251 1722901
251 6522901
251 6722901
251 5712901
251 6712301
251 2712901
251 2722901
251 6622901
251 6722901
251 6612901
251 6512901
251 6612301
251 6712001
251 6622201
251 6612101
251 1521101
251 6712301
251 6612201
251 1522101
251 6522101
251 1712201
251 6722101
251 1622101
251 5612101
251 6612301
251 2722301
251 3622101
251 7721001
251 6611301
251 3722101
251 7521011
251 5612101
251 6612101
251 5713901
251 6622201
251 7422001
251 2712301
251 6512901
251 6612101
251 1612201
251 6722101
251 6712101
251 3622201
251 1612301
251 1622101
251 5512101
251 2622101
251 6612301
251 1522101
251 2712301
251 6712201
251 1722201
251 6522901
251 3722201
251 2712301
251 3622101
251 3422101
251 1722201
251 5712101
251 6712201
251 1712201
251 5612101
251 1521111
251 6722901
251 2622201
251 6622101
251 1612201
251 6411201
251 2712301
251 7522001
251 6612901
251 7723001
251 2512301
251 6522301
251 1522301
251 3721201
251 5612101
251 5612101
251 3422201
251 6622901
251 7622001
251 7422001
251 7422001
251 2612201
251 3529111
251 1712101
251 1722301
251 1712201
251 7622001
251 5712301
251 2512301
251 2422201
251 2722301
251 6711201
251 5712101
251 3322201
251 3422201
251 2612301
251 1712201
251 1712201
251 2522301
251 5612101
251 5513201
251 3722301
251 6622301
251 1512301
251 5612101
251 1612101
251 1722301
251 3722101
251 2522101
251 6712201
251 3722101
251 2722301
251 3622201
251 2612101
251 5712201
251 6522101
251 6612301
251 1722101
251 6612301
251 2712201
251 2712301
251 6512901
251 3522101
251 3722201
251 6622101
251 2712301
251 5512101
251 1622101
251 3722301
251 6722901
251 5712101
251 6322301
251 5612101
251 6122301
251 7722001
251 3722201
251 2712101
251 3521111
251 6612901
251 6522301
251 6612101
251 6622201
251 1612901
251 6512101
251 6612301
251 6421111
251 5712101
251 3722101
251 3622101
251 5712301
251 3722101
251 3721201
251 5612301
251 6712901
251 6711301
251 2712301
251 5712101
251 6612101
251 1711111
251 1712101
251 6621311
251 5711911
251 5712111
251 1622101
251 6722301
251 5612101
251 5512101
251 3522201
251 6311311
251 4622101
251 6322101
251 5512101
251 1612101
251 6712101
251 5612101
251 2722301
251 6711211
251 6711201
251 5612101
251 6712301
251 1512101
251 6322101
251 6712301
251 3521211
251 6612201
251 6512201
251 3622101
251 2622301
251 6722301
251 6722101
251 6622101
251 6722301
251 2712101
251 3722201
251 5612101
251 2722301
251 6711001
251 3621201
251 6722901
251 2622301
251 2712301
251 1722101
251 6722101
251 1712101
251 5512101
251 6722101
251 7722001
251 5612101
251 6722201
251 3522101
251 6722101
251 6422101
251 7521011
251 6721901
251 1622301
251 2511111
251 6622301
251 2622301
251 2611301
251 6722301
251 6512101
251 6622301
251 5712101
251 6622201
251 3722101
251 3622101
251 6512101
251 6712301
251 3522101
251 3522101
251 2711201
251 1612301
251 5612201
251 2712101
251 5712101
251 2622301
251 6712001
251 3622301
251 6622901
251 6721901
251 6712001
251 3722101
251 5612101
251 6722201
251 5712301
251 3622101
251 6521101
251 3522101
251 6622101
251 2512201
251 6612201
251 5712301
251 6722301
251 5711101
251 6612201
251 1712101
251 5711111
251 5612101
251 3422201
251 4722201
251 6722101
251 1622201
251 3522201
251 5711111
251 5612101
251 2612201
251 6712101
251 6712301
251 1712201
251 6721311
251 3722101
251 3722101
251 3522101
251 6712301
251 6422101
251 6612101
251 6322201
251 6722901
251 2722201
251 1722201
251 6722101
251 3622301
251 5712301
251 6722201
251 1722201
251 2622201
251 5612101
251 6522101
251 2422101
251 6622201
251 6712301
251 6722101
251 6422101
251 3722901
251 3722101
251 6712301
251 6622201
251 5712101
251 6512301
251 5511201
251 2712301
251 5611301
251 1712201
251 6412301
251 6712301
251 6622101
251 2712301
251 3622101
251 6721101
251 3422201
251 1512301
251 5712101
251 2612301
251 2722101
251 5612101
251 3522201
251 5612301
251 6521311
251 5612101
251 6722101
251 6722101
251 7522001
251 3522301
251 6321101
251 7522011
251 3722301
251 6712301
251 6612101
251 6612301
251 1722201
251 6522201
251 3722101
251 3522201
251 6712101
251 5712101
251 5712101
251 6522101
251 5712101
251 6712901
251 3522201
251 3722201
251 2722901
251 2722901
251 2622301
251 2712201
251 2712301
251 2612301
251 6722101
251 6722301
251 6722101
251 5712901
251 6722901
251 6722901
251 6722301
251 5611201
251 2722301
251 2722201
251 3722301
251 3722201
251 2622101
251 3721101
251 7721001
251 1522101
251 3522101
251 6722101
251 6511314
251 6722101
251 6412101
251 6722301
251 2721301
251 6612901
251 2612201
251 1512201
251 2522201
251 2522201
251 6612201
251 6622201
251 1611211
251 5612101
251 5712101
251 6612301
251 6722301
251 6312901
251 3522201
251 6512101
251 5612101
251 6522101
251 6612301
251 6512301
251 3522201
251 5612101
251 6722301
251 3722201
251 6722301
251 6612201
251 7622001
251 6622101
251 5612201
251 6712304
251 1422301
251 6522201
251 6312901
251 6722301
251 2712301
251 6722101
251 7722001
251 3522101
251 6622301
251 2712301
251 6722201
251 5512101
251 6622301
251 3622101
251 7722001
251 3722101
251 1712101
251 6522101
251 6621101
251 6712301
251 6722101
251 6622301
251 6622301
251 6312101
251 2622201
251 6422901
251 6312101
251 2722301
251 6612201
251 5712301
251 6512101
251 6612301
251 6612901
251 5612101
251 6512101
251 5612301
251 6512101
251 6722301
251 6612101
251 1612201
251 1621311
251 1612901
251 6512901
251 5712901
251 6721911
251 2712901
251 6622901
251 6722901
251 2712901
251 6622301
251 6712101
251 3321111
251 6312201
251 6622301
251 6522201
251 2722301
251 2712101
251 6712301
251 6522301
251 3723201
251 6522201
251 1513101
251 2712201
251 6712301
251 6411301
251 6622301
251 3622201
251 6612201
251 6312301
251 2712201
251 4322101
251 3722101
251 2612301
251 7722001
251 2722201
251 6622101
251 6622901
251 4622901
251 5612101
251 6611901
251 6612301
251 6612901
251 1612201
251 6722201
251 1511911
251 6522201
251 4521111
251 3621111
251 5712101
251 7321011
251 5612101
251 3722101
251 7621001
251 6722101
251 6622301
251 1622301
251 1622301
251 6722101
251 6612201
251 2722301
251 6722201
251 3622101
251 2722201
251 6622201
251 6612301
251 2722301
251 6512301
251 2622301
251 7422001
251 1712101
251 2721101
251 5712101
251 6522301
251 6512301
251 6612301
251 7521001
251 3522301
251 1722101
251 3722201
251 7722001
251 6612301
251 1712301
251 1522101
251 6722001
251 6612301
251 6512301
251 1712201
251 1722201
251 6722301
251 6512201
251 6711301
251 6612101
251 1722101
251 5611101
251 6612901
251 3521201
251 1521201
251 2311111
251 2612301
251 6622301
251 6722301
251 3722101
251 6712101
251 6622201
251 5512101
251 6721901
251 1722101
251 6722901
251 6722201
251 5712101
251 2522301
251 3422101
251 3422101
251 6522901
251 6722201
251 6722001
251 2512201
251 6321311
251 6612101
251 6621101
251 6522901
251 1522101
251 2622301
251 2612301
251 5712101
251 6712301
251 6329111
251 6722301
251 6722201
251 3722101
251 3722101
251 6622301
251 1712201
251 5712101
251 3722201
251 2712101
251 6612301
251 5612101
251 5612101
251 2711301
251 5612101
251 1612301
251 6712301
251 2612201
251 1721111
251 1622101
251 7721001
251 3722101
251 6622301
251 6522201
251 2522301
251 6712301
251 7622001
251 2622301
251 5612101
251 3622101
251 2712301
251 6522101
251 6729301
251 4622201
251 1512301
251 6712901
251 6712301
251 5512101
251 6712301
251 6722101
251 7522001
251 6412201
251 1712201
251 6712901
251 6722101
251 3722101
251 3721111
251 1721301
251 2722101
251 6612301
251 3622301
251 7322001
251 2622301
251 1722201
251 3521101
251 6722301
251 5612301
251 6722301
251 7522001
251 3622101
251 6712301
251 3322101
251 1722301
251 5612901
251 5712101
251 6512101
251 5711111
251 6412301
251 3622901
251 6622101
251 2711101
251 6622301
251 2712201
251 5512101
251 6722301
251 2722201
251 2712201
251 6612301
251 6621301
251 6622201
251 6712201
251 6512101
251 1722301
251 6722301
251 3722301
251 6622201
251 7422001
251 6521101
251 6622201
251 6722201
251 6112301
251 3322101
251 3722101
251 5711301
251 6512201
251 2712301
251 6712101
251 2722301
251 1621111
251 6512301
251 6522201
251 1722101
251 6422101
251 6622101
251 6711111
251 6622101
251 5712101
251 2722301
251 2712201
251 3522301
251 1622201
251 6622101
251 6711911
251 5612101
251 6712301
251 6712301
251 6712201
251 4322101
251 6422101
251 6622201
251 6622201
251 6312301
251 6112101
251 2522201
251 6511201
251 6612101
251 6722101
251 3622201
251 1612101
251 6712101
251 1522201
251 2612301
251 6722301
251 3421101
251 5712101
251 5712301
251 3622101
251 2712301
251 2712201
251 6712001
251 7722001
251 5712101
251 3322201
251 6522201
251 6512301
251 2612301
251 5612101
251 1511211
251 1512201
251 2722201
251 6412301
251 6623301
251 2612201
251 2412201
251 6521311
251 3621201
251 3522301
251 1622201
251 3722101
251 2722301
251 6622101
251 2722301
251 6622101
251 2712201
251 6722101
251 5712101
251 6711301
251 2712201
251 3522201
251 6723101
251 6322101
251 4322111
251 6722201
251 3522101
251 6612201
251 1512201
251 6522101
251 6512301
251 1612301
251 2621301
251 5712901
251 3422101
251 2622201
251 2622301
251 6722101
251 3622101
251 6712101
251 6612101
251 5712101
251 6612001
251 3622201
251 2622301
251 1612201
251 3722101
251 5512101
251 6412304
251 3622101
251 3721101
251 1612201
251 3722101
251 1622301
251 5512101
251 6512101
251 6522101
251 2522301
251 6512101
251 3522301
251 3622101
251 6612301
251 2622301
251 6412301
251 3722201
251 3622201
251 6711301
251 3621201
251 6612301
251 5612101
251 2712101
251 2712101
251 6712101
251 2721311
251 7621001
251 6722301
251 1622101
251 6611211
251 2612301
251 2722201
251 6622301
251 6612301
251 5612101
251 2622301
251 1612301
251 6522301
251 1722301
251 5612101
251 5712101
251 5712101
251 5712101
251 6712301
251 6712301
251 6512201
251 6722201
251 7722001
251 1412101
251 5712101
251 6522101
251 7622001
251 1422301
251 2512301
251 7622001
251 3722101
251 5712101
251 5612101
251 5712101
251 2711101
251 5411111
251 2712301
251 5712201
251 1612201
251 3622101
251 5612101
251 3522201
251 6622201
251 6623101
251 5612101
251 2612301
251 3522201
251 6522101
251 5612101
251 6722201
251 2312301
251 5712101
251 2711301
251 5612101
251 2512301
251 7622001
251 6622301
251 2722301
251 6522101
251 2612201
251 2722201
251 6522301
251 6722301
251 6712101
251 2622101
251 2712301
251 7522001
251 6612301
251 1611301
251 6721301
251 6612201
251 5711311
251 5711101
251 7622001
251 6712101
251 6612301
251 7721001
251 6612101
251 6612101
251 1612201
251 6722104
251 3622101
251 1721301
251 6722101
251 6722101
251 2722301
251 1622201
251 1622201
251 6612901
251 5612101
251 6622101
251 5712101
251 6723301
251 4521201
251 7522004
251 5711211
251 1722201
251 6212301
251 6622301
251 7422001
251 1622201
251 3722101
251 7722001
251 2721101
251 5612101
251 6112301
251 4622301
251 3422101
251 6722101
251 5712101
251 6712201
251 2612301
251 3622201
251 2721301
251 6711301
251 1722101
251 6412201
251 1712201
251 5712101
251 1622101
251 6722101
251 7622001
251 5612101
251 6711311
251 6612101
251 2712201
251 6712101
251 2712301
251 5712201
251 3422201
251 6612201
251 5712101
251 6612201
251 1612201
251 1612101
251 5712101
251 5712101
251 3622201
251 6422301
251 5612101
251 5612101
251 5712101
251 2712201
251 1721211
251 2712101
251 6622201
251 3721201
251 5612101
251 5712101
251 6712101
251 5712101
251 2722101
251 6112201
251 6222301
251 4722301
251 5712301
251 6322101
251 2512301
251 6612301
251 5711101
251 6712901
251 2622101
251 2721201
251 6721101
251 2721301
251 6722001
251 3622201
251 1712101
251 3522201
251 3722201
251 3422201
251 4529911
251 6722301
251 6422301
251 6722201
251 1712101
251 6722101
251 1712101
251 7622001
251 3722101
251 6721901
251 6721301
251 2622301
251 6512301
251 6512901
251 5719101
251 6722901
251 1622901
251 6712301
251 6712901
251 1711901
251 6712901
251 5712901
251 6722301
251 5612101
251 6721301
251 5712901
251 5712901
251 6511911
251 1612101
251 2712101
251 2512301
251 5712101
251 5712101
251 6522101
251 1612101
251 5712101
251 6522301
251 5711111
251 6722301
251 2622301
251 6522301
252 6712301
252 6522301
251 5712101
251 6722201
252 2512301
251 6722301
251 3522301
251 6512201
251 5612101
252 1512201
251 5712101
252 3522201
251 2622201
252 1511101
252 6312101
251 5512101
252 6712301
252 6722201
252 6612301
251 6722301
252 5612301
252 6722301
251 6712101
252 2712301
252 6712201
252 2622301
252 2722201
252 3722101
252 7722001
252 3722101
252 3722201
252 2712301
252 2712301
252 6712201
252 2612301
252 6722201
252 2522201
252 1722201
252 6712301
252 2722201
252 6722201
252 3422301
252 6712201
252 7622001
252 6522101
252 5512101
252 2712301
252 6612201
252 6512001
252 6722301
252 2722301
252 2712301
252 7521011
252 6722901
252 6511311
252 1721301
252 6721901
252 6712201
252 6322901
252 5612101
252 1312101
252 1512201
252 6322301
252 6722301
252 5612101
252 6412301
252 7522001
252 3622301
251 1512201
252 4522201
251 6522101
252 3522201
252 6721101
252 2622301
252 6612201
252 5712101
252 1622201
251 6712101
252 1711111
252 6622101
252 3622201
252 7722001
252 2722101
252 2712301
252 2722201
252 1522101
252 1722101
252 6722301
252 2511301
252 2712301
252 6522101
251 2712901
251 2712201
251 5612101
251 5712301
251 2712101
251 6712301
251 2712301
251 1512201
252 1512201
252 2712301
252 6712301
251 2612301
252 6612101
252 1422101
252 6622901
252 6712201
252 6712101
251 5612101
251 6622301
252 1712201
252 6722301
252 6712101
252 5712101
252 6712301
252 3622301
252 5612101
252 6612301
252 5612101
252 6722301
252 3622101
252 7622001
252 6622101
252 6512101
252 6622101
252 6712301
252 6722101
252 3622201
252 6712301
252 2722201
252 6722301
252 2622301
252 2722301
252 1712301
252 3622201
252 6722301
252 5712101
252 6322301
251 5712901
252 2622301
251 3621211
252 1712901
252 5612101
252 2712101
252 3422201
252 3722201
252 5612101
251 6522301
252 2612301
252 6722301
252 2712301
252 3722101
252 7722001
252 3522201
252 3722101
252 3722201
252 3422101
252 6721101
252 1312201
252 6722201
252 6722101
251 6512201
252 2722101
252 2612301
252 6622201
252 2622301
252 1722301
252 1722301
252 5512201
252 6712101
252 6312101
252 2613301
252 6612901
251 6612101
252 3622101
252 7522001
252 6521211
252 3522201
252 2711311
252 1712201
251 6622301
251 6222301
252 2621201
252 2722101
252 6711111
252 3722101
252 3722201
252 6621101
252 5612101
252 6522201
252 7522001
252 3722101
252 1722301
252 3722101
252 7722001
252 2622301
252 6612101
252 3622201
252 1622101
252 3322201
252 6612101
252 1612201
252 6722101
252 6412101
252 6512301
252 6612301
252 1412301
252 6712201
252 6722301
252 1612301
252 5712301
252 1612201
252 5612101
252 6712101
251 5712101
251 3622201
252 3622101
252 7421011
252 6722301
252 6611301
252 3322201
251 6622201
251 3522201
251 3522301
252 2522201
252 3522301
252 3521111
252 3622101
252 5512201
252 3722101
252 5712101
252 5712101
251 5612101
251 5712101
251 5712101
252 6612101
252 6712201
252 5712101
252 6712301
252 6512101
252 5712101
252 2512301
252 5711101
252 2722301
252 3722301
252 2612301
252 6711201
252 5712301
252 6612201
252 6622301
252 3522201
252 3621101
252 7522004
252 7622001
252 6312301
252 6722201
252 5712101
252 5712101
251 6512301
251 6512301
251 2612301
251 5712101
251 5612201
251 5512101
251 5712101
252 2622101
252 6412101
252 3722101
252 4422101
252 7622001
252 6712201
252 6722101
252 6712101
252 1612101
252 6522101
252 2722101
252 3621201
252 2612301
252 2712301
252 3622101
252 3722101
252 3622101
252 3722201
252 3722101
252 2622301
252 6712101
252 2722201
252 3522101
252 6622301
252 6622301
252 1722201
252 5612101
252 3522101
252 3722101
252 1712101
252 1712101
252 3622301
252 6711101
251 5712301
251 5712101
252 6612301
252 6712301
251 5712101
252 6621111
252 1612201
252 5611101
252 1722101
252 2612301
252 1712201
252 6512201
252 6322104
252 3722101
252 2712201
252 1722101
252 6722301
252 1721101
252 6722301
252 3722201
252 6712201
252 3522301
252 1512101
252 7722001
252 6612201
252 3722101
252 5612101
252 6622101
252 6722301
251 6622301
252 6712101
252 6722201
252 5712101
252 1612201
252 6622301
252 3622101
252 2712201
252 6712101
252 6712301
252 6722101
252 6612301
252 2612301
252 7622001
252 6722101
252 5512101
252 1622201
252 3622201
252 5712101
252 6512301
252 5711101
252 1512201
252 2512901
252 6722201
252 6612301
252 2622301
252 6612201
252 2612101
252 2622301
251 3422101
252 2712301
252 6722301
252 3422201
252 6712201
252 6712101
252 2722301
252 7622001
252 6722301
252 5712101
252 1722301
252 3522201
252 6712301
252 6712901
252 6622301
252 3522101
252 5712101
252 2722201
252 6121111
251 7522001
252 2622101
252 3422101
252 5712101
252 3622201
252 6622101
252 6722201
252 5611201
252 3522101
252 6412301
252 3722101
252 6712101
252 6722101
252 3722101
252 6622201
252 2512301
252 5712101
252 7722001
251 5712901
252 6712101
252 6711311
252 5712301
252 1612201
252 2712301
252 5612101
252 6722101
252 6712301
252 3622201
252 6712101
252 5712101
252 3722201
252 5712101
252 5712101
252 6712301
252 6612311
252 1511211
252 5612101
252 6722101
252 6612201
252 6722201
252 2712301
252 6212301
252 6212101
252 6722211
252 2712301
252 6412301
252 6712101
252 2612201
252 5512101
251 3722201
251 2512301
252 3522201
251 1522201
251 5612901
251 2612301
252 1622901
251 6512301
252 6622201
252 2722301
252 1622101
252 1622101
252 3422101
252 5612101
252 6612301
252 1612301
251 2712301
251 6721901
252 2621201
252 2721211
252 6522301
251 5712901
251 2512901
252 6712301
252 6712901
252 1622201
252 6622201
252 5712101
252 6512201
252 3522201
252 7722001
252 5612101
252 6522101
252 2712201
252 6622301
252 6612901
252 2712901
252 5712101
252 2712301
251 5612301
252 6512101
252 3422201
252 1712201
252 5712101
252 6511111
252 2622101
251 6622101
252 2422301
251 6511211
252 3522101
252 2621301
252 6629101
252 5712201
252 5512101
252 6322301
252 2712301
252 1712201
252 6622301
252 3522101
252 6522101
252 6512101
252 5612101
252 6612101
252 6612301
252 3722101
252 6711301
252 5512101
252 2622301
252 6722201
252 6612201
252 6621211
251 6622301
252 3322101
252 3422201
252 6721911
252 6712201
252 2712301
252 6722201
252 2522301
252 6712201
252 5512101
251 5712101
251 6712301
251 6722301
252 1722301
252 6522101
252 2522301
252 1512101
252 6712301
252 6721311
252 6522101
252 2622301
252 6612301
252 2412201
252 2512901
252 6712301
252 3622101
252 2722201
252 6622301
252 5712101
252 4622101
252 1722201
252 5612101
252 5612101
252 3722101
252 6622301
252 2512301
252 1722201
252 1722101
252 6712201
252 6722101
252 6712101
252 6712301
252 2711201
252 6622101
252 6722201
252 5712101
252 6722301
252 3722101
252 3722101
252 6712101
252 5711301
252 6711001
252 2712101
252 6712301
252 6611201
252 3622201
252 5611101
252 6611201
252 6722901
252 6712201
252 6522301
252 6522301
252 1722901
252 5712901
252 5519901
252 1712101
252 1612901
252 1712301
252 7722001
252 6722201
252 1712201
252 1712201
252 3721101
252 5712101
252 2712301
252 1712101
252 5612101
252 5711901
252 6622301
251 4421211
251 6512201
252 2522301
251 5712101
252 6512301
252 6612201
251 6712901
252 1622201
252 3722201
252 3722101
252 6722301
252 3622301
252 4522201
252 4422101
252 1721101
252 6521311
252 3522201
252 6721111
252 3622201
252 3722201
252 1712101
252 3422201
252 5712101
252 1722201
252 6622101
252 6512301
252 6512201
252 5612101
252 6522201
252 2712301
252 6721101
252 6612201
252 3722101
252 2723101
252 3422201
252 2512201
252 6522301
252 2712301
252 3722101
252 5512101
252 5612101
252 6612201
252 5712201
251 3722301
252 5719101
252 2712301
252 6712901
252 2622101
252 1522301
252 3622101
252 5712101
252 6712001
252 5612101
252 3622201
252 6622301
252 1612201
252 1622101
252 3722101
252 1622101
252 5512201
252 6622301
252 5612101
252 3522201
252 5719101
252 6722301
252 1722201
252 6622311
252 3522201
252 3522201
252 3622201
252 1522101
252 7722001
252 2612101
251 2612901
251 3722901
251 2712901
251 6712301
252 3622101
252 5712101
252 6522201
252 6722301
252 1722301
252 2722301
252 5512101
252 6622101
251 2611901
251 1612901
251 5712901
251 2712901
251 5712901
251 5712901
251 6712901
251 6722901
252 2712301
252 6712301
252 2722301
252 3621101
252 4422101
252 6522201
252 3522301
252 5611201
252 2622301
252 2712301
252 2712301
252 6712201
252 6712301
252 1612301
252 1712201
252 5712101
252 6522101
252 6211111
252 3522201
252 6512101
252 5512101
252 6622301
252 2612301
252 6622301
252 6612101
252 6612301
252 2722301
252 5712901
252 6612301
252 1622101
252 3622201
252 1622301
252 6512301
252 6712001
252 2721301
252 2722201
252 6622301
252 2722101
252 6712101
252 7522001
252 2722301
252 1712101
252 1722201
252 6512301
252 6622101
252 6222101
252 6622301
252 2722201
252 6719301
252 6622301
252 6612301
252 6622201
252 6712301
252 2622101
252 2622201
252 6712101
252 6612101
252 2412301
252 6722001
252 6622301
252 1522101
252 3622101
252 6722101
252 6522101
252 6622101
252 5612101
252 3621101
252 2712201
252 1712101
252 6712101
252 5712101
252 6711111
252 6612301
252 7722001
252 6712301
252 6712301
252 6522301
252 5612101
252 2712101
252 1722101
252 6722301
252 5712101
252 7722001
252 6712001
252 3622101
252 2512101
252 5712901
252 5712101
252 1611211
252 3622101
252 6622101
252 4622901
252 6612201
252 4722101
252 6322101
252 6522201
252 2722201
252 1612301
252 7722001
252 3622201
252 6622301
252 1711101
252 1711101
252 1711101
252 1711201
252 6722301
252 6422301
252 6722901
252 6723101
252 3722101
252 6622101
252 1622201
252 3522201
252 6722301
252 5612101
252 1712101
252 1622201
252 6712101
252 3722301
252 2711101
252 5719111
252 6719201
252 6522201
252 2722201
252 2722201
252 2722101
252 6611111
252 2722301
252 3722201
252 3522201
252 5612101
252 3622101
251 3621911
252 4522201
252 6512101
252 1422301
252 3321911
252 5712901
252 2722101
252 5612101
252 1712201
252 6522101
252 3422201
252 6712201
252 6622101
252 6612101
252 6722101
252 6512901
252 6522201
252 6722101
252 6712101
252 6512101
252 3622201
252 3422201
252 5612301
252 5712101
252 7722001
252 2722301
252 2622301
252 6722301
252 7622001
252 6711201
252 2712301
252 6421101
252 6412101
252 1512301
252 6721111
252 6711301
252 6612301
252 5612101
252 6722101
252 5712101
252 6722301
252 6722201
252 6722301
252 2712301
252 2722201
252 6612301
252 5612101
252 6212301
252 5612101
252 5612101
252 3622201
252 5612101
252 3722101
252 3522201
252 7522001
252 5712101
252 6621201
252 1722101
252 6511211
252 6722101
252 6712201
252 1722201
252 6512111
252 6512301
252 6712201
252 7522001
252 6412201
252 6722301
252 6622301
252 6712201
252 3722101
252 6612201
252 1622201
252 6622101
252 5712101
252 5512101
252 5512101
252 5612201
252 6622101
252 5612101
252 5612101
252 2722201
252 3622101
252 3622201
252 6722101
252 2722101
252 6722201
252 6712201
252 6512101
252 6322201
252 5612101
252 6721901
252 6612301
252 3322201
252 2622301
252 3422201
252 1512301
252 6612101
252 6522001
252 5712101
252 6512901
252 3622101
252 6511301
252 3722101
252 6522001
252 7622001
252 2722301
252 3722101
252 6422301
252 3622301
252 6712301
252 5612101
252 7622001
252 5619101
252 6712301
252 6712301
252 3722201
252 7522001
252 6712301
252 2512301
252 6312101
252 2712301
252 6612301
252 2722301
252 1622201
252 6622101
252 2712301
252 1522201
252 5512901
252 6312901
252 6622201
252 6722201
252 6612101
252 2722201
252 7722001
252 6722301
252 6712301
252 2722201
252 6712111
252 2612301
252 6622301
252 6612101
252 6221311
252 6722911
252 6622901
252 5611101
252 6311311
252 2612201
252 2622201
252 2712301
252 1722301
252 6722301
252 2512201
252 6722201
252 6712201
252 6612301
252 5612101
252 6721901
252 1721901
252 6321201
252 2721311
252 6512301
251 6712901
252 2421211
252 3522101
252 5712101
252 5712101
251 6712301
252 4522301
252 5712101
252 6511301
252 6721211
252 6511201
252 6722101
252 3722101
251 6722301
252 1722101
251 6721301
252 1622101
252 6722101
252 3722101
252 3522201
252 6622101
252 6611111
252 1622201
252 2712301
252 5512101
252 6322101
252 5612201
252 6622101
252 5712101
252 6322301
252 6622901
252 1622101
252 3722201
252 6722201
252 2612301
252 6612101
252 6722101
252 7622001
252 1612101
252 3522101
252 1722201
252 5712101
252 2722301
251 2612301
252 3722101
252 6622101
252 5711111
252 6612001
252 3422201
251 2712901
252 6712901
252 1722201
252 5611101
252 5712101
252 2712301
252 2722301
252 6322101
252 1712301
252 5711111
252 6712101
252 5712101
252 2712304
252 3622101
252 6712101
252 6712301
252 5712101
252 7622001
252 2712201
252 6712901
252 6622201
252 2512301
252 6722101
252 5711111
252 6522301
252 6712201
252 6612101
252 6512201
252 3722101
252 6722101
252 2722301
252 3522101
252 5712101
252 3622201
252 5612101
252 6712101
252 6712101
252 5612101
252 2722201
252 1712201
252 1722101
252 7522001
252 1511301
251 3721111
251 2712901
252 3622201
252 2522301
252 6522101
252 6322101
252 6722901
252 6529301
252 6612201
252 5612101
252 6721311
252 5712101
252 5712101
252 6512301
252 2612301
252 6712301
252 5712101
252 5612101
252 6612901
252 6712101
252 2712301
252 5711101
252 6612201
252 6712301
252 5612101
252 6321101
252 7722001
252 6522101
252 4722201
252 6512201
252 2522301
252 6722301
252 3322101
252 2712301
252 2612201
252 6612101
252 5612301
252 2722301
251 5711901
251 2712301
252 1712901
252 6712301
252 6712301
252 5712101
252 5712101
252 3622101
252 6722301
252 2722301
252 6512901
252 6712001
252 2612201
252 6712301
252 6312111
252 2622301
252 3622201
252 3722101
252 6612901
252 6622901
252 6712901
252 3722201
252 6612301
252 1712201
252 6322301
252 2512101
252 3522101
252 6712301
252 6622301
252 6422301
252 6411011
252 3522201
252 2512201
252 1722301
252 5712901
252 5712901
252 2712901
252 6712901
252 5611901
251 5712101
252 2712301
251 5712101
252 2622301
252 3722101
252 1422101
252 5612101
252 6622201
252 3422301
252 2622301
252 6622001
252 5612101
252 1712901
252 6612901
252 3422101
252 6622101
252 6722301
252 2622301
252 7622001
252 2722201
252 6711301
252 6622101
252 1622101
252 5612101
252 6622301
252 6712301
252 2711301
252 5712101
252 6622301
252 6722101
252 6522101
251 1712901
252 3521101
252 2712301
252 3722201
252 3522101
252 6722301
252 6711201
252 2722201
252 1721211
252 6321311
252 6521301
252 6621301
252 2611301
252 3523101
252 6712001
252 3722301
252 4622301
252 4322101
252 6722301
252 2612201
252 3722101
252 6722101
252 6722301
252 7722001
252 7722001
252 3722101
252 4422201
252 4622101
252 2722201
252 6722101
252 3722201
252 5512101
252 3522301
252 5712101
252 3522201
252 6622101
252 6512301
252 1612101
252 5712101
252 2722301
252 6722101
252 6712301
252 5612101
252 5712101
252 5612101
252 5611101
252 7522001
252 6712201
252 1722301
252 6712201
252 6512301
252 6322101
252 6622201
252 6612101
252 6722201
252 3722101
252 1612201
252 6722301
252 6412101
252 6512301
252 6622301
252 3722101
252 6622901
252 2622301
252 1612201
252 1612101
252 6712901
252 6712901
252 6522301
252 6712101
252 2612301
252 2512301
252 6722301
252 6722301
252 2612301
252 6612201
252 6512201
252 6722201
252 6612101
252 6722301
251 5512901
252 6722101
252 3422201
252 6521111
252 1612301
252 2722201
252 2622301
252 6322311
252 2612301
252 5712101
252 6512301
252 6721101
252 6411101
252 6722301
252 6612201
252 2712301
252 3722201
252 6722101
252 1722201
252 6612201
252 5512101
252 6712101
252 6722301
252 6721301
252 6522301
252 1711111
252 6722101
252 2611301
252 7722001
252 6712001
252 6722101
252 6722301
252 5712301
252 2712301
252 6711301
252 3722101
252 7521011
252 3521111
252 6512101
252 6712101
252 5712201
252 7722001
252 5612101
252 2612301
252 2712201
252 5611101
252 5612101
252 5612101
252 3722201
252 6712101
252 5712101
252 5712101
252 6622201
252 3622201
252 2622301
252 6622301
252 5712101
252 5711101
252 6712201
252 2611301
252 5712201
252 1712301
252 2722301
252 1612101
252 1522201
252 6612301
252 2612101
252 5512101
252 5512101
252 1712201
252 6512201
252 3622301
252 6712301
252 2522301
252 5711111
252 2712101
252 3422301
252 7622001
252 3522201
252 2722301
252 6712901
252 2712301
252 1522101
252 3722101
252 2612301
252 6722101
252 3322101
252 7722001
252 6622101
252 6711111
252 5712101
252 7522001
252 3522201
252 5712101
252 1722301
252 6722101
252 7622001
252 3722101
252 5712201
251 6512201
252 3522201
252 7522001
252 5612101
252 1712101
252 5712101
252 5712101
252 3621101
252 6622201
252 1712301
252 5712101
252 5612201
252 6712301
252 6722301
252 2622301
252 6613311
252 2512301
252 5612101
252 6622101
252 2722301
252 3721111
252 2612201
252 5712101
252 4622101
252 3622201
252 6322101
252 1712301
252 3522101
252 3722101
252 2722301
252 6712201
252 5612201
252 6519101
252 3621101
251 5712301
252 6721201
252 6322201
252 6722301
252 6612201
252 6712301
252 2511301
252 6722301
252 6422101
252 7622001
252 6722101
252 6622301
252 3622101
252 6422101
252 6712301
252 1712301
252 6712301
252 1721211
252 6622101
252 6712201
252 6612101
252 6622301
252 6722101
252 6711301
252 3522101
252 2612301
251 2712301
252 6722101
252 6722301
252 2712301
252 2722301
252 2711301
252 2722201
252 5712101
252 3522101
252 6722301
252 3622101
252 1722201
252 6522101
252 6322101
252 3722101
252 3722101
252 6712201
252 3722101
252 6322101
252 3722101
252 6522101
252 2722101
252 6722201
252 1712101
252 1712101
252 6622201
252 2722301
252 6722901
252 5712101
252 1612301
252 3722901
252 5712101
252 3722301
252 2712301
252 6723901
252 7622001
251 6421111
252 5712101
252 7622001
252 6712201
252 2622301
252 3622201
252 6522301
252 3622301
252 3622101
252 5612301
252 6612101
252 2712201
252 6612201
252 6612201
252 1522301
252 6511301
252 5612101
252 2512301
252 2612301
252 6622301
252 6712301
252 6429111
252 2712101
252 6712901
252 1722301
252 2711211
252 6312101
252 6712101
252 6612101
252 3622101
252 6422201
252 2622301
252 3722101
252 1612101
252 6612201
252 6322101
252 2611301
252 6722301
252 6712301
251 6721301
252 1711101
252 3722201
252 6711301
252 6612301
252 6411301
252 6711301
252 3622101
252 3622201
252 3722101
252 6722901
252 3422101
252 1719201
252 2622901
252 6712901
252 2612301
252 1629101
252 2722301
252 7722001
252 6722301
252 7721001
252 1712301
252 6612101
252 6712101
252 7622001
252 6712301
252 6722301
252 6712301
252 6712201
252 6722301
252 1512301
252 2612301
252 2512301
252 1712101
252 3622101
252 5712101
252 2712301
252 5712901
252 6712301
252 1722301
252 3622101
252 6422101
252 6422101
252 6512201
252 6512201
252 6612101
252 6612201
252 2612201
252 2512301
252 6422301
252 6522301
252 2622301
252 4522101
252 6521111
252 3522201
252 5612101
252 6612101
252 2712101
252 5612101
252 6712101
252 6712201
252 5612101
252 5612101
252 5612101
252 5512101
252 7622001
252 6722201
252 3522101
252 6712901
252 5712101
252 3622101
252 3722101
252 6612301
252 6722301
252 3722101
252 3622201
252 1712201
252 3422201
252 3622101
252 1722201
252 1722201
252 1612201
252 1712201
252 3422101
252 3722301
252 3522101
252 3522101
252 7722001
252 7722001
252 1512201
252 1522201
252 1722201
252 1612201
252 5712101
252 6722301
252 6712001
252 6711214
252 5712101
252 3622201
252 7722001
252 2722301
252 3622101
252 6612301
252 1722201
252 1612201
252 1712201
252 6712101
252 5712101
252 1712101
252 1512201
252 5712201
252 2712301
252 5712201
252 6612201
252 2712901
252 6622301
252 1722201
252 3621101
252 6612301
252 5512101
252 6522301
252 6412101
252 1622101
252 6712201
252 6722301
252 1412101
252 3622101
252 3722101
252 6612101
252 2722301
252 6722101
252 2722301
252 2612301
252 5612101
252 6621111
252 6622901
252 6721301
252 2722201
252 6512201
252 5612101
252 1422101
252 3722101
252 6722101
252 3722101
252 6622101
252 6622101
252 5612101
252 5612101
252 3422201
252 7721001
252 5712101
252 3322201
252 6712101
252 7722001
252 3422101
252 6722101
252 6722101
252 6722301
252 6622301
252 3622101
252 3622101
252 3622101
252 6722201
252 6722301
252 6722901
252 2722201
252 5712101
252 4422101
252 6722201
252 6612101
252 7722001
252 1722201
252 1622101
252 5511111
252 1422101
252 1622901
252 1722201
252 1511211
252 6721101
252 3722101
252 6722201
252 3521101
252 6712201
252 6512201
252 3522301
252 6612201
252 6512101
252 6611201
252 5712101
252 3721101
252 6611101
252 6622101
252 5712101
252 2712301
252 2622201
252 6612301
252 2612301
252 2712201
252 2612301
252 2612201
252 6622301
252 2622301
252 7522001
252 3722101
252 7622001
252 3422101
252 6722901
252 6712301
252 6712301
252 2612301
252 6622901
252 4521211
252 6721211
252 1712201
252 6612201
252 7622001
252 2722101
252 2712301
252 6512301
252 6619101
252 5612101
252 5712101
252 2712901
252 6612901
252 6722901
252 2712301
252 7522001
252 3722101
252 5611111
252 6712301
252 5612101
252 6722201
252 6722001
252 1722201
252 6622111
252 3722201
252 6712101
252 6722101
252 6512101
252 2722101
252 2722201
252 6512101
252 6611111
252 2712301
252 6412201
252 1712201
252 2622301
252 1712201
252 3722101
252 3722101
252 6522101
252 5711901
252 5712101
252 6612301
252 6722301
252 3622201
252 2722301
252 6721311
252 2629301
252 6712101
252 6522901
252 6722301
252 6622301
252 7722001
252 7422001
252 3722101
252 7622001
252 1712201
252 7422001
252 2722301
252 3622201
252 6712101
252 6722311
252 1622101
252 6722101
252 6712201
252 6721101
252 1721111
252 2722301
252 6721301
252 6722201
252 6522301
252 6711301
252 1712101
252 6522101
252 6712301
252 5612201
252 1722301
252 2612201
252 6722301
252 1612101
252 6721101
252 2622301
252 6622201
252 6711001
252 6612301
252 6722201
252 4522101
252 3722101
252 6322301
252 6712301
252 2712201
252 5612101
252 3422201
251 4321111
252 1522201
252 6722201
252 6722301
252 6722901
252 6722101
252 6622901
252 1712301
252 6512301
252 6712301
252 2622201
252 6419301
252 5712201
252 6622101
252 5612201
252 6422101
252 6612301
252 6722301
252 2722301
252 3522101
252 6621101
252 2512301
252 2612201
252 2722201
252 6512301
252 6222301
252 5712101
252 6712201
252 6712101
252 6612201
252 6622201
252 6612201
252 2712301
252 6622101
252 4622201
252 3722201
252 6712101
252 5512101
252 1721301
252 5612201
252 6712901
252 6312201
252 6512301
252 7622001
252 2712201
252 6622301
252 2711301
252 6712101
252 3421111
252 2712101
252 7722001
251 6611301
252 5712101
252 3622301
252 6612301
252 3622201
252 6712201
252 6722301
252 7722001
252 3522201
252 6412101
252 6412101
252 6412101
252 6712301
252 6622101
252 2612301
252 6722901
252 5612101
252 6622301
252 5712101
252 6621101
252 1712201
252 6722201
252 6622101
252 1712101
252 6712101
252 6722101
252 5612101
252 1722301
252 6712301
252 3522101
252 1722101
252 3322201
252 2712301
252 6712001
252 2722301
252 6712301
252 6622301
252 6622301
252 6721301
252 1422201
252 6412201
252 2722201
252 2721301
252 5712101
252 2722301
252 6711201
252 3622201
252 5712101
252 6311111
252 6622101
252 7722001
252 6622101
252 5711101
252 6712101
252 6212101
252 2712301
252 1512201
252 6722301
251 6722301
252 3722201
252 6722111
252 6612901
252 7722001
252 6612101
252 6622201
252 2622201
252 3722101
252 6412301
252 2622301
252 3621111
252 2712301
252 6612301
252 6322901
252 1622101
252 1622201
252 6712201
252 6722901
252 3622101
252 6712101
252 5712901
252 7722001
251 1722101
252 6722301
252 6712901
252 3422301
252 6712101
252 3521101
252 6712101
252 6322101
252 3422201
252 6621001
252 2721101
252 6712101
252 3722201
252 3722201
252 5712201
252 2722301
252 2712301
252 3521211
252 2722201
252 6622301
252 6622101
252 6622301
252 3722301
252 3722301
251 6622301
252 7522001
252 6712101
252 2722101
252 6422301
252 5712301
252 6522301
252 5612101
252 2512301
252 6622201
252 5712101
252 3422201
252 1711111
252 1711111
252 3522101
252 6722101
252 6722101
252 6622301
252 6722101
252 6422101
252 6522201
252 5612201
252 7722001
252 6722301
252 2612301
252 3721201
252 6711311
252 5612301
252 1611101
252 6612301
252 1612901
252 3722201
252 6612301
252 3522301
252 3522201
252 3622101
252 3622201
252 3622101
252 3722101
252 1512101
252 6622101
252 5712901
252 6422301
252 6712301
252 6712201
252 6722201
252 6422101
252 2712101
252 6612201
252 6612301
252 3722101
252 6511311
252 3622301
252 6612301
252 2512301
252 6722301
252 1712301
252 5612101
252 1512101
252 6722201
252 2622301
252 5612101
252 1512201
252 3522201
252 5612301
252 6622201
252 3622101
252 2511301
252 5612101
252 6511311
252 2712301
252 6611111
252 3722101
252 3622201
252 6612101
252 2722301
252 2722201
252 4422201
252 2712301
252 5711111
252 1322201
252 2512301
252 2712301
252 1511101
252 5711101
252 1522301
252 5612101
252 2612101
252 6512301
252 2712301
252 1622201
252 3622201
252 3722201
252 3622201
252 2722301
252 2612301
252 5612101
252 5512101
252 5612101
252 6422301
252 2611201
252 6522201
252 6512201
252 5512101
252 6711301
252 6721201
252 7722001
252 6721211
252 6711301
252 3522101
252 6722101
252 2712101
252 5712101
252 7622001
252 6422201
252 6322301
252 3522101
252 6711111
252 5612101
252 5712201
252 7722001
252 6722301
252 2722301
252 3322201
252 5719101
252 7622001
252 6621101
252 6512901
252 2622301
252 3622201
252 3522101
252 6612301
252 6612301
252 6612101
252 5712101
252 5712101
252 6712901
252 6522201
252 5612101
252 5612101
252 2711311
252 6521311
252 1722301
252 3722301
252 2722101
252 3622101
252 7722001
252 3622101
252 2522201
252 6722301
252 4622301
252 1612301
252 5612101
252 5712201
252 5712201
252 6722301
252 6722301
252 6722901
252 6711201
252 6512301
252 6612101
252 1712301
252 6712101
252 6722101
252 2522311
252 6712301
252 7722001
252 2712301
252 6722301
252 6621311
252 6622301
252 6712901
252 6612101
252 2622101
252 2722201
252 6612101
252 1622101
252 1622101
252 3521301
252 2622301
252 2522101
252 1612101
252 5512101
252 6522101
252 1522201
251 1722901
252 1712301
252 6722901
252 2712201
252 6622301
252 5612201
252 6422201
252 6512101
252 1622101
252 2712304
252 6712301
252 6612301
252 6612301
252 2612101
252 1712101
252 5612101
252 2612201
252 6712301
252 6612301
252 5612101
252 2612201
252 6512001
252 5712101
252 5512201
252 2712301
252 2712101
252 2712101
252 6611201
252 5612301
252 5612101
252 6622301
252 7522001
252 6622901
252 7622001
251 3622901
252 6622201
252 6621101
252 3522301
252 6722201
252 6522301
252 5711101
252 5712301
252 3622101
252 2622201
252 6722101
252 6612201
252 5711111
252 1722201
252 7522001
252 7522001
252 5712301
252 6712301
252 3622101
252 6612001
252 6612101
252 6722201
252 6612301
252 6422101
252 5712101
252 6712301
252 6712301
252 5712101
252 4522301
252 3722101
252 3622101
252 3522201
252 3722201
252 3522101
252 3722201
252 3722101
252 3722101
252 7621001
252 6712001
252 6412101
252 5711101
252 6612901
252 2722901
252 6512901
252 2622901
252 5711901
252 6722301
252 5511101
252 2612301
252 6712301
252 6622101
252 6722101
252 2629201
252 5612101
252 6522301
252 6622101
252 2722101
252 2621301
252 6622201
252 5712101
252 5612101
252 2512301
252 1612301
252 2712101
252 6712101
252 5712101
252 1712101
252 6522101
252 6712101
252 6722101
252 6712301
252 6522901
252 6712301
252 6522301
252 3522101
252 3722201
252 1712101
252 3722201
252 6422101
252 6512901
252 6622301
252 6722001
252 5712101
252 5712101
252 5612101
252 6322101
252 1322201
252 6722301
252 1712301
252 6712101
252 6622301
252 5712201
252 5611201
252 6522001
252 5712101
252 2622301
252 6412201
252 6612101
252 6712301
252 6612301
252 1522101
252 6722301
252 4622101
252 6622301
252 6422301
252 2512301
252 6512101
252 7722001
252 3622101
252 3522101
252 6711201
252 6711201
252 6612201
252 6612201
252 3722101
252 6712201
252 6512101
252 3622101
252 6522101
252 3721101
252 1622201
252 6512201
252 3722101
252 6612201
252 6612301
252 6722301
252 1722201
252 3522201
252 3622201
252 6612201
252 6712901
252 6722901
252 5712101
252 3722201
252 6512201
252 5711111
252 5712201
252 7622001
252 5612101
252 2712301
252 2712301
252 3521211
252 6712301
252 3722101
252 5712101
252 6612101
252 6622101
252 2622201
252 6622201
252 6611301
252 6712101
252 5612101
252 6522301
252 6721101
252 2622101
252 3622201
252 3622201
252 4521211
252 6622101
252 5712101
252 6511211
252 6722201
252 6722301
252 6412301
252 3422201
252 6522301
252 1712201
252 6612201
252 2722301
252 7722001
252 3722101
252 6712201
252 6622101
252 2722301
252 3622101
252 6712201
252 6612201
252 6112101
252 6712301
252 2622301
252 6422301
252 2712301
252 5512101
252 6712301
252 6622101
252 2612201
252 1612301
252 6312201
252 6612001
252 3721101
252 6722901
252 4422201
252 2712101
252 6612201
252 6722101
252 6522101
252 6212301
252 3722101
252 3622101
252 2712301
252 2422301
252 6612301
252 4522301
252 6511111
252 6611101
252 5619101
252 5712201
252 6322101
252 3422101
252 2512101
252 2622301
252 6422101
252 6712201
252 3721111
252 3622101
252 6712301
252 6412201
252 6622301
252 6712101
252 6622301
252 2612301
252 6311301
252 6612001
252 6722301
252 2712201
252 6722301
252 6422101
252 5712201
252 6622201
252 6311211
252 1722201
252 6721111
252 5712101
252 3721101
252 3722101
252 3722201
252 1522201
252 1722201
252 1711311
252 6412201
252 2722301
252 6512201
252 6322301
252 6722101
252 6712901
252 2712101
252 7721001
252 5612101
252 6611301
252 6712301
252 5712201
252 2722101
252 3722101
252 1612101
252 2722101
252 1612101
252 2612301
252 2712201
252 1712101
252 1712201
252 6612301
252 6722101
252 2512201
252 2522301
252 6311301
252 3422101
252 5712101
252 5611101
252 2621301
252 6712901
252 6622901
252 6512301
252 3722101
252 6722101
252 3522201
252 6411311
252 6512101
252 6512101
252 6722101
252 6622301
252 6722301
252 1712101
252 5612101
252 5612201
252 3722101
252 1522101
252 7422001
252 6712301
252 6512101
252 2711301
252 6622901
252 5612101
252 2612201
252 5712101
252 6322301
252 3622301
252 6722101
252 6712101
252 1422201
252 7622001
252 2712101
252 2712101
252 3622201
252 6712101
252 2612301
252 6621301
252 1722201
252 2312301
252 2711111
252 5712101
252 6422101
252 6722101
252 6722101
252 6612901
252 6721111
252 1622201
252 1622101
252 6711111
252 2722101
252 3522101
252 6612101
252 5712101
252 5712101
252 6712101
252 6612101
252 5712101
252 6522301
252 6611011
252 5612101
252 5612101
252 6712201
252 4322101
252 6721101
252 5712101
252 6612101
252 1522101
252 3722101
252 4422201
252 6422101
252 3622301
252 3622101
252 5612101
252 6612101
252 6712301
252 5612301
252 6622301
252 1712301
252 5612101
252 5612301
252 6722101
252 5512101
252 2712301
252 2712101
252 6712301
252 6312101
252 3722201
252 1622201
252 6522301
252 6712301
252 6622201
252 6712001
252 5712101
252 5512201
252 1612301
252 3622101
252 3522201
252 2722301
252 2712301
252 6622301
252 6722301
252 5612101
252 6712101
252 6511101
252 2612201
252 6712101
252 6712101
252 6621101
252 1722101
252 6721111
252 2721311
252 6612301
252 7722001
252 6712201
252 3722201
252 6622101
252 1712901
252 5712901
252 1622201
252 2622201
252 3722201
252 6712901
252 2722901
252 6721901
252 2622901
252 6612101
251 6312301
252 1612201
252 6512301
252 1622101
252 6622201
252 1522101
252 3722301
252 2722301
252 6622101
252 6722101
252 2712901
252 5712901
252 2612301
252 6612101
252 6622001
252 6622101
252 6712301
252 3722201
252 6722901
252 2722901
252 6722901
252 6722901
252 6622901
252 3722201
252 2722201
252 6722201
252 6422101
252 6512311
252 2612901
252 6722901
252 6722901
252 6722901
252 6712901
252 2712101
252 7522001
252 1612101
252 1712101
252 6622301
252 2712301
252 3722301
252 5712101
252 5612101
252 5612201
252 5712101
252 3522101
252 3722201
252 1522201
252 6622901
252 6722101
252 6412101
252 3722101
252 6612101
252 6512201
252 2612201
252 2522301
252 3522101
252 2512301
252 2722101
252 2722301
252 3522201
252 7523001
252 6712101
252 2722201
252 3722101
252 6722301
252 6712301
252 6722301
252 1611111
252 1722201
252 2612301
252 4722301
252 5712301
252 3722201
252 3722101
252 3622101
252 3722101
252 6521201
252 3522201
252 3722101
252 6722101
252 6612101
252 3722101
252 3522101
252 6622101
252 1612201
252 6612301
252 6522101
252 2712901
252 6721201
252 6622301
252 6612101
252 6721901
252 1612201
252 3722101
252 1622101
252 1512101
252 5612101
252 5712101
252 2712101
252 6522101
252 3521311
252 6322101
252 1621311
252 2712301
252 6722301
252 5511111
252 3621201
252 7621001
252 5612101
252 6712101
252 6612301
252 6612301
252 6621301
252 2612301
252 6522101
252 6612101
252 6712301
252 5612201
252 3522101
252 6722901
252 4522201
252 2722201
252 5512101
252 3722101
252 6722201
252 6611101
252 5611201
252 6712301
252 3722201
252 3722201
252 7622001
252 5612111
252 5712101
252 2712101
252 6522101
252 1612301
252 6722101
252 6711911
252 6612201
252 6512301
252 6721101
252 3522101
252 2722301
252 1721211
252 5611101
252 5612101
252 2712301
252 3522101
252 3722101
252 3722101
252 3521101
252 5712101
252 7322001
252 5712101
252 3622101
252 2622301
252 5612101
252 6722201
252 2622301
252 5612301
252 6512101
252 6612301
252 6722301
252 2512201
252 6612301
252 6612201
252 2722301
252 1722101
252 3622101
252 6712301
252 6712001
252 6621101
252 3722301
252 6712201
252 3622301
252 5712101
252 6622201
252 3622201
252 6722101
252 6712901
252 5712101
252 5612201
252 2712101
252 6722101
252 6722301
252 6712301
252 5712101
252 3721101
252 3621211
251 6621301
252 3722101
252 5712101
252 2712301
252 3522101
252 6712201
252 6712301
252 6512201
252 5512301
252 6712101
252 5711111
252 6722301
252 6612101
252 6612101
252 2612901
252 3721901
252 6612901
252 6611201
252 6712901
251 6711301
252 6722301
252 6612201
252 6312301
252 6622901
252 6712901
252 2722901
252 6422301
252 6712301
252 5512101
252 2712901
252 2612901
252 6612901
252 5612301
252 3622201
252 6512101
252 6712301
252 2612201
252 2712301
252 1712201
252 1712201
252 1712101
252 6712101
252 6612301
252 6612901
252 6522901
252 2612901
252 6712901
252 1712901
252 6722201
252 5712901
252 5712901
252 6722901
252 6711901
252 5612901
252 2712901
252 2712901
252 3722901
252 2622901
252 6712301
252 2712901