 31 3721101
 31 6721111
 31 3721101
 31 6421101
 31 6421101
 31 7521001
 31 2711201
 31 3721101
 31 1722201
 31 6721101
 31 6722101
 31 2713301
 31 1721901
 31 1713101
 31 6621201
 31 6311111
 31 6711101
 31 5711101
 31 3721201
 31 6611201
 31 6621101
 31 1713201
 31 5611101
 31 3621101
 31 3521201
 31 6513101
 31 3621111
 31 2712101
 31 3721311
 31 6611111
 31 6712301
 31 1421301
 31 6311201
 31 2522201
 31 3721201
 31 3422101
 31 6319101
 31 6721101
 31 6712901
 31 2721301
 31 3621301
 31 6621101
 31 6713201
 31 5711101
 31 2622301
 31 6711301
 31 6721101
 31 6711301
 31 6723911
 31 3721201
 31 2711201
 31 2712101
 31 1511301
 31 7721001
 31 6511101
 31 6711211
 31 6323201
 31 3722201
 31 6711201
 31 5511101
 31 7522001
 31 3721201
 31 7623001
 31 2512101
 31 6612301
 31 6621101
 31 3422201
 31 7621011
 31 6711111
 31 3722201
 31 6611301
 31 2713311
 31 2713301
 31 6612101
 31 5713101
 31 5611101
 31 7522001
 31 6611111
 31 5711301
 31 6421311
 31 2511311
 31 2712201
 31 1723201
 31 2713301
 31 5611101
 31 2711301
 31 6711901
 31 2721201
 31 7521001
 31 6711101
 31 6611201
 31 3723201
 31 2521301
 31 6611301
 31 6722001
 31 7621001
 31 2721301
 31 6321201
 31 1721101
 31 6522101
 31 7522001
 31 2621301
 31 6321101
 31 6511111
 31 6311311
 31 6621101
 31 7523001
 31 6621111
 31 2711301
 31 6711001
 31 3522101
 31 2521301
 31 2712301
 31 2711301
 31 2712211
 31 6611301
 31 2723301
 31 4721101
 31 3621201
 31 6421101
 31 6621101
 31 3521101
 31 6713001
 31 6621101
 31 3622201
 31 2721101
 31 6512301
 31 6411211
 31 3521201
 31 1611111
 31 3721101
 31 7422001
 31 6413101
 31 6511111
 31 2723301
 31 5612201
 31 3521101
 31 1721301
 31 1721201
 31 2711301
 31 6711301
 31 6311101
 31 6721101
 31 1611201
 31 6319201
 31 5611101
 31 6611301
 31 6321101
 31 6713301
 31 5612201
 31 1611211
 31 1722301
 31 6411911
 31 1713101
 31 6712301
 31 6621211
 31 6311211
 31 5712101
 31 1711901
 31 6721011
 31 6713301
 31 6721201
 31 2611901
 31 5611101
 31 6611901
 31 3522101
 31 6711301
 31 6713901
 31 3621101
 31 4321311
 31 6521201
 31 6511301
 31 6711301
 31 6511101
 31 6713101
 31 2612301
 31 5512101
 31 6711001
 31 6711111
 31 6411101
 31 6511301
 31 5611101
 31 7721001
 31 2711201
 31 6519101
 31 5711101
 31 5512101
 31 6721301
 31 1711101
 31 6511101
 31 2711301
 31 6511101
 31 6721201
 31 6411201
 31 1711101
 31 6721101
 31 3721101
 31 6521101
 31 6722101
 31 6611301
 31 6512101
 31 6411101
 31 6511301
 31 3621101
 31 6622301
 31 6511311
 31 2722301
 31 7721001
 31 1721201
 31 3722101
 31 5611101
 31 3722101
 31 1711101
 31 1711101
 31 6711001
 31 3621311
 31 6413101
 31 6421201
 31 1722201
 31 5711101
 31 6711101
 31 5611101
 31 3523201
 31 6721201
 31 6612301
 31 1721101
 31 1611301
 31 2621201
 31 5711101
 31 2713101
 31 3723111
 31 2721301
 31 5619101
 31 1611101
 31 3421111
 31 6611101
 31 5612101
 31 6612201
 31 6523101
 31 5511201
 31 3721101
 31 5611101
 31 6621201
 31 6713201
 31 2711301
 31 6412201
 31 5512101
 31 6422301
 31 5712101
 31 6621901
 31 5712101
 31 5612101
 31 5712101
 31 5719101
 31 2611201
 31 2611201
 31 6721301
 31 6721311
 31 3521201
 31 6711101
 31 2721301
 31 5611111
 31 6721301
 31 6511301
 31 6511101
 31 3721201
 31 2623301
 31 6711101
 31 1511311
 31 6723301
 31 2721301
 31 2721301
 31 5612101
 31 6512101
 31 6711301
 31 1721101
 31 2623201
 31 6711111
 31 6612901
 31 6521201
 31 6713901
 31 1722101
 31 1611101
 31 6611111
 31 7421001
 31 7321001
 31 6511101
 31 5713101
 31 3423201
 31 1522101
 31 6511101
 31 6511201
 31 5711101
 31 6621301
 31 2712301
 31 6721301
 31 5711101
 31 6711201
 31 1512101
 31 5712101
 31 1613101
 31 2512301
 31 6711001
 31 5611101
 31 3421101
 31 6711201
 31 2711201
 31 2721301
 31 5511101
 31 6623101
 31 5711111
 31 5612101
 31 2611301
 31 3621101
 31 6513901
 31 2411301
 31 3422201
 31 2723301
 31 6721301
 31 6611111
 31 7421001
 31 6722901
 31 5611201
 31 3723101
 31 5712101
 31 2511201
 31 6511201
 31 3521201
 31 3721101
 31 6711101
 31 2713301
 31 6721101
 31 5711101
 31 6719311
 31 6411111
 31 6512201
 31 6623901
 31 6611301
 31 6611301
 31 1711111
 31 1711111
 31 1511101
 31 1411201
 31 6611311
 31 6711201
 31 3421101
 31 7721001
 31 6721301
 31 6713301
 31 6721211
 31 6721311
 31 6621101
 31 6611001
 31 1419111
 31 6411911
 31 5511111
 31 5612101
 31 3621101
 31 5611101
 31 5611201
 31 7621001
 31 6711101
 31 3722201
 31 6711901
 31 1723101
 31 5612101
 31 6421101
 31 5711101
 31 6311211
 31 6523101
 31 7723001
 31 6721101
 31 6211211
 31 6612301
 31 1721101
 31 6711301
 31 1421301
 31 6412201
 31 6711111
 31 2713301
 31 3523201
 31 3523201
 31 5712101
 31 4621201
 31 6723001
 31 5712101
 31 6521101
 31 6411901
 31 6722001
 31 5511101
 31 2622901
 31 1713201
 31 3721111
 31 6612301
 31 1712301
 31 6611301
 31 6721311
 31 6723101
 31 1711101
 31 6711211
 31 6711201
 31 1723101
 31 5611111
 31 2723311
 31 6711211
 31 5411101
 31 6712901
 31 1521101
 31 6311301
 31 2711301
 31 6721301
 31 6721101
 31 6713101
 31 6621201
 31 2721301
 31 6711201
 31 3721101
 31 1721201
 31 6723101
 31 6711101
 31 6611101
 31 3721301
 31 6611101
 31 1713301
 31 3721101
 31 6711301
 31 6611301
 31 5712101
 31 1713201
 31 6711101
 31 6711201
 31 1523101
 31 7523001
 31 6323101
 31 6721911
 31 2711301
 31 6711101
 31 2711101
 31 2712301
 31 6522201
 31 3721101
 31 1723101
 31 6722301
 31 1721201
 31 2611101
 31 6512101
 31 6721301
 31 6722201
 31 1521101
 31 6711301
 31 2711301
 31 2611101
 31 6721101
 31 6721101
 31 6612301
 31 6612301
 31 2612301
 31 1711101
 31 1721211
 31 7721001
 31 2612301
 31 1721101
 31 3621301
 31 2711301
 31 5611101
 31 6611301
 31 5611101
 31 2721311
 31 5712301
 31 6711311
 31 2721201
 31 5611101
 31 5511201
 31 7522001
 31 3522101
 31 3522201
 31 6411201
 31 6521101
 31 6321201
 31 2621201
 31 6512901
 31 6711111
 31 6712901
 31 6713101
 31 2712301
 31 6319111
 31 5512101
 31 6711301
 31 6712101
 31 7723001
 31 6611301
 31 6513901
 31 7721001
 31 6311101
 31 6721101
 31 6721211
 31 1721111
 31 6512101
 31 6621101
 31 2611301
 31 6711301
 31 5711111
 31 6721201
 31 6721301
 31 6621301
 31 2611111
 31 6721301
 31 1711101
 31 6711101
 31 6621301
 31 6511301
 31 2721201
 31 6712901
 31 1612101
 31 6612901
 31 3621301
 31 1721101
 31 1613101
 31 5611101
 31 6321101
 31 6413101
 31 3621101
 31 5711201
 31 3721111
 31 6611101
 31 6411001
 31 6513201
 31 5611111
 31 3721201
 31 6511301
 31 3723901
 31 6722901
 31 6713101
 31 5712101
 31 6512101
 31 5611101
 31 6711301
 31 6711301
 31 6723301
 31 6621301
 31 6512101
 31 6711901
 31 6422101
 31 6723901
 31 1713101
 31 6711001
 31 6711301
 31 5612201
 31 6611111
 31 6412301
 31 5611101
 31 6611201
 31 6511101
 31 6712101
 31 3621101
 31 3623201
 31 3521201
 31 6321111
 31 6321101
 31 6711101
 31 5611101
 31 2611101
 31 6713301
 31 6321201
 31 2722201
 31 6511901
 31 5711301
 31 6511901
 31 6721901
 31 2723301
 31 6519101
 31 1722101
 31 5711901
 31 5412101
 31 5412901
 31 6712301
 31 5711901
 31 6711901
 31 5612101
 31 5712101
 31 5512101
 31 6711101
 31 6711301
 31 2721301
 31 6721301
 31 5511901
 31 3721101
 31 5713101
 31 3622101
 31 6611301
 31 5711101
 31 5711901
 31 2711901
 31 2711901
 31 5611101
 31 6612201
 31 6711901
 31 2711901
 31 5612101
 31 5612201
 31 5611211
 31 3721101
 31 6411201
 31 5711201
 31 6521111
 31 3621201
 31 2721101
 31 3721101
 31 6611101
 31 6611101
 31 1721111
 31 3721101
 31 2723201
 31 6622101
 31 3621211
 31 6612101
 31 5711211
 31 5711111
 31 5619101
 31 6721101
 31 6412201
 31 2711101
 31 6711201
 31 1723201
 31 1723101
 31 6323101
 31 5712101
 31 6411901
 31 6311101
 31 3621211
 31 1711201
 31 2721201
 31 6722301
 31 6721901
 31 2712301
 31 2711301
 31 1511201
 31 6611201
 31 6722101
 31 6611301
 31 1511111
 31 6711301
 31 6611301
 31 6721301
 31 7421001
 31 5712101
 31 7422001
 31 6612101
 31 6611301
 31 5612101
 31 6311311
 31 5711301
 31 5611101
 31 2612301
 31 6311201
 31 7722001
 31 4521101
 31 3521101
 31 3621101
 31 3621201
 31 7521001
 31 5712101
 31 6321101
 31 5512101
 31 6411201
 31 3721201
 31 6722901
 31 5612101
 31 6411301
 31 3521101
 31 1712201
 31 5611101
 31 5613101
 31 6721101
 31 6713201
 31 6721101
 31 3721101
 31 3721111
 31 1521101
 31 1721311
 31 6421111
 31 3521201
 31 6611301
 31 6721001
 31 6521111
 31 6511211
 31 5713101
 31 6723301
 31 5711101
 31 3422101
 31 2722901
 31 6621301
 31 2721301
 31 6721901
 31 2721301
 31 6721101
 31 1711101
 31 6721301
 31 2721101
 31 6511301
 31 6711101
 31 2711101
 31 2613301
 31 6421201
 31 6311101
 31 6623101
 31 3521201
 31 2721311
 31 6721111
 31 6311301
 31 6621101
 31 5611101
 31 5612101
 31 6612101
 31 5512101
 31 6711101
 31 6511201
 31 6511301
 31 6611211
 31 6512101
 31 6511301
 31 2721301
 31 6721901
 31 6621201
 31 5711101
 31 6611201
 31 2722201
 31 1511211
 31 3421101
 31 2711301
 31 1612101
 31 6521301
 31 4521111
 31 5711101
 31 3623101
 31 1721101
 31 3722301
 31 3722301
 31 6711201
 31 3623301
 31 3723101
 31 6722101
 31 5611201
 31 5511101
 31 6721101
 31 6511101
 31 3621201
 31 6512901
 31 5612101
 31 5711101
 31 6621301
 31 6711201
 31 6721101
 31 6621101
 31 2711201
 31 6721301
 31 6722101
 31 6713901
 31 6611901
 31 3721101
 31 2721201
 31 7521001
 31 6711201
 31 6621301
 31 6612101
 31 5711101
 31 6622201
 31 6721301
 31 6721911
 31 2511301
 31 6611101
 31 2621301
 31 6421201
 31 6721301
 31 6421101
 31 3721201
 31 6711101
 31 7721001
 31 2711301
 31 6621201
 31 6411111
 31 6621301
 31 6521301
 31 2612301
 31 3422211
 31 6522201
 31 6712101
 31 2522201
 31 6712301
 31 7622001
 31 2721101
 31 5711101
 31 5612101
 31 7521001
 31 5612101
 31 6311201
 31 7622001
 31 3522101
 31 6611101
 31 5612201
 31 6723201
 31 6711201
 31 1623201
 31 6721311
 31 6422101
 31 6711101
 31 3721101
 31 6311111
 31 6512301
 31 6711311
 31 6621301
 31 6521201
 31 6611001
 31 6721301
 31 3722101
 31 7522001
 31 3621101
 31 5712101
 31 6521201
 31 3522201
 31 1713201
 31 1512901
 31 6521101
 31 4622101
 31 5513901
 31 6621201
 31 6612101
 31 3721101
 31 5511101
 31 5511201
 31 6511101
 31 6521311
 31 5719911
 31 5711101
 31 1711101
 31 6721901
 31 6611911
 31 2721301
 31 6711911
 31 6723901
 31 3421201
 31 1612201
 31 6511111
 31 5712101
 31 2721101
 31 1711911
 31 2713101
 31 2622301
 31 2611301
 31 6411911
 31 6721211
 31 6711111
 31 6611201
 31 5611101
 31 4521211
 31 6713901
 31 5711111
 31 2621101
 31 2621101
 31 6321301
 31 5711101
 31 6321101
 31 6711101
 31 2722101
 31 3323101
 31 2722101
 31 6321201
 31 7622001
 31 2311201
 31 6321201
 31 2611301
 31 3721201
 31 4721301
 31 5711101
 31 2721101
 31 1721101
 31 2712301
 31 2721301
 31 2721301
 31 2711301
 31 6711311
 31 2612101
 31 2612301
 31 6711311
 31 3721201
 31 6721101
 31 5512101
 31 6711201
 31 3523201
 31 3721201
 31 6721101
 31 5511211
 31 3522301
 31 5611201
 31 6321201
 31 5612101
 31 6512201
 31 5612101
 31 3621101
 31 6521211
 31 6713301
 31 1723101
 31 6623201
 31 5711101
 31 2621201
 31 6411901
 31 6711201
 31 6721201
 31 2622301
 31 6413201
 31 2711201
 31 1722101
 31 5611901
 31 1711101
 31 6513301
 31 5612101
 31 6713101
 31 1711201
 31 6712101
 31 6622301
 31 5512101
 31 6711301
 31 2721101
 31 6712301
 31 6711101
 31 3621101
 31 6612101
 31 6511201
 31 5711101
 31 6321101
 31 6722101
 31 3721201
 31 2721301
 31 6612201
 31 2711301
 31 5711201
 31 6511301
 31 2722201
 31 6711911
 31 6612901
 31 6723311
 31 5712101
 31 6522201
 31 6321101
 31 6622301
 31 3522101
 31 5611901
 31 6421201
 31 2711301
 31 3722201
 31 2613301
 31 6511101
 31 3621101
 31 5519901
 31 1711101
 31 7723001
 31 6222101
 31 3721201
 31 6521101
 31 5711201
 31 6721201
 31 5711101
 31 6711101
 31 5711301
 31 5711101
 31 2512901
 31 1722101
 31 2711301
 31 5711101
 31 1513101
 31 7629011
 31 3422301
 31 6613101
 31 2612301
 31 3421101
 31 3723101
 31 2721301
 31 6729101
 31 1713101
 31 6612101
 31 6321101
 31 6721201
 31 6723201
 31 3421101
 31 6721101
 31 6521001
 31 7621001
 31 6421201
 31 3721101
 31 3721101
 31 6711101
 31 6411101
 31 1721201
 31 1721201
 31 6711201
 31 5711101
 31 2711101
 31 6711101
 31 1711101
 31 4721201
 31 6721201
 31 2613301
 31 5711301
 31 6323101
 31 2612201
 31 6712201
 31 1611301
 31 2722301
 31 3321201
 31 6521101
 31 6411301
 31 6621201
 31 3721101
 31 1721101
 31 2711301
 31 5611101
 31 2621301
 31 3721901
 31 6721301
 31 6723201
 31 2711201
 31 1721201
 31 1721101
 31 1723201
 31 5711901
 31 6421901
 31 6711201
 31 6711301
 31 3621111
 31 3421201
 31 2711211
 31 6413901
 31 6713001
 31 3721101
 31 6723301
 31 2713301
 31 5611101
 31 3721201
 31 6329111
 31 6723301
 31 6711901
 31 6621201
 31 6612301
 31 6711101
 31 3521111
 31 2611311
 31 5711311
 31 6723111
 31 2612301
 31 1612101
 31 5412901
 31 6721211
 31 6722301
 31 2713101
 31 6723201
 31 5713101
 31 6321101
 31 5613201
 31 3621101
 31 2711301
 31 6412101
 31 3721201
 31 6711101
 31 3621101
 31 6511101
 31 6711301
 31 5612101
 31 6522101
 31 6611301
 31 1711101
 31 1711911
 31 6512901
 31 5711901
 31 6721901
 31 6511201
 31 6621311
 31 6721901
 31 4421201
 31 6711301
 31 6711101
 31 6711201
 31 2713901
 31 6711901
 31 6721901
 31 3421101
 31 6321901
 31 6512901
 31 6511901
 31 3622201
 31 6711101
 31 6722101
 31 5711101
 31 6621301
 31 2713901
 31 6322101
 31 6321101
 31 6711101
 31 6422901
 31 3722201
 31 6611101
 31 2721101
 31 6712101
 31 2721301
 31 6711911
 31 1711211
 31 2722101
 31 6711301
 31 6711301
 31 6611301
 31 4621101
 31 1413101
 31 6611101
 31 6611301
 31 2611901
 31 6512101
 31 6722901
 31 2721301
 31 1612301
 31 2713301
 31 6521111
 31 2721101
 31 6713101
 31 6611201
 31 5712301
 31 6721211
 31 6413201
 31 1611101
 31 6712101
 31 6713901
 31 6512101
 31 1512101
 31 6611101
 31 2511101
 31 1721101
 31 6723301
 31 6319201
 31 6522001
 31 5512101
 31 2721301
 31 3721101
 31 5611111
 31 6711301
 31 4521111
 31 5611301
 31 5611101
 31 6621101
 31 6411301
 31 6521201
 31 5711901
 31 7522001
 31 6511901
 31 3621201
 31 7621001
 31 5711301
 31 6421901
 31 6111311
 31 1723301
 31 6621301
 31 6621901
 31 5512101
 31 6611201
 31 6721101
 31 1612101
 31 6521101
 31 6711301
 31 6622201
 31 6521201
 31 6521101
 31 6621101
 31 6723101
 31 6521201
 31 6321101
 31 6711301
 31 1722101
 31 3721101
 31 5612101
 31 3421201
 31 6311101
 31 3721101
 31 6411101
 31 6523201
 31 1411101
 31 6721301
 31 2711201
 31 6722901
 31 3722101
 31 1522301
 31 6713901
 31 6611301
 31 5711201
 31 6711101
 31 2711301
 31 6721201
 31 6713101
 31 2512301
 31 6711301
 31 7623001
 31 5712101
 31 6611111
 31 6711301
 31 1721211
 31 6311201
 31 6711001
 31 6711101
 31 6721301
 31 2721101
 31 5511101
 31 6421101
 31 6512101
 31 2611901
 31 6411901
 31 3521101
 31 6621201
 31 3421301
 31 5512101
 31 5612201
 31 2722101
 31 6611201
 31 6621101
 31 2621101
 31 6711911
 31 2721101
 31 6321201
 31 6712901
 31 7621001
 31 6319111
 31 2712201
 31 6622101
 31 3621101
 31 3721101
 31 3521101
 31 1521301
 31 3723201
 31 6421111
 31 5611201
 31 6713301
 31 4422101
 31 6421101
 31 3721101
 31 3621101
 31 6311301
 31 6512101
 31 1712201
 31 6712301
 31 2721301
 31 6712201
 31 3721201
 31 6712901
 31 5711901
 31 3721101
 31 6612901
 31 3621201
 31 3722101
 31 6721211
 31 4522201
 31 1711901
 31 6411111
 31 6723101
 31 6713301
 31 6723101
 31 5711201
 31 3721101
 31 5511101
 31 5711101
 31 5419111
 31 5719111
 31 6511201
 31 6623301
 31 4723101
 31 5711311
 31 4629901
 31 5719101
 31 6711301
 31 5611311
 31 1722101
 31 6522901
 31 1721901
 31 1612301
 31 6721911
 31 4721901
 31 1611901
 31 6421111
 31 5711301
 31 3721111
 31 6721901
 31 6521101
 31 6511101
 31 6721101
 32 3721101
 32 3621101
 32 6722101
 32 2611201
 32 3521201
 32 7521001
 32 6711111
 32 2611301
 31 6612201
 32 5611111
 32 5611311
 31 3721211
 32 6713201
 32 6411301
 32 3429201
 32 3721101
 32 6712301
 31 3422301
 32 6723101
 32 6723101
 31 6611101
 31 6612101
 32 6621301
 31 6311301
 31 5612201
 32 6611201
 32 3521101
 31 6711901
 32 6713301
 32 6511101
 32 1711201
 32 5612101
 32 2511301
 32 7522001
 31 2521201
 32 6712301
 32 2613301
 32 7721001
 32 6512301
 32 6722901
 32 1722201
 32 2711901
 32 6712101
 32 2711901
 32 1711201
 32 1612901
 32 6721201
 32 3622201
 31 6512901
 32 1512101
 32 3521301
 32 6321201
 32 6723201
 32 2721201
 32 3421101
 32 6721101
 32 6711101
 32 6411101
 32 6111311
 32 6721101
 32 3521101
 32 6311301
 32 6611301
 32 6611201
 32 3421101
 32 3421201
 32 6721311
 31 2711101
 32 6711301
 32 1711101
 32 5611201
 32 2521101
 32 2521301
 32 2611301
 32 6611901
 31 2421901
 32 6721301
 32 2511901
 32 7522001
 32 6611111
 32 5612101
 32 3723301
 32 1712101
 32 6321211
 31 1523201
 32 6721301
 31 6511901
 31 2722101
 31 2711301
 31 3622101
 32 6721101
 31 6713101
 32 4421111
 32 6711101
 32 3422201
 32 7421001
 32 6311201
 32 6421201
 32 6621101
 31 6721901
 31 2712301
 31 6423201
 32 6712301
 31 1723201
 32 6513101
 32 7621001
 32 7521001
 32 6621201
 32 1721301
 32 6721101
 32 3721101
 32 6622101
 32 1721101
 32 2711311
 32 6721901
 32 2711301
 32 6711301
 32 6521101
 32 6723301
 32 6721101
 32 2521101
 32 1713901
 32 5612901
 32 6612901
 32 5613101
 32 2521301
 32 3722101
 32 2721201
 32 6711901
 32 5611101
 32 7523001
 32 6521301
 32 2711101
 32 1511201
 31 5519901
 32 6621201
 32 2622201
 32 6721101
 32 6611301
 32 6521111
 32 2721301
 32 3729111
 32 7521001
 32 1511101
 32 6521201
 32 6311111
 32 6621101
 32 5611101
 32 3521201
 32 2621101
 32 6311111
 32 6622101
 32 6722201
 32 2722201
 32 6723101
 32 6511301
 32 3521101
 32 5711201
 32 2721301
 32 6622201
 32 6711301
 32 6712301
 32 4421101
 32 2721101
 32 2612301
 32 3721101
 31 6722101
 32 1721211
 32 6622101
 32 2612301
 32 6521201
 32 1721201
 32 3721101
 32 3721301
 32 5711901
 32 6511301
 32 5512101
 31 7622001
 32 3321201
 32 6711201
 32 6722101
 32 6321101
 32 6711301
 32 7521001
 32 3521201
 32 1713101
 31 6711301
 31 6512901
 32 6723301
 32 6721311
 32 5713101
 32 6612301
 32 6513301
 32 5711301
 32 7521001
 32 3722101
 32 2612201
 32 6611201
 32 2713201
 32 6711201
 32 6511201
 32 3722101
 32 6419301
 32 6622301
 32 5711111
 32 6322201
 32 6713101
 31 6721111
 32 6611101
 31 3421211
 32 3723101
 32 6421101
 32 3721101
 32 5611101
 32 2612301
 32 6611301
 31 6711301
 32 6411111
 32 6729101
 31 6712201
 32 6621211
 32 5713101
 32 5711111
 32 3321211
 32 4622201
 32 3722301
 32 2722901
 32 2713301
 32 6722301
 32 6611901
 32 2722901
 32 6612901
 32 7623001
 32 3621211
 32 2723301
 32 6721301
 32 6721001
 32 6423101
 32 6423101
 32 6721901
 32 6522301
 32 6521101
 32 6411101
 32 6311101
 32 5611101
 32 2711301
 32 6722301
 32 1711201
 31 6711901
 31 5711901
 32 6713101
 32 1711101
 32 1311311
 32 6621111
 32 3423301
 32 2721301
 32 7622001
 32 6721101
 32 6621301
 32 5512101
 32 6511201
 32 6611101
 32 6411201
 32 6721301
 32 5712101
 32 2611201
 32 5711301
 32 6721301
 32 6712201
 32 6722101
 32 3721301
 32 2722301
 32 6711201
 32 1711101
 32 6723201
 32 2712301
 32 1511101
 32 6622901
 32 5612101
 32 6311301
 32 6621101
 32 3721101
 32 3622201
 32 5511101
 32 6721301
 32 6521201
 32 6622301
 32 3721201
 32 6512101
 32 6512101
 31 5711101
 32 6511101
 32 6711101
 32 2713101
 32 1723301
 32 6611101
 32 1711211
 32 2711201
 32 5711111
 32 1613201
 32 5612201
 32 1622301
 32 6721101
 32 6721201
 32 5713101
 32 6612101
 32 6721301
 32 5711301
 32 6511301
 32 6411211
 32 5711201
 32 2711101
 32 3621211
 32 6621101
 32 3622201
 32 6521101
 32 2712301
 32 6611101
 32 6611201
 32 3721201
 32 6711301
 32 6721101
 32 2711311
 32 1623201
 32 6511211
 32 1422301
 32 6612101
 32 6612301
 32 7622001
 32 6612101
 32 6612101
 32 5711101
 32 3521101
 32 6721101
 32 2721201
 32 1713201
 32 6721101
 32 6411101
 32 7622001
 32 6319101
 32 6321101
 31 5711101
 32 6711201
 32 6722301
 32 6711101
 32 6323201
 32 3622201
 32 6713901
 32 6722901
 32 4321901
 32 6721301
 32 6411201
 32 7722001
 32 5612901
 32 6412301
 32 6621201
 32 6711101
 31 6522301
 32 5611111
 32 1621101
 32 6711201
 32 3723201
 32 6722301
 32 3623201
 32 6621101
 32 6723101
 32 3721301
 32 6322101
 32 2721201
 32 1613201
 32 5612101
 32 6723901
 32 7423001
 32 5713301
 32 6411311
 32 6711101
 32 6521101
 32 6311101
 32 6611101
 32 6711101
 32 6623101
 32 7522001
 32 6611101
 32 2722301
 32 6621311
 32 6711301
 32 1721211
 32 6721201
 32 5511101
 32 6311301
 32 3421101
 32 3422201
 32 5512301
 32 6521201
 31 6612201
 31 6721301
 32 6711101
 32 6511101
 32 5713101
 31 2722901
 32 6621301
 32 2711201
 32 1611201
 32 6513101
 32 6711101
 32 2712901
 32 1612201
 32 6721101
 32 6711101
 32 1721101
 32 3621101
 32 1721211
 32 6723101
 32 2612301
 32 6429211
 32 6722101
 32 6611301
 32 6511901
 32 6521901
 32 6711901
 32 3621301
 32 3529101
 32 3721101
 32 5712301
 32 6711301
 32 6511201
 32 3723101
 32 1713101
 32 2511301
 32 3521101
 32 5511101
 32 3421301
 32 6722201
 32 6411911
 32 6612201
 32 2721301
 32 6311311
 32 6711101
 32 3721301
 32 2723901
 32 2721901
 32 6711901
 32 1721211
 32 6711101
 32 7721001
 32 3723101
 32 6621101
 32 6711101
 32 6613101
 32 6623301
 32 6612301
 32 5611101
 32 2612301
 32 6711901
 32 6421101
 32 1711201
 32 6611101
 32 6611301
 32 6511301
 32 1623301
 31 6721301
 32 6612101
 32 1712301
 32 6612101
 32 6713301
 32 1511101
 32 5511201
 32 6522201
 32 6519101
 32 6612901
 32 6712301
 32 5512101
 32 6521301
 32 3421101
 32 6511101
 32 7521001
 32 3522101
 32 6611101
 32 6622901
 32 3621301
 32 6311311
 32 1512301
 32 6723301
 32 3721101
 32 5711901
 32 6721301
 31 3321901
 31 5712101
 32 6321101
 32 5711201
 32 5711101
 32 5711311
 32 6611911
 32 2612901
 32 5711901
 32 6121111
 32 6721101
 32 3721111
 32 1711101
 32 6711101
 32 6721301
 32 4321101
 32 1721201
 32 6721101
 32 6713201
 32 6621901
 32 1721101
 32 2713101
 32 1721101
 32 2721101
 32 3621101
 32 3521201
 32 1622101
 32 5411101
 32 5611101
 32 6321201
 32 6321101
 32 6711001
 32 5711101
 32 6723901
 32 1723101
 32 1512101
 32 6719101
 32 5611101
 32 6421201
 32 6612201
 32 6712301
 32 6721901
 32 3622301
 32 6711301
 32 6721301
 32 6721301
 32 6722301
 32 3521301
 32 1622301
 32 1512201
 32 3421201
 32 6621301
 32 6711101
 32 6721201
 32 6623301
 32 7722001
 32 6711101
 32 6422101
 32 6522201
 31 6323201
 32 6611301
 32 2712301
 32 3623101
 32 6721101
 32 6612901
 32 6722301
 32 1512101
 32 5611201
 32 1711101
 32 1621301
 32 3721101
 32 3721101
 32 2712301
 32 6512201
 32 3729101
 32 6523101
 32 6713201
 32 6721301
 32 1622201
 32 2712101
 32 3722101
 32 2721301
 32 6721201
 32 6721301
 32 6612301
 32 6421111
 32 5611101
 32 6621201
 32 7621001
 32 3623201
 32 6723101
 32 1723201
 32 7623001
 32 6411201
 32 6623101
 32 6613201
 32 6521201
 32 7521001
 32 3521101
 32 6721101
 32 6622301
 32 3721101
 32 5711101
 32 1511301
 32 2511311
 32 2612201
 32 6721101
 32 2511301
 32 5713101
 32 2712201
 32 6621101
 32 6411101
 32 6511301
 32 6721101
 32 6411201
 32 2711201
 32 1721211
 32 6722101
 31 6611901
 32 6713301
 32 2711201
 32 1611101
 32 2522301
 32 5719201
 32 6712301
 32 3521101
 32 3723201
 32 2712901
 32 2622301
 32 1723201
 32 1723101
 32 1721201
 32 6421111
 32 6711101
 32 6711001
 32 4421101
 32 7321001
 32 6621101
 32 6311101
 32 6323201
 32 5711901
 32 6522301
 32 7721001
 32 6612201
 32 6521101
 32 6721201
 32 3422101
 32 6722301
 32 6711301
 32 6713201
 32 5712101
 32 1711101
 32 7722001
 32 5612101
 32 6711111
 32 5712101
 32 2711301
 32 6721201
 32 1511301
 32 3421101
 32 6711201
 32 6412301
 32 5711111
 32 3622301
 32 6622901
 32 1522301
 32 2713301
 32 6721201
 32 7721001
 32 6711201
 32 6611101
 32 3729101
 32 6511101
 32 6711301
 32 7421001
 32 6621101
 32 6629111
 32 3423101
 32 6713201
 32 6511201
 32 6721101
 32 3721101
 32 2721301
 32 6522201
 32 1522301
 32 5612101
 32 6511301
 32 2713201
 32 5611901
 32 6512301
 32 6621301
 32 6719201
 32 2721301
 32 1611101
 32 3621101
 32 3721201
 32 6712301
 32 2621101
 32 6723901
 32 6711301
 32 6421001
 32 6411101
 32 5611111
 32 6711101
 32 6721301
 32 2711201
 32 3621201
 32 3622101
 32 6611911
 32 6311201
 32 6611101
 32 6412301
 32 6321101
 32 3421101
 32 1612301
 32 3721101
 31 5711901
 32 6511911
 32 6722301
 32 7422001
 32 2722301
 32 3722101
 32 3622301
 32 2721301
 32 5711111
 32 6612301
 32 5711101
 32 5711101
 32 1521301
 32 6311301
 32 3721101
 32 2522301
 32 4421111
 32 6521301
 32 7723001
 32 2711101
 32 3721201
 32 6612201
 32 3721211
 32 6511211
 32 5612101
 32 6722101
 32 6711011
 32 4621301
 32 6621201
 32 6321201
 32 6723201
 32 6522301
 32 6311201
 32 6321101
 32 6711901
 32 2611301
 32 3622101
 32 6611201
 32 6711201
 32 6611301
 32 2721901
 32 6711101
 32 6321301
 32 6511201
 32 1721201
 32 3621101
 32 6611001
 32 3521101
 32 6411101
 32 6511301
 32 6721301
 32 6613901
 32 6711301
 32 7621011
 32 5712101
 32 6512101
 32 6711911
 32 2621201
 32 6711101
 32 6721301
 32 3721101
 32 2621201
 32 6721101
 32 2612301
 32 3722301
 32 6512301
 32 6711101
 32 6612101
 32 7622001
 32 3721201
 32 3622101
 32 6321101
 32 1712301
 32 6522201
 32 6629101
 32 6521301
 32 6711301
 32 2621111
 32 2721301
 32 2712301
 32 7523001
 32 6512104
 32 1711201
 32 2513301
 32 2723301
 32 2711311
 32 6619101
 32 5611111
 32 5612101
 32 5612101
 32 6421111
 32 6623901
 32 5711101
 32 6311101
 32 6722201
 32 7721001
 32 6711001
 32 6421201
 32 6421211
 32 5511101
 32 5711101
 32 7621001
 32 6721101
 32 6421101
 32 2613301
 32 6511101
 32 1721201
 32 6723301
 32 6411211
 32 6513901
 32 1721301
 32 6712001
 32 6321101
 32 6311101
 32 6611301
 32 6721301
 32 6611101
 32 6711201
 32 5711101
 32 1713301
 32 1511101
 32 2512301
 32 6612901
 32 2622101
 32 6421101
 32 1411301
 32 6111301
 32 3421101
 32 6511101
 32 7421001
 32 2711301
 32 6611311
 32 5612101
 32 6711201
 32 6723101
 32 6612201
 32 6311301
 31 6312901
 32 6421111
 32 6511301
 32 6411101
 32 5411101
 32 6411001
 32 1713101
 32 6721111
 32 5719111
 31 5619101
 32 6721901
 32 1721101
 32 6521101
 32 2611201
 32 6721311
 32 6611101
 32 5711101
 32 6721211
 32 6721301
 32 6612301
 32 6721201
 32 1711111
 32 3322301
 32 7421001
 32 6721901
 32 7421001
 32 6621301
 32 5712101
 32 6512301
 32 1511311
 32 3321101
 32 5711101
 32 5711101
 32 6711101
 32 6711301
 32 6711301
 32 1612301
 32 6721101
 32 5612201
 32 6721201
 32 1711301
 32 6212101
 32 2711201
 32 6721301
 32 2721301
 32 6721901
 32 5711101
 32 2611101
 32 6622901
 32 6611311
 32 6611201
 32 5611101
 32 2621301
 32 3622104
 32 6611301
 32 6611301
 32 6511201
 31 5711101
 32 7721011
 32 6711101
 32 1721201
 32 6321101
 32 6721101
 32 3623201
 32 6612301
 32 6722301
 32 6711101
 32 2721301
 32 6721901
 32 6713201
 32 6722301
 32 5611101
 32 1611101
 32 5711111
 32 2721301
 32 1721101
 32 1721201
 32 1712301
 32 6621101
 32 7522001
 32 6711011
 32 6511301
 32 1711111
 32 5711101
 32 6711301
 32 6711201
 32 6411001
 32 5612301
 32 6621201
 32 3321111
 32 7721001
 32 6621101
 32 3622201
 32 6721211
 32 6621101
 32 2712201
 32 6722301
 32 5711901
 32 3422201
 32 5511111
 32 1711101
 32 6721101
 32 6622101
 32 6611101
 32 6613311
 32 6522101
 32 6613301
 32 6721101
 32 6612201
 32 6711201
 32 6711301
 32 2713101
 32 6721101
 32 1711201
 32 6511101
 32 2711101
 32 6522901
 32 6712301
 32 3621101
 32 6612301
 32 2522301
 32 2611201
 32 6411311
 32 6712301
 32 1722101
 32 2612201
 32 6522201
 32 2723301
 32 6311311
 32 2721101
 32 2723101
 32 6521301
 32 6521101
 32 6311101
 32 6712301
 32 6712201
 32 5411301
 32 3621111
 32 6611301
 32 6711101
 32 7421001
 32 3722301
 32 6311201
 32 1713101
 32 3621301
 32 1713101
 32 2711301
 32 2611301
 32 2712301
 32 1411101
 32 2713301
 32 5611101
 32 5611101
 32 7721011
 32 2712301
 32 6711301
 32 6621901
 32 5612101
 32 6621211
 32 7721001
 32 3623101
 32 6711101
 32 3521111
 32 6721901
 32 1621301
 32 3429201
 32 3521101
 32 6411101
 32 6711001
 32 5713101
 32 6711201
 32 3722201
 32 5712101
 32 6721901
 32 6721301
 32 3521201
 32 5712111
 32 6611301
 32 6511201
 32 3521101
 32 6711101
 32 6711101
 32 6721101
 32 6711201
 32 3521101
 32 2612301
 32 6621101
 32 6719201
 32 1321301
 32 6721311
 32 1712101
 32 1712101
 32 3721101
 32 3721101
 32 6711101
 32 2711101
 32 5713901
 32 7722001
 32 3621101
 32 3321101
 32 5711101
 32 1723101
 32 6711101
 32 1713201
 32 1411111
 32 2713301
 32 3423201
 32 5511201
 32 6721101
 32 6621104
 32 6721311
 32 6612301
 32 6511201
 32 6529101
 32 6721101
 32 6519101
 32 2423301
 32 2622301
 32 6711201
 32 2611311
 32 1621201
 32 6522101
 32 1721201
 32 3422101
 32 6512101
 32 5512901
 32 3321101
 32 6612101
 32 2712201
 32 6722301
 32 6711111
 32 5712201
 32 6712301
 32 1711101
 32 6721101
 32 6712301
 32 6721101
 32 6713101
 32 6722301
 32 2711301
 32 6611101
 32 5712101
 32 6611101
 32 6411901
 32 7522001
 32 1711301
 32 6611101
 32 2721211
 32 6513101
 32 6611101
 32 3621201
 32 5712301
 32 6621001
 32 6711301
 32 6711101
 32 5511101
 32 1623101
 32 6411301
 32 7621001
 32 3721101
 32 6611301
 32 6621101
 32 7521001
 32 1511101
 32 6612101
 32 6712201
 32 6612901
 32 6711111
 32 6513101
 32 5612901
 32 6521101
 32 6521301
 32 3721101
 32 6711111
 32 1311101
 32 3522901
 32 6722201
 32 2712301
 32 2712301
 32 3421101
 32 6321101
 32 6511101
 32 1711301
 32 5611201
 32 6721101
 32 6321101
 32 7721001
 32 5511101
 32 6311301
 32 6311101
 32 1311101
 32 1711101
 32 2711901
 32 2613101
 32 1713201
 32 1723101
 32 6611101
 32 7629001
 32 2721201
 32 6723301
 32 6421211
 32 3521201
 32 6521201
 32 5712101
 32 3421101
 32 6611901
 32 2721101
 32 6611201
 32 6721101
 32 3621101
 32 6712301
 32 5612101
 32 6512301
 32 6711101
 32 5711101
 32 6622101
 32 6613901
 32 3721101
 32 6722101
 32 6421101
 32 5711901
 32 1711101
 32 6612301
 32 2711101
 32 6721301
 32 1711201
 32 2711901
 32 6611201
 32 6611901
 32 6723201
 32 2721301
 32 1512201
 32 3721101
 32 3421101
 32 7421001
 32 2711101
 32 6712101
 32 6521201
 32 7622001
 32 3622101
 32 7723001
 32 6622101
 32 5611301
 32 6713201
 31 6712301
 32 5711301
 32 2611301
 32 1522301
 32 2711311
 32 6622101
 32 6622101
 32 6613301
 32 5711101
 32 6621101
 32 6711311
 32 6711301
 32 1721201
 32 6713301
 32 1721901
 32 6711901
 32 1711901
 32 6723901
 32 5711901
 32 6621901
 32 3622101
 32 6422301
 32 6723101
 32 6621301
 32 2711311
 32 6421201
 32 6321101
 32 6321101
 32 6511911
 32 6711201
 32 5612101
 32 1422301
 32 6723101
 32 2723301
 32 3622101
 32 2723301
 32 7621001
 32 6711301
 32 6711301
 32 6712201
 32 3723101
 32 6721901
 32 6721301
 32 1721301
 32 6612201
 32 6621001
 32 3621101
 32 2721901
 31 6512301
 32 3421101
 32 3721201
 32 6611301
 32 6621101
 32 6312101
 32 6721101
 32 1721201
 32 3721101
 32 1723101
 32 5711101
 32 2713301
 32 4321201
 32 6311311
 32 6611101
 32 6711301
 32 1721301
 32 6611201
 32 5612201
 32 6711901
 32 1421101
 32 6711301
 32 6411301
 32 6721101
 32 6712201
 32 6312101
 32 6312301
 32 6721311
 32 6621101
 32 3523101
 32 6712101
 32 3521201
 32 6721311
 32 6612101
 32 1612301
 32 1721301
 32 5711301
 32 1623201
 32 1721211
 32 6321101
 32 6721101
 32 6511111
 32 6721101
 32 1711101
 32 1721201
 32 6313301
 32 6621211
 32 6311111
 32 6311101
 32 6311101
 32 3521101
 32 6721101
 32 6411101
 32 6313101
 32 2611311
 32 6711901
 32 6721301
 32 6623101
 32 2712301
 32 5713101
 32 6721101
 32 6721301
 32 2713301
 32 6721301
 32 6721301
 32 2621301
 32 1723101
 32 2621101
 32 6621301
 32 6721301
 32 6422101
 32 1711201
 32 6721311
 32 5611201
 32 6711301
 32 6513301
 32 6711101
 32 6511301
 32 6611101
 32 5512101
 32 6621101
 32 6323301
 32 5612201
 32 6612201
 32 3421101
 32 5512101
 31 5711101
 32 6411301
 32 6312301
 32 5711201
 31 6611301
 32 5711101
 32 6622301
 32 5712101
 32 6611201
 32 6713301
 32 1712201
 32 5711901
 32 6721301
 32 6713301
 32 6711301
 32 6711201
 32 6713301
 32 1721201
 32 2721301
 32 6612201
 32 6621301
 32 3521211
 32 5612101
 32 6511101
 32 6711901
 32 1721901
 32 2723901
 32 6721901