301 6611111
301 5711111
301 6621311
301 5712101
301 6611101
301 6721201
301 4522201
301 3521201
301 3521111
301 6711311
301 5611111
301 5711111
301 3521211
301 1712901
301 3421211
301 7622001
301 1621211
301 6611311
301 6511111
301 6512101
301 6421211
301 6711011
301 5711111
301 1411211
301 3721111
301 4521211
301 6512101
301 4421311
301 5711111
301 1721201
301 6721901
301 6721901
301 6611101
301 6312301
301 6412901
301 3721101
301 6511311
301 6311311
301 3621211
301 3621111
301 5712101
301 2621301
301 5711111
301 6121211
301 1721211
301 6711211
301 6712101
301 6622201
301 6721111
301 5711111
301 6311111
301 6721111
301 2711211
301 6712301
301 6311311
301 4721111
301 6721911
301 6411211
301 4422901
301 6311311
301 3521201
301 6611311
301 1521211
301 6512901
301 6721111
301 6721311
301 5711101
301 6411311
301 6321211
301 4621111
301 3521101
301 6612901
301 2612901
301 3622101
301 6521211
301 4421111
301 1523101
301 2512301
301 3521211
301 3721111
301 6721901
301 2611301
301 6721111
301 6121311
301 3621201
301 6512301
301 3521111
301 6521201
301 1712201
301 6421111
301 1721111
301 5511111
301 6321111
301 2622301
301 5711111
301 6421111
301 6611211
301 5611111
301 6711211
301 6121111
301 6521311
301 6711311
301 6121111
301 6511311
301 1621311
301 6321211
301 6722201
301 6721111
301 6221111
301 6521301
301 6521201
301 6712101
301 6721911
301 1722201
301 6721211
301 6711301
301 6721311
301 2612301
301 6721311
301 6311311
301 6521211
301 6411211
301 2521311
301 2411311
301 6511311
301 1522101
301 5712101
301 6612101
301 6611311
301 6721111
301 6512301
301 5611111
301 3622101
301 7522001
301 2711211
301 3621111
301 6511211
301 1512901
301 1722301
301 1722301
301 5711111
301 5611111
301 3621211
301 1711911
301 6611111
301 6311111
301 3521201
301 5512101
301 3421211
301 6611301
301 6522201
301 6311311
301 6721311
301 6721201
301 6722301
301 6521111
301 1712301
301 1712301
301 3521111
301 5711111
301 6713111
301 6312201
301 6611211
301 2512201
301 3421111
301 1312201
301 6511211
301 6611111
301 2611311
301 3522211
301 5611111
301 5711311
301 3521211
301 5611111
301 3521211
301 5612101
301 6711311
301 6421211
301 4521211
301 3621211
301 6611211
301 6721311
301 6711211
301 6611111
301 1611111
301 6511201
301 6611311
301 6321111
301 6612301
301 5711111
301 6611911
301 6711911
301 6611911
301 5711101
301 3722101
301 5711111
301 5711311
301 4521211
301 6311111
301 6521211
301 5712101
301 6712301
301 6721301
301 6721301
301 6521311
301 6511211
301 6511311
301 6121311
301 6421101
301 6711111
301 6721111
301 6621211
301 3521101
301 5711111
301 5711111
301 6521311
301 6511311
301 5711111
301 3721211
301 6321211
301 3529111
301 6411311
301 5611111
301 6521211
301 2621311
301 6612101
301 6711211
301 6711311
301 6711311
301 3721101
301 1611311
301 6421111
301 5611111
301 1611101
301 5612101
301 5711101
301 6611901
301 2712301
301 6721211
301 6521111
301 6711301
301 1711111
301 3521311
301 4521111
301 3621211
301 6511111
301 6321111
301 6622101
301 5711311
301 7621011
301 5712201
301 2721301
301 2711311
301 2612201
301 6711311
301 6512301
301 6311211
301 5512901
301 6611111
301 6711211
301 2612301
301 5712101
301 5711111
301 6711211
301 6321311
301 5611911
301 2721311
301 6311111
301 6621111
301 6511211
301 6621111
301 5711911
301 2711311
301 1711201
301 6221111
301 6711111
301 6721211
301 1711111
301 1721901
301 6411911
301 6411111
301 5711111
301 2521111
301 5712901
301 5611201
301 6611101
301 6611301
301 5511211
301 1711301
301 6722211
301 6722301
301 6611911
301 6421211
301 6711301
301 6511111
301 2512301
301 6611211
301 6511211
301 6611311
301 3521211
301 3721111
301 1611311
301 5611111
301 6621111
301 6311211
301 2521111
301 6611311
301 6411311
301 6711111
301 5712101
301 5712101
301 1721111
301 6722301
301 5512101
301 6411901
301 5711111
301 1511111
301 6321211
301 2721111
301 6512301
301 2612201
301 6629911
301 1521211
301 6711211
301 1721201
301 6512101
301 6321111
301 6611111
301 2722301
301 1712301
301 6721311
301 3621111
301 6421311
301 1611211
301 6321111
301 6712101
301 5711111
301 1712901
301 2722101
301 6711111
301 2712301
301 6711211
301 6521311
301 5712101
301 2711311
301 6721911
301 6612901
301 6511311
301 6611111
301 6712301
301 2711211
301 6711201
301 5711111
301 4621101
301 6711101
301 5711111
301 5711111
301 5711111
301 5712101
301 5711201
301 6721311
301 6219911
301 6721311
301 6712201
301 1511211
301 5511311
301 6711311
301 6721311
301 6321311
301 6421311
301 6611311
301 6711111
301 6322301
301 6711901
301 6521111
301 2721211
301 2712101
301 2712101
301 3621111
301 1421111
301 6611301
301 1611111
301 5711111
301 3721111
301 6511311
301 5711101
301 3521211
301 2512301
301 6421111
301 2612901
301 5711111
301 5719111
301 2221111
301 6421311
301 6621111
301 5711211
301 3629111
301 6611901
301 5611111
301 4522101
301 4521111
301 6611301
301 6711211
301 5712901
301 6711311
301 6521311
301 5511911
301 5611111
301 6721311
301 6721311
301 3621101
301 6211111
301 6621111
301 5512101
301 6711311
301 1721211
301 5711111
301 6621311
301 6521111
301 6421311
301 3321111
301 6721111
301 6421111
301 5611111
301 3421211
301 5711111
301 5612901
301 6721211
301 1722101
301 6522201
301 6721911
301 6521911
301 6711211
301 5611101
301 6711111
301 1612301
301 4621211
301 6711211
301 3621211
301 6621311
301 6321211
301 6721911
301 1611311
301 2512301
301 6611911
301 5611111
301 1411211
301 5711111
301 5711111
301 5612101
301 6712301
301 3721101
301 3721101
301 6111311
301 6611111
301 6411111
301 2712101
301 1512201
301 5712101
301 6721901
301 6311211
301 5711111
301 6721101
301 6311311
301 6321201
301 4321111
301 6321311
301 5611111
301 6621211
301 6711311
301 6521111
301 4621111
301 5611111
301 6411311
301 6511111
301 6311901
301 6122301
301 6511111
301 6611211
301 6722101
301 6621311
301 6511111
301 5711111
301 6511311
301 2512201
301 6521911
301 1521111
301 1521911
301 2611311
301 6721911
301 6421111
301 3521211
301 3521111
301 6612101
301 5711111
301 6711211
301 6711911
301 6621911
301 5711111
301 6711301
301 6711311
301 5611111
301 6521211
301 2721311
301 1712101
301 6711211
301 1411211
301 6721901
301 3621111
301 4722201
301 5612101
301 1622301
301 2721901
301 5712301
301 6621911
301 6721111
301 6712901
301 6721111
301 6211311
301 6512101
301 5711111
301 3721111
301 2511311
301 2711111
301 3723201
301 3621301
301 6711001
301 6621111
301 6511311
301 6711211
301 6621111
301 6311111
301 6511311
301 6621111
301 6621111
301 6611311
301 6311211
301 3521211
301 6521111
301 5611111
301 2611101
301 5712101
301 5611211
301 6711111
301 5511111
301 6411211
301 6711111
301 6622101
301 6621311
301 6521311
301 5711111
301 5711111
301 6621211
301 2712901
301 5711111
301 6621111
301 6411211
301 1722301
301 4521211
301 2712101
301 6712201
301 6512201
301 6621311
301 6321211
301 5511311
301 6611901
301 5712901
301 3721201
301 6421301
301 1711211
301 2621301
301 6621201
301 2411311
301 6412201
301 6721311
301 6611111
301 6711911
301 6621211
301 5711111
301 3321111
301 6721211
301 6611211
301 2712301
301 6621211
301 6521311
301 6411111
301 2711211
301 6711111
301 6512201
301 2721211
301 6721311
301 6612101
301 6712301
301 6611111
301 5711111
301 5511101
301 3621311
301 5611111
301 5711111
301 3621301
301 2621311
301 1622301
301 5711101
301 6311311
301 7521011
301 5719111
301 2711311
301 6121111
301 6721311
301 6711311
301 5711111
301 3521111
301 5711111
301 1721111
301 6711111
301 6511111
301 6611911
301 1711111
301 6221311
301 6111311
301 6412301
301 6411111
301 5511111
301 5511111
301 6621111
301 6711111
301 4322201
301 6511311
301 6221111
301 6721211
301 5612301
301 5612301
301 6621211
301 6321111
301 5711111
301 3621111
301 5511101
301 5711211
301 2511311
301 6511911
301 6711111
301 4321111
301 6311111
301 6712301
301 4621311
301 6712301
301 3722101
301 1622101
301 6411211
301 4621211
301 6311211
301 6611111
301 6611111
301 6521111
301 3521211
301 6711311
301 1721201
301 6621311
301 6411211
301 6511111
301 6711911
301 6721311
301 6621111
301 6621911
301 1421111
301 6721911
301 2721311
301 2721311
301 6521111
301 5711911
301 2711311
301 1522901
301 1721911
301 6722901
301 6711911
301 6511911
301 5612101
301 6611311
301 1721911
301 5711211
302 6621311
302 4421311
302 6711111
302 6711211
302 6621211
301 3621111
302 6611211
302 6311311
302 7521011
302 6621311
302 6611911
302 6611111
302 5711111
302 6721211
302 1721101
301 2611301
301 5711111
301 2412201
302 6521111
302 5712301
302 6722901
301 6721311
302 6711111
302 3521111
302 2711311
302 4621211
302 6521311
302 2713211
302 6711311
301 6621311
302 6711011
302 6711311
302 5711111
302 6611211
302 7521011
302 6712101
302 6611011
302 3721211
302 2712301
302 1729211
302 6621111
302 7421011
302 6321111
302 6111311
302 2621311
301 2512301
302 6421111
302 6721111
302 6711111
302 3521211
302 6621111
302 6321111
302 6721111
302 4421111
302 6721311
302 6711111
302 6311901
302 6321111
302 6621311
302 3623101
302 6611311
302 7421011
302 6511111
302 1611111
302 3621111
302 6711111
302 5612101
302 5711111
301 1721111
301 5711111
302 6621311
302 6711111
302 5612101
302 6721211
302 6711311
301 6421311
302 6321211
301 5711111
302 6521211
301 2722301
301 3621111
302 5711111
302 3421111
302 6621111
302 6311211
302 6711111
302 6611011
302 6521111
302 6721301
302 6421111
302 3529211
302 6711111
302 3621211
302 6721911
302 6711311
302 6321111
302 3621111
301 5711911
302 6511311
302 6722301
302 3521211
302 1621311
302 6511911
302 2711211
301 6611111
302 1611311
302 3422201
302 6521311
302 3521211
302 6522101
302 2712301
302 6621101
302 6311111
302 1411911
302 6621311
302 6711211
302 6611211
302 5711111
302 6621211
302 6611311
302 6321311
302 6411311
302 1711311
302 2711311
302 1721211
302 6321311
302 6612101
302 7622001
302 6711911
302 6611901
302 7421011
301 6521111
302 6511111
302 6521311
302 1721111
301 6711111
301 6619901
301 6721911
301 6421111
301 1721901
302 5611111
302 1711311
302 1529901
302 1711211
302 1712201
302 2621101
302 4421111
302 6611201
301 1711211
302 6712101
302 1711211
302 6711311
302 6711311
302 1721111
302 6322101
302 6711111
302 6622301
302 2721311
302 6719311
302 3621211
302 6721111
302 3721301
302 6329311
302 6429311
302 1712301
302 3521211
301 6711301
301 6621211
302 6512301
301 6311911
302 2712301
302 7721011
302 6311211
302 6611111
302 6511311
302 6711311
302 6711111
302 6429911
302 2512901
302 4529911
302 3722101
302 1729901
302 5719101
301 6321911
302 6712301
302 6512901
302 4522201
302 5611111
302 6621211
302 5612101
302 1612101
302 5511111
302 6312901
302 6712201
302 5611111
302 1711211
302 5712201
302 2612301
302 5611111
302 6613201
302 3521111
302 7721011
302 6321211
302 6711301
302 6521311
302 6311311
301 6711911
302 6711101
302 6719111
302 3521211
302 2611101
302 2712201
301 6721911
301 1711311
301 2711911
302 6312901
302 5711211
302 6611211
302 2629301
302 6721311
302 6611211
302 6311211
302 6612101
302 6521111
302 6411211
302 6721101
302 1721211
302 3521311
302 5711111
302 6521211
302 6522201
302 3529101
302 1411111
302 1411111
302 5611111
302 6521111
302 6621911
302 6711211
302 5611111
302 6611311
302 6711311
302 2611311
302 6711101
302 6711311
302 6611011
302 6521311
302 5711111
302 6511111
302 6321111
302 1711211
302 6721211
302 2711311
302 6711311
302 6711111
302 2711211
302 3721111
302 6721211
302 2711311
302 6321101
302 6211311
302 3521111
301 6321311
302 6522301
302 6411311
302 7421011
302 7521011
302 6721101
302 5411111
302 6711311
302 6621211
302 4622201
302 1611111
302 1711111
302 6611311
302 6511911
302 6521111
302 6721311
302 5611111
302 2711311
302 3622301
302 2721311
302 6521111
302 6711311
302 7421011
302 6721211
302 6321211
302 6311311
302 3521211
302 1521211
302 6411111
302 3721111
302 6321111
302 1521211
302 6511111
302 6621311
302 2621301
302 5612101
302 6611211
302 6611911
302 1721311
302 6512301
302 6522111
302 5711111
302 6611111
302 3621111
302 6711101
302 6711901
302 1712101
302 6721311
302 6621111
302 2721311
302 6711311
302 6711111
301 6711301
302 3621211
302 5711111
302 6721311
302 5711211
302 6621311
302 6621311
302 3722101
302 5711111
302 2712201
302 5612301
302 1611111
301 5719101
302 6621011
302 1721911
302 6711311
302 3721111
302 1721111
301 6511901
302 3321311
302 3321311
302 3721111
302 3521111
302 5711111
302 2711101
302 6711111
302 6629301
302 2712101
302 6612101
302 6612301
302 3721111
302 5611111
301 2711301
302 3521211
302 6311211
302 6721111
302 6421211
302 3521111
302 5511111
302 6711211
302 6711211
302 6711111
302 6621111
302 6311311
302 1611211
302 6711211
302 1622201
302 2721211
302 5711111
302 2611911
302 2711911
302 2711211
302 6511211
302 2512301
302 1611111
302 6721111
302 6611111
302 2721311
302 3521111
302 5711111
302 3521211
302 6611211
302 3623211
302 6721311
302 6721211
302 5613111
302 5612101
302 6511111
302 5612101
302 6311311
302 1711311
302 3621211
302 3621211
302 6421311
302 3521111
302 6621311
302 3621111
302 3621211
302 4521211
302 6421111
302 6721311
302 6611111
302 6711311
302 6712301
302 5711111
301 6321311
302 3521211
302 3621111
302 6423211
302 7721001
302 6411311
302 6711211
302 5711211
302 2721211
302 2721111
302 3729111
302 6321211
302 6711901
302 6711211
302 6321111
302 1311211
302 3423211
302 6511111
302 6621311
302 2711211
302 2611101
302 6713311
302 1711311
302 5612201
302 1522211
302 6321211
302 5611111
302 6612901
302 6621211
302 6523311
302 6523311
302 6412301
302 6621111
302 6413311
302 5611111
302 6713311
302 3421111
302 6621311
302 7429011
302 5719101
302 2721311
302 7521011
302 6713211
302 2612301
302 2712301
302 2611311
302 2711311
302 5711311
302 6512201
302 6512301
302 3422201
302 6721311
302 6621111
302 6722211
302 6511111
302 6522201
302 6621111
302 6629111
302 6429111
302 2711911
302 6719911
302 2512301
302 6721111
302 6512301
302 6721311
302 1512101
302 6411111
302 6411311
302 6711111
302 3621111
302 2612901
302 2711111
302 4321111
302 1411211
302 5711111
302 1511211
302 6721111
302 6721111
302 6121111
302 2611311
302 4629911
302 6519211
302 6721111
302 6612301
302 7721011
302 6712901
302 5619911
302 1719911
302 6712201
302 1712901
302 1611111
302 1611301
302 6321111
302 6621911
302 6321111
302 1521311
302 6221311
302 6721311
302 6722201
302 3521211
302 6721211
302 5611111
302 6721301
302 5711211
302 5711211
302 6511311
302 2621301
302 6411201
302 5711311
302 6711911
302 6521311
302 6511011
302 5611111
302 6621311
302 6311211
302 6721111
302 6711901
301 5711911
302 2611911
301 6711311
302 6211311
302 6721311
302 3621211
302 6711111
302 5611111
302 6611311
302 2711301
302 4721311
302 6521111
302 6612301
302 6721311
302 6721211
302 6321111
302 3621211
302 4721311
302 6311311
302 7721011
302 2612301
302 6511311
302 7521011
302 3521111
302 3521111
302 2712301
302 5711111
302 6711311
302 5711111
302 3621311
302 2611301
302 6611201
302 6711111
302 6711311
302 3621111
302 5712101
302 6511311
302 6611311
302 5711111
302 2512301
302 6711211
302 6421111
302 2612201
302 6611211
302 5711111
302 6711211
302 6611211
302 6721111
302 6721001
302 6421111
302 6711111
302 6611901
302 5611101
302 2711111
302 3721111
302 6511311
302 5611111
302 6721311
302 6521911
302 7721011
302 1621111
302 3721201
302 6721311
302 7621011
302 6621211
302 6721011
302 5611111
302 6611301
301 6611311
302 6312101
302 3621211
302 6611311
302 1621911
302 6721311
302 6612201
302 5611111
302 7521011
302 6611311
302 6423101
302 6621311
302 3621111
302 6411311
302 6421211
302 6611301
302 6711111
302 6312101
302 6622101
302 6511111
302 5711111
302 3623101
302 3721311
302 6311311
302 6621001
302 5611111
302 6711011
302 6321311
302 6711211
302 1521111
302 2711311
302 4321211
301 1721911
302 6721211
302 6721111
302 6311111
302 3521111
302 6611111
302 3621911
302 1521311
302 6321111
302 6713911
302 2711301
302 6711111
302 6721911
302 5611111
302 6521201
302 6621111
302 6511311
302 2722301
302 6311311
302 6522101
302 1512301
302 5711111
302 6512301
302 3521311
302 6611211
302 3521311
302 6721311
302 5611111
302 6721311
302 2611201
302 1511311
302 5611111
302 3323301
302 3721111
302 1611111
302 3421211
302 7421011
302 6621111
302 6311311
302 6712201
302 2612101
302 6511111
302 2612201
302 6612301
302 3722301
302 6521911
302 6411311
302 6421211
302 6311311
302 6421111
302 6712201
302 1511111
302 6711111
302 6712901
302 6711911
302 1711211
302 6721101
302 6721911
302 3621211
302 6421111
302 6422101
302 1721111
302 6722001
302 3521111
302 3721111
302 5711101
302 1621211
302 6721111
302 6721301
302 7721001
302 7721001
302 7621011
302 6722301
302 6621311
302 2711311
302 6721911
302 6311311
302 6521111
302 6712301
302 6311111
302 6521211
302 6711301
302 3521211
302 6721111
302 5611111
302 6311211
302 5711111
302 3721111
302 6411311
302 2611211
302 6411211
302 5711111
302 6513111
302 5711111
302 4521111
302 6711211
302 6621111
302 1621311
302 3621111
302 6622301
302 6721111
302 1711111
302 6612101
302 4421101
302 6621111
302 6521311
302 6721211
302 6721211
302 6711211
302 2719911
302 2721911
302 6721111
302 6711901
302 7721011
302 3621111
302 1621211
302 2722901
302 6722901
302 3521911
302 2711911
302 6712901
302 1721311
302 3321301
302 6521111
302 6512201
302 1721311
302 5711111
302 3721111
302 6611011
302 5611111
302 4321111
302 3521111
302 3621211
302 3421211
302 6512201
302 1722101
302 3721111
302 6321311
302 6521311
302 6421311
302 5511111
302 6411111
302 5511111
302 6721911
302 5611111
302 6121111
302 3622104
302 3622104
302 5511111
302 1711111
302 3721111
302 6521111
302 6721311
302 6612201
302 2721111
302 6711101
302 6721111
302 2611311
302 6711311
302 6612201
302 5611111
302 6621311
302 1521201
302 6311211
302 6121111
302 2712201
302 1612101
302 6722901
302 1412301
302 6711911
302 3521211
302 6711311
302 3621211
302 5611111
302 7421011
302 1521111
302 3721301
302 6711111
302 1612901
302 2722101
302 1711111
302 3721111
302 1721211
302 6721111
302 1711311
302 6711111
302 3421111
302 6412101
302 6511111
302 6611101
302 6521111
302 6721301
302 6722204
302 6712301
302 6712301
302 6712301
302 5711111
302 3621211
302 6711111
302 6311111
302 3521211
302 6621111
302 6321211
302 1311211
302 6511311
302 3521211
302 3621211
302 5611111
302 5611111
302 6711211
302 6221311
302 6713101
302 6311211
302 6721911
302 6613301
302 6611311
302 6712101
302 3321211
302 6521111
302 4321311
302 6621311
302 1611311
302 6711111
302 5711211
302 6621111
302 2611101
302 6721111
302 7621011
302 6311311
302 1721111
302 5711201
302 1611311
302 6411211
302 6611311
302 6611311
302 4429901
302 6721311
302 3421211
302 2721111
302 6711911
302 2721111
302 3621111
302 3621211
302 6721911
302 2721301
302 5711111
302 6621111
302 6621911
302 2711911
302 6721111
302 6711311
302 1711901
302 2521901
302 6712901
302 6721911
302 6521911
302 5712901