322 1522101
321 3521201
321 6721301
321 1711201
321 6621301
321 6721301
321 1721201
321 6611301
321 3721101
321 5711101
321 6611001
321 6323101
321 5611101
321 6611101
321 4321101
321 3721101
321 6711301
321 6611201
321 1623101
321 6721101
321 6423201
321 7521001
321 2722201
321 6721901
321 6612304
321 3722101
321 7529001
321 2721101
321 3522201
321 2711301
321 6621301
321 3623101
321 5612101
321 6311301
321 3521101
321 3721101
321 2721301
321 7621004
321 6621301
321 5611201
321 5711101
321 5613101
321 3721101
321 6512201
321 6711101
321 1721101
321 6711101
321 5711101
321 5712301
321 6711101
321 2711101
321 5711101
321 6511111
321 5711101
321 3422201
321 6411211
321 5712101
321 7621001
321 3722101
321 6621101
321 5412101
321 3521201
321 3621201
321 2711101
321 3421201
321 6621201
321 5611101
321 6722101
321 6512201
321 1721101
321 2511301
321 3622101
321 3522101
321 5711101
321 5711111
321 3722101
321 6512101
321 6721311
321 5611101
321 6712304
321 6611304
321 6723201
321 7621001
321 6722101
321 6611201
321 3423101
321 7621001
321 2411201
321 6522304
321 6311101
321 4521201
321 3423201
321 5711301
321 6711301
321 1711201
321 1621101
321 6621101
321 6622101
321 5612101
321 5612101
321 2711301
321 7622001
321 7621001
321 6611101
321 1721101
321 5711101
321 5611101
321 6722301
321 3421101
321 5611111
321 2611301
321 5711201
321 5611101
321 3621101
321 4521101
321 6521101
321 6611301
321 2712101
321 6521101
321 1722101
321 6711301
321 5611201
321 6411901
321 6711001
321 6521101
321 6721301
321 5611101
321 1711101
321 1711101
321 7521001
321 6711301
321 2711301
321 6511201
321 2521101
321 3621101
321 7721001
321 5711101
321 2712301
321 1722101
321 6711101
321 5711211
321 3621301
321 1512101
321 5712101
321 1713101
321 6711101
321 6721101
321 3521101
321 5711101
321 7721001
321 6411101
321 6521101
321 3321101
321 5611101
321 1621114
321 2611301
321 6511301
321 5712104
321 5611101
321 6721101
321 6621201
321 5711101
321 3721101
321 6711311
321 6412101
321 6721901
321 5611111
321 5712201
321 3622201
321 5711101
321 3521101
321 3422101
321 6621001
321 2711101
321 5511101
321 3621101
321 6321211
321 6611301
321 6721201
321 1721301
321 6311101
321 5712101
321 6712301
321 6611201
321 3522104
321 6621301
321 6721301
321 6711301
321 6321001
321 3621101
321 2611201
321 2611201
321 2611201
321 2723901
321 6711201
321 2713201
321 5511101
321 5611111
321 6712104
321 7721001
321 6512301
321 3721201
321 3522901
321 6721901
321 5711101
321 5711101
321 6721301
321 3522104
321 6721101
321 6511111
321 6521101
321 6321101
321 6511201
321 6511201
321 3521101
321 6521301
321 5611201
321 2722101
321 1721301
321 6711001
321 6713101
321 6321101
321 6621101
321 3521101
321 6612901
321 5511101
321 1723101
321 3621104
321 6522301
321 6311101
321 6511101
321 6321201
321 1711101
321 2721301
321 6421201
321 3521101
321 3621101
321 2722301
321 2721101
321 5711201
321 6711201
321 2621201
321 7621001
321 7621001
321 2612201
321 2721911
321 6712201
321 2611311
321 5711101
321 6711101
321 3621101
321 6711301
321 3723111
321 6621301
321 6611204
321 5711101
321 6711101
321 6522104
321 7521001
321 6711101
321 6521101
321 1712101
321 5711101
321 6622301
321 6311101
321 6621101
321 1713101
321 6711101
321 5612101
321 5611101
321 3622101
321 2722301
321 7621001
321 6611201
321 6721301
321 5711101
321 1711101
321 6321111
321 5612104
321 6611101
321 5611101
321 5512104
321 6612201
321 6621101
321 7621001
321 3621101
321 6711101
321 5711101
321 5511101
321 5711101
321 6421101
321 6621101
321 6711901
321 6721101
321 6721301
321 6612201
321 6712301
321 6321101
321 6421201
321 6711301
321 6711101
321 6611901
321 6711301
321 5719101
321 5711101
321 6721201
321 6522101
321 3521101
321 6719201
321 7521001
321 3621101
321 5711101
321 3622101
321 6711101
321 3621101
321 2711301
321 7721001
321 3323301
321 5511101
321 6521101
321 6721301
321 5711101
321 5611101
321 6621101
321 6711301
321 2311301
321 5613101
321 2612201
321 6411101
321 6612201
321 6712201
321 6521101
321 6611201
321 2713301
321 4721201
321 5611101
321 6711301
321 6421301
321 5611101
321 6711201
321 3621101
321 6711001
321 6721901
321 6611301
321 3721201
321 6721101
321 5713101
321 6421101
321 6711301
321 5711101
321 1721901
321 5711101
321 1711201
321 6321201
321 2721301
321 6711101
321 6512301
321 6521201
321 5713101
321 6611101
321 6611001
321 6711301
321 1711301
321 6713201
321 2621301
321 2622201
321 6721901
321 2711201
321 6521101
321 6721101
321 2722201
321 6621101
321 5611101
321 6513101
321 6621201
321 6411101
321 6622901
321 2711101
321 6311101
321 1621101
321 3721101
321 2711101
321 3723201
321 5511101
321 6711301
321 5611101
321 5511101
321 6621001
321 6711201
321 6411101
321 2611311
321 6511201
321 6421111
321 3421201
321 6521301
321 6521301
321 5611101
321 6611101
321 6511301
321 6411111
321 2512301
321 2611201
321 6622901
321 6321101
321 6611201
321 3522101
321 5711101
321 6611301
321 6512101
321 3621101
321 5611101
321 5511111
321 2611301
321 2511301
321 3722101
321 6722211
321 7522001
321 5711101
321 3721211
321 7621001
321 6313101
321 7723001
321 3723101
321 2611301
321 5611201
321 6622301
321 3721101
321 3721101
321 5612101
321 5713901
321 6321101
321 5611101
321 6321101
321 6721101
321 7522004
321 1722101
321 3521101
321 6521201
321 1311201
321 6411101
321 6721301
321 6321101
321 6521101
321 6311101
321 5512101
321 2511101
321 6721101
321 6721901
321 2711301
321 6611101
321 6721301
321 6412901
321 6621301
321 6721101
321 2621301
321 1511301
321 6521101
321 5611101
321 7622001
321 6711101
321 6411301
321 3421101
321 3621101
321 5712101
321 7621001
321 6712301
321 5612201
321 3621201
321 5611101
321 6712101
321 6311101
321 5711201
321 1311201
321 2711101
321 6711301
321 7621001
321 6311101
321 6321101
321 6711301
321 5711101
321 4621101
321 6721101
321 6621111
321 3321201
321 6611101
321 6721201
321 6521101
321 6721101
321 6722201
321 5713101
321 5612101
321 6621101
321 1712101
321 2721301
321 3721301
321 3721201
321 3722101
321 1721301
321 6611301
321 3621101
321 6311201
321 6621201
321 6521101
321 6411001
321 5711101
321 6611901
321 2611301
321 2711301
321 7721001
321 6621301
321 7621001
321 6621201
321 6711101
321 5711101
321 6311201
321 6611101
321 3621101
321 6721101
321 5719101
321 6711001
321 1611301
321 1711101
321 6411101
321 1611301
321 1721101
321 7623001
321 6311201
321 5611101
321 5719101
321 6629901
321 6521101
321 6329101
321 6711901
321 6719901
321 6711901
321 6519101
322 5711201
321 5711101
322 2711101
322 3621101
322 6611101
322 1612101
322 1721201
322 5611101
322 3522204
322 6621201
322 6719301
322 6721101
322 2621301
322 6711101
322 1511301
322 6621301
322 2722101
321 2723301
322 3621101
322 3521201
322 7622001
322 6721101
322 6511101
322 2612201
322 1712304
322 7521001
322 6322101
322 1621201
322 3622204
322 3721101
322 1711101
322 6311311
322 2711101
322 6721101
322 6711101
322 3721101
322 3622101
322 6611301
322 5612104
322 6711301
322 6711301
322 6721101
322 6511101
322 5611201
322 5711101
322 5711301
322 5711201
322 6711101
322 5611101
322 6512104
322 5711201
322 6621101
322 1511201
322 3622201
322 6711201
322 6721201
322 2711101
321 6512101
321 6621101
322 1711301
322 2713301
322 6722101
322 7621001
322 6311301
322 6711201
322 3521101
322 7521001
321 6621301
322 2711201
322 2611101
322 6611201
322 6611101
322 6621201
322 6611211
322 6611111
322 6511201
322 6612101
322 6711101
322 1523201
322 3721101
322 5613101
322 7421001
322 3722101
322 6719101
322 6329101
322 5612104
322 6723101
322 6421101
322 6511101
322 5511101
322 3721101
322 5611101
322 3721201
322 3422201
321 6611101
322 6719101
322 1611301
322 3621101
322 1621101
321 6721101
322 5712101
322 3721201
322 1513201
321 1721901
322 3421101
322 6711101
322 6711101
322 6722301
321 2721301
321 6411901
322 5612101
322 3721101
322 3521101
322 6511101
322 6711901
322 5512101
322 6413101
322 6611301
322 3521201
322 3521101
322 7721001
322 6511301
322 3321101
322 6421201
322 6711201
322 3721101
322 5711101
322 5512101
322 6522101
322 7521011
322 3721101
322 5711201
322 3721101
322 6521201
322 6423101
322 2721301
321 6511301
322 6621101
322 1511101
322 6621201
322 3721101
322 6711301
322 6721201
322 3621101
322 3621101
322 1713201
322 6511001
322 2711301
322 3721101
322 6421101
322 6311101
322 6711101
322 6319101
322 6611301
322 1511101
322 6311201
322 3423101
322 5612101
321 6329101
322 2621301
322 6711001
322 6711001
321 6322201
322 3521101
322 6311111
322 1621201
322 6311201
322 3621101
322 7621001
322 6721101
322 5611101
322 6612201
322 3421201
322 3421101
322 6323101
322 3321201
322 5711101
322 3621211
322 6611101
322 3622104
322 6721301
322 6329101
322 6521901
322 3722101
322 3721101
322 3721201
322 3721201
322 2711201
322 1612101
322 6611101
322 6512101
322 6621201
322 4722104
322 6721901
322 5611101
321 6721301
322 2521311
322 6622301
322 2622301
322 3621201
322 3623201
322 6521001
322 6711101
322 6612301
322 6611101
322 2721301
322 6721201
322 6711301
322 2722301
322 6721301
322 6622101
322 6621101
322 6311311
322 6313101
322 2611301
322 5611201
322 2622301
322 6111101
321 6721301
322 5713901
322 2722301
322 3721101
322 7621001
322 6611314
322 6511301
322 3721301
322 6711301
322 7721001
322 6511101
322 5511111
322 6621301
322 6621201
322 3622301
322 6611104
322 5611104
322 6311101
322 6721101
322 6621101
322 2711201
322 7622001
322 6421301
322 6421101
322 3521101
322 3621101
322 1723101
322 6611301
322 2711201
322 6712304
322 2712901
322 2721901
322 6721901
322 6512101
322 1721901
321 2612304
322 5711101
322 3621101
322 7721001
322 7521004
322 7721001
322 6711101
322 6411201
322 6711301
322 2511301
322 3522201
322 6721301
322 6711101
322 3621101
322 6311211
322 1313201
322 7421001
322 3521101
322 6521101
322 4323101
322 6721901
322 6611101
322 6721101
322 5611104
322 6721101
322 1722201
322 7421001
322 3621101
322 3722201
322 6613101
322 6621101
322 5511101
322 6711301
322 6611301
322 6313301
322 7521001
322 3721211
322 5611101
322 6721101
322 6721111
322 6722301
322 6711101
322 6621101
322 5611201
322 5612101
322 2621201
322 6421201
322 5512101
322 5512101
322 3621201
322 5612104
322 5612111
322 5712201
322 5711101
322 6711101
322 6711301
322 1511201
322 1611301
322 5711101
322 6611101
322 6713101
322 2711101
322 2611301
322 6511101
322 6611201
322 7521001
322 6521111
322 3721101
322 1721201
322 1711101
322 1521301
322 3621101
322 6411104
322 6611101
322 6723301
322 6723301
321 6329901
322 1411201
322 5611101
322 1621301
322 6721101
322 6611101
322 6721101
322 7621011
322 3621101
322 2621101
322 7722001
322 6713101
322 5711101
322 1421301
322 3621201
322 2621101
322 5612104
322 6722301
322 3521301
322 3522101
322 3722101
322 3621201
322 6723101
322 7521001
322 5511201
322 2711201
322 6721301
322 2722201
322 7723001
322 6321201
322 6611104
322 6421301
322 6611101
322 6722901
322 6721301
322 6311301
322 6721201
322 6611101
322 6721001
322 2711101
322 6711301
322 6721111
322 6711101
322 5711301
322 6711301
322 3722101
322 6711201
322 6611104
322 3622101
322 7523001
322 5611101
322 7521001
322 3521101
322 3721101
322 6413301
322 2621101
322 6611301
322 6511101
322 6721301
322 3621201
322 3321201
322 6521301
322 6511201
322 2722201
322 6721201
322 3622104
322 6411201
322 6621901
322 6512301
322 6321901
322 6311101
322 7621001
322 5711101
322 1721201
322 6721101
322 1711301
322 6629101
322 3521101
322 6511111
322 6711301
322 3422304
322 5711301
322 2712301
322 6612101
322 3621101
321 3521201
322 6511101
322 6721301
322 3721101
322 6321101
322 6521201
322 6611101
322 2623301
322 6721101
322 6519101
322 3529101
322 6721101
322 6521201
322 2711201
322 3423101
322 7521001
322 2721101
322 7521001
322 3721101
322 5512101
322 6622101
322 6621101
322 3721201
322 3721201
322 6511901
322 3522101
322 6722201
322 7721004
322 1711101
322 6321101
322 3521101
322 1611201
322 6511101
322 1521101
322 1522301
322 3721201
322 3523201
322 5712101
322 3621101
322 7621001
322 5713101
322 7521001
322 1711101
322 1721301
322 7621001
322 6711101
322 6411201
322 5611101
322 3521101
322 6711101
322 6711101
322 2511301
322 3523201
321 6611101
322 2711201
322 3721101
322 6711001
322 6711101
322 7722001
322 3521111
322 6712104
322 6711301
322 2721301
322 3622104
322 6611301
322 6711101
322 1611101
322 2711101
322 6711301
322 6721901
322 6711201
322 3722101
322 1723201
322 2711101
322 2711201
322 6711201
322 5711101
322 6721901
322 3721201
322 6612101
322 6721301
322 3323101
322 3522201
322 5511201
322 3721201
322 3621101
322 6323101
322 5711301
322 6612301
322 6311111
322 6312101
322 7321001
322 2711901
322 6723911
322 6722901
322 5511201
322 6721101
322 6322201
322 5712101
322 6311201
322 2711101
322 5612101
322 7621001
322 6421301
322 6721301
322 6722301
322 6421301
322 3722101
322 6611101
322 2621101
322 3521101
322 7723001
322 7723001
322 3621101
322 1721201
322 1511201
322 1711301
322 6711201
322 5711101
322 3421101
322 6621301
322 2721101
322 5612204
322 6711101
322 6311111
322 7521001
322 6411301
322 6622301
322 6622901
322 3621301
322 6711101
322 6729101
322 3722101
322 1712201
322 6621201
322 6621101
322 1612201
322 6611301
322 2622301
322 1721101
322 2722301
322 3623101
322 7521001
322 6522101
322 6721301
322 6619101
322 6711101
322 5713101
322 6421101
322 6521101
322 6423301
322 6711201
322 7721001
322 6711001
322 6721201
322 5713101
322 6311201
322 3421101
322 5612101
322 6712301
322 5711301
322 1412201
322 6621101
322 5712901
322 3521201
322 5512101
322 6721301
322 6711201
322 2711201
322 6311101
322 5611101
322 5611101
322 1622101
322 3722101
322 7722001
322 7722001
322 6721211
322 6621101
322 6711301
322 6711901
322 2621101
322 5711201
322 2721301
322 3423201
322 6711301
322 6711101
322 6621101
322 6711201
322 6522101
322 6311101
322 6722301
322 2713301
322 6712301
322 6612301
322 6721901
322 3722201
322 4321101
322 6622101
322 6622101
322 6611101
322 3621101
322 6711301
322 7621011
322 6611101
322 6621101
322 3421201
322 5711201
322 1712101
322 3621101
322 2621301
322 2711301
322 5513201
322 6721301
322 2711301
322 7723001
322 6711301
322 3429201
322 6712101
322 2712301
322 5712101
322 5512101
322 3721201
322 3723101
322 2712301
322 6711301
322 3621201
322 6511101
322 6311301
322 2722301
322 6721301
322 5612101
322 6629301
322 7522001
322 5511201
321 6621301
322 7621001
322 6711101
321 2723301
322 6711901
322 6421104
321 3321201
322 3622301
322 1723901
322 3721901
322 6711901
321 5713301