331 6723301
331 6721201
331 7422001
331 7621001
331 1711101
331 5612101
331 6321101
331 6622201
331 6621101
331 6521301
331 6722201
331 3722101
331 6311301
331 5611101
331 6722101
331 6712101
331 6621101
331 6722101
331 6512301
331 6512201
331 6722901
331 4522301
331 3722101
331 2712301
331 6722301
331 2622301
331 6412101
331 6711101
331 6612301
331 6511101
331 3322201
331 3521101
331 2622301
331 3421111
331 1722301
331 3722101
331 6712101
331 6722201
331 1722101
331 2522201
331 6711201
331 3722101
331 7523001
331 3521101
331 4321101
331 7622001
331 3521201
331 7621001
331 3722301
331 2722301
331 5712101
331 6621901
331 2512101
331 3722301
331 3622101
331 7321011
331 1712301
331 5611101
331 6411201
331 2521201
331 6711101
331 6321101
331 7521001
331 7522001
331 7621001
331 3721201
331 6322301
331 3722201
331 6722301
331 5712101
331 6722301
331 6512301
331 1712301
331 3621101
331 1511201
331 3321101
331 6511101
331 6521101
331 2522301
331 2523201
331 1713101
331 5713101
331 6412901
331 6311111
331 2622301
331 7621001
331 1722201
331 6711101
331 4421101
331 6522201
331 1713201
331 1712201
331 3422101
331 3622101
331 7421001
331 1712201
331 5613901
331 6421101
331 7721001
331 6722901
331 1722301
331 6722201
331 2612301
331 1722101
331 3722201
331 6512101
331 5611101
331 6612201
331 5612101
331 6521101
331 6712901
331 6722301
331 7622001
331 3521101
331 2611101
331 2722901
331 3622101
331 5712101
331 6322101
331 3722201
331 6722901
331 6621101
331 6611101
331 1411101
331 3722201
331 6722101
331 2713301
331 6711101
331 5612101
331 2612301
331 2412201
331 3423101
331 5612101
331 3621101
331 2722301
331 1722301
331 2712301
331 2622101
331 6722101
331 6421101
331 5612101
331 6522101
331 6212301
331 6622101
331 5719101
331 3621101
331 1622201
331 6521301
331 3523201
331 3621201
331 3722201
331 5712901
331 6313001
331 3722301
331 5511301
331 6711101
331 6722901
331 5712101
331 3622201
331 3622201
331 1711201
331 6311101
331 6321201
331 3722101
331 7722001
331 1722101
331 1712301
331 2522301
331 1712101
331 3621101
331 6423201
331 7521001
331 3521101
331 6712101
331 3621101
331 5711201
331 3722201
331 3722101
331 6411111
331 5712101
331 6723901
331 3421101
331 3423201
331 6311101
331 5611101
331 1521301
331 5611101
331 6522201
331 3722101
331 6622201
331 6722001
331 3422101
331 7321001
331 3422101
331 5712101
331 6621201
331 6622101
331 6613201
331 6411111
331 7722001
331 6611301
331 6722201
331 6722101
331 1711101
331 6612101
331 5711101
331 3321201
331 7521001
331 6713201
331 6712101
331 5612101
331 5712101
331 5711101
331 4721301
331 6722201
331 1622101
331 5712101
331 5711101
331 3721101
331 1723901
331 6311301
331 2622301
331 6721211
331 3622101
331 6712301
331 2612301
331 5612101
331 5511101
331 6321301
331 3521101
331 6623101
331 3521201
331 6311101
331 6611101
331 5711101
331 3421301
331 5712101
331 6711201
331 3621101
331 2611301
331 6612301
331 1722201
331 6721111
331 3722101
331 6311901
331 6521111
331 6311201
331 3622201
331 6313101
331 5612101
331 5411111
331 2521201
331 7721001
331 5511101
331 5719101
331 5612301
331 6413201
331 3521101
331 1722901
331 6712901
331 6322101
331 6321901
331 6421101
331 5612201
331 3521101
331 1612201
331 5612101
331 6321301
331 3722201
331 3722201
331 5511101
331 1723201
331 1722101
331 6712101
331 6722201
331 5612101
331 6611101
331 5411101
331 6721301
331 6311301
331 1713101
331 1713101
331 1722201
331 2723201
331 5712101
331 2511101
331 6512001
331 6621001
331 6721101
331 6612301
331 1512301
331 1422301
331 6312901
331 2711101
331 6321201
331 3522101
331 6722101
331 6723101
331 2711201
331 6622901
331 3721101
331 6722101
331 5611101
331 5511101
331 3722101
331 3721101
331 6713301
331 6611201
331 6411301
331 2722101
331 6411101
331 7521001
331 3623201
331 7623001
331 6722101
331 6611201
331 1712201
331 5712101
331 2512301
331 6712301
331 6622101
331 5711101
331 3722101
331 6622301
331 3622101
331 1712901
331 2721901
331 6711101
331 6611101
331 6421211
331 6611101
331 6321101
331 6711311
331 5719201
331 7622001
331 2612201
331 6312101
331 6312201
331 6711101
331 3521101
331 1722201
331 2722301
331 6721201
331 1611111
331 1723201
331 3622101
331 3621101
331 5712101
331 6612101
331 5712101
331 6612101
331 5611111
331 3722101
331 7323001
331 6722101
331 1522101
331 5611101
331 3323201
331 6723301
331 3621101
331 6512101
331 6721301
331 5611101
331 6311111
331 6411201
331 7421001
331 3521101
331 7521001
331 1722101
331 1722101
331 6322101
331 6512301
331 6611201
331 2722201
331 2721301
331 5612101
331 6712901
331 3621101
331 2612301
331 6412301
331 6712101
331 2522101
331 1622201
331 6411101
331 4321101
331 6521101
331 6722201
331 7421001
331 5712101
331 6611101
331 6723301
331 5711101
331 6411211
331 1622101
331 6521901
331 6721301
331 6411301
331 3621201
331 1712201
331 7322001
331 1723101
331 6419101
331 6622901
331 6612901
331 6329101
332 5612101
332 6711101
331 6712101
332 6622201
332 5612101
332 1713101
332 6621901
332 2621201
332 6313301
332 6311101
331 6621301
332 6612101
332 6421101
332 6711301
332 3529101
332 5511101
332 3622301
332 3622101
332 1722301
332 1722101
332 6723201
331 4622901
331 3622301
332 7421001
332 6321201
332 6612201
332 4521101
332 4622201
332 4622101
332 6721201
332 6521101
332 1722101
332 5511101
332 5612201
332 5611101
332 6423101
332 5612101
332 5612101
332 2722301
332 6712201
332 2711301
332 6612901
332 6622001
332 5613101
331 5711101
332 6723301
332 6123101
332 2713301
332 6712301
332 5712901
332 6622101
332 1521301
332 6711201
332 6421101
332 6121101
332 5612101
332 6521201
332 6111101
332 3422201
332 6722301
332 6411101
332 6712201
332 6722101
332 3423101
332 6611101
332 6721111
332 1723101
332 6413201
332 2721301
332 6311101
332 6712301
332 2712301
332 5612101
332 3321101
332 6723101
332 6612101
332 6722301
332 6711101
332 6323111
332 6411201
332 6321201
332 7721011
332 2622201
332 6412201
332 6721301
332 6713201
332 6722201
332 3623301
332 3722201
332 3521201
332 6712101
332 5611101
331 6722901
332 6612901
332 6721101
332 6723201
332 6322201
332 6711201
332 2722301
332 6623201
332 5713101
332 6711301
332 6511201
332 6311101
332 6319101
332 1721101
332 1623101
332 3622101
332 5611101
332 6721201
332 6712301
331 6621301
332 1512101
332 6422101
332 6121301
332 5712101
332 3722201
332 6712301
332 3621101
332 6313101
332 6722301
332 2712301
332 6329101
332 6329101
332 6429101
332 3722201
332 6723301
332 6511201
332 6611301
332 6321101
332 6712201
332 6311301
332 6622201
332 6623301
332 6712101
332 6722301
332 5712101
332 3722301
332 3421101
332 1722101
332 6722101
332 3623101
332 2712301
332 3622201
332 6712301
332 6711101
332 6713101
332 3622201
332 3621101
332 6721101
332 3723101
332 2722101
332 2622301
332 5612101
332 6722301
332 2712901
332 6311101
332 7521001
332 2622301
332 6722101
332 5512101
332 6519101
332 6411101
332 2712301
332 6712301
332 6721201
332 2611911
332 6521201
332 6521101
332 6721301
332 7621001
332 7622001
332 6721101
332 3521201
332 6611211
332 6722101
332 6722101
332 3521101
332 6612101
332 6723901
332 3521101
332 5712101
331 5611111
332 6621201
332 7421001
332 6511101
332 7523001
332 6421101
332 5611101
332 2612901
332 6722201
332 2622301
332 6721301
332 3521101
332 3621101
332 2622201
332 3522101
332 6412101
332 6613201
332 6421301
332 2512301
331 6611201
332 6723301
332 6712201
332 6321101
332 6722301
332 6722001
332 6622201
332 7723001
332 3723101
332 1621201
332 6611101
332 6511101
332 1612101
332 6311101
332 3722201
332 7722001
332 2722301
332 2722201
332 3722301
332 4622101
332 2713101
332 6622101
332 3623101
332 7621001
332 6611001
332 2722101
332 3623101
332 7621001
332 6621211
332 5612101
332 6722101
332 5512101
332 7721001
332 3722101
332 2622201
332 2511101
332 6711101
332 3721101
332 6122101
332 3621301
332 1721301
332 6713201
332 6521101
332 1722301
332 6722201
332 3523101
332 2723101
332 6722301
332 6329911
332 3722301
331 6711901
332 6712201
332 7522001
332 3622301
332 3621101
332 7729001
332 1721201
332 6612301
332 1712301
332 4422101
332 5611101
332 6712301
332 3723301
332 6511201
332 6729301
332 1713901
332 6322301
332 6411301
331 6321101
332 6612301
332 3722101
332 6621201
332 7521001
332 6711101
332 6723201
332 3421201
332 6722301
332 5711101
332 1411201
332 7721001
332 1411101
332 6413301
332 5712101
332 2713301
332 6713201
332 2723201
332 5712101
332 2721201
332 2611101
332 5712101
332 2712101
332 3522101
332 2611301
332 2712301
332 6622101
332 6311301
332 7722001
332 2621101
332 6711301
332 6521101
332 2721101
332 6321101
332 2721301
332 6521301
332 3421101
332 1722201
332 6711301
332 3722111
332 6713301
332 3721101
332 2713201
332 3722201
332 6323101
332 6313101
332 6721211
332 6721011
332 7521001
332 6721101
332 6711301
332 6321101
332 6722101
332 5712101
332 3421101
332 6312311
332 6621301
332 6711201
332 6722201
332 2521301
332 6311101
332 6622301
332 6722201
332 7423001
332 3621201
332 5711201
332 4723201
332 1712301
332 2722301
332 7623001
332 3621101
332 1521201
332 7722001
332 5512101
332 6522101
332 6611201
332 3621101
332 7522001
332 3423101
332 2423301
332 7522001
332 3522201
332 3621201
332 7521001
332 6511201
332 6612201
332 3722101
332 6722301
332 6712201
332 6612201
332 5612101
332 6612101
332 6421101
332 6321201
332 6712201
332 3521201
332 6622101
332 2722301
332 6611901
332 6621101
332 6512101
332 3721101
332 6421101
332 3722101
332 6722301
332 6723201
332 6621301
332 5712301
332 6723201
332 3721101
332 6722301
332 2713901
332 2712301
332 3421201
332 3721101
332 3423101
332 3723201
332 6711301
332 6421101
332 5612101
332 6513301
332 5611101
332 1621101
332 3722101
332 6512201
332 6711301
332 7721001
332 7721001
332 6421101
332 7421001
332 3722301
332 3722301
332 4421111
332 7722001
332 6421201
332 3523101
332 2722201
332 1722901
332 2722101
332 3723101
332 2722101
332 3623301
332 1712301
332 6712301
332 5712201
332 6511201
332 6722301
332 6511301
332 6611101
332 3722101
332 7721001
332 3621101
332 5611101
332 6723201
332 6723201
332 3722201
332 6612201
331 6712101
332 2622901
332 6722201
332 6621101
332 2513201
332 6511301
332 5512201
332 6311101
332 6729301
332 6611201
332 3622101
332 7521001
332 5712201
332 1622101
332 6622101
332 3723101
332 2621301
332 5712101
332 5711101
332 2721301
332 3321201
332 6712901
332 2711901
332 5711101
332 3621101
332 6721211
332 6521101
332 6722301
332 6612901
332 6311111
332 6611101
332 1611201
332 1722201
332 3722101
332 6722301
332 5712101
332 6421101
332 3423201
332 6612301
332 1523201
332 3721111
332 5712201
332 2723101
332 6722301
332 5611101
332 6722301
332 7722001
332 2623301
332 5712101
332 5711101
332 5713201
332 6711101
332 6412301
332 6722901
332 2722101
332 1722901
332 6513901
332 6623201
332 5512101
332 1712301
332 1712301
332 2611901
332 6712901