341 5711101
341 6711101
341 2711304
341 3723101
341 1611101
341 2713301
341 5711101
341 2723301
341 5613101
341 3521201
341 6513101
341 6613901
341 2612301
341 6323301
341 3622301
341 1421201
341 5713901
341 6723901
341 6423101
341 6723101
341 2713201
341 6713101
341 2713301
341 3423101
341 6722301
341 1712301
341 1713201
341 6423101
341 6712301
341 6713301
341 6421201
341 1723301
341 7722001
341 6623201
341 2611301
341 6511101
341 3722101
341 6513201
341 6621301
341 6713101
341 6721201
341 2513301
341 6713301
341 6621301
341 6711201
341 6621101
341 2711101
341 1713301
341 4423101
341 6513301
341 6623101
341 3423101
341 6523101
341 2723301
341 2711301
341 7723001
341 6122301
341 3422201
341 2721201
341 1713901
341 6722301
341 1711201
341 2713301
341 6713301
341 6722101
341 6323101
341 2713301
341 2723301
341 5712101
341 5613101
341 5613101
341 6723101
341 3722201
341 3723201
341 1523101
341 3523101
341 6612101
341 2723301
341 2713201
341 2711301
341 2721301
341 6522101
341 1623101
341 5612101
341 6712301
341 2711301
341 6722101
341 2721211
341 2721211
341 2711301
341 6712301
341 2713301
341 5612101
341 6712201
341 2612101
341 6712301
341 1713201
341 1713201
341 1723101
341 3721101
341 6713101
341 1721101
341 1723101
341 2713301
341 6611301
341 5711101
341 5613101
341 1523201
341 6623901
341 2722301
341 1723901
341 2712301
341 6722101
341 6721301
341 6723901
341 6711101
341 6712301
341 1522301
341 5613101
341 1723101
341 2623301
341 6723901
341 3721201
341 2721301
341 1722301
341 6613901
341 6523901
341 1612101
341 1613301
341 6612904
341 6723201
341 2722301
341 1721201
341 1722201
341 2712301
341 2713301
341 2623301
341 4723101
341 2711301
341 3723101
341 2721301
341 6713201
341 5712101
341 1713301
341 6613101
341 4622201
341 2711201
341 6523101
341 6721101
341 2711301
341 6711201
341 1713201
341 1722301
341 6613901
341 3623101
341 6711211
341 6722101
341 5713101
341 6313101
341 3623101
341 2622304
341 6423101
341 5612104
341 3723101
341 6722201
341 6721301
341 2622201
341 2721301
341 5711111
341 6721901
341 6511001
341 1719101
341 2713301
341 2712201
341 1723101
341 3621201
341 3622101
341 6612301
341 6723201
341 5713101
341 1613101
341 5613101
341 6711101
341 6713901
341 1713101
341 6713901
341 3522101
341 6423101
341 3622301
341 2721101
341 2513301
341 3723201
341 3723101
341 3622201
341 2713101
341 2723301
341 6723301
341 6712901
341 6711101
341 1723301
341 1713101
341 6722201
341 1623301
341 6713101
341 6721201
341 6712901
341 3722101
341 6711001
341 2711101
341 6612301
341 7623001
341 5713101
341 6523201
341 1511101
341 1711101
341 1711301
341 6511101
341 6722301
341 6421101
341 3622101
341 7722001
341 1712201
341 2722201
341 5711111
341 7623001
341 6721101
341 6421301
341 6623101
341 6329211
341 6713901
341 1723201
341 6613301
341 6723301
341 6523201
341 3623101
341 6723301
341 6713101
341 6723101
341 6613301
341 2613301
341 6613201
341 3721901
341 5712901
341 5711911
341 6511901
341 2713901
341 6713901
341 6611201
341 5612101
341 6723901
341 6722101
341 6611101
341 6523101
341 6411101
341 3721101
341 1721201
341 3722101
341 2713201
341 3623201
341 6721201
341 6723301
341 1623301
341 6713201
341 6513201
341 5611101
341 6719111
341 2713301
341 6713101
341 2723301
341 6713101
341 2713101
341 5612104
341 6723101
341 3722101
341 4622301
341 6513201
341 3722101
341 2612301
341 6723201
341 6623101
341 7723001
341 6711301
341 3721101
341 6513101
341 6723101
341 2723101
341 5713101
341 6723301
341 6723901
341 1712101
341 6713101
341 2712301
341 6513301
341 6411201
341 6713901
341 6713101
341 6713301
341 6723101
341 3721101
341 6723101
341 6721201
341 6713101
341 6612901
341 3623201
341 7423001
341 7723001
341 6723901
341 2713301
341 2713301
341 5713101
341 2712901
341 2713901
341 1713901
341 6313301
341 6721901
341 2513301
341 6612301
341 2622301
342 2721101
342 6623101
342 2713301
341 6711101
342 3623201
342 6712101
342 2723301
342 6713301
342 6713301
342 6722101
342 6611301
342 3721101
342 6612901
341 2712201
342 6611101
342 6523101
342 3623101
341 3723201
342 6713301
342 1722201
342 6723301
342 6712201
342 6613201
342 6713101
341 2713301
342 7723001
342 1723101
342 1721201
342 6723001
342 1523301
341 3723204
341 3723204
342 6723101
342 5712101
342 6613201
342 6623201
342 1613901
341 5712101
342 6711101
342 2712301
342 5612101
342 3622101
342 6713001
342 6611301
342 6423101
342 6711301
342 3721101
342 6712301
341 1513301
342 5713301
342 6713301
342 3623201
342 1623901
342 3721101
342 6723301
342 1713101
342 2613301
342 3623201
342 3722101
341 2721301
342 6523901
342 2723301
342 2613201
342 6621101
342 5713101
342 1723101
342 6723201
342 3721201
341 1712901
342 6723201
341 2722301
342 6711311
341 3622301
342 1713101
342 5713301
342 1713301
342 2713301
342 1711201
342 6613001
342 1723101
342 6713101
341 6722301
341 6522901
342 6513301
342 2723301
342 1523201
342 6723201
342 1623201
342 6423101
342 2713101
342 5712301
342 1723301
342 1713101
342 2712301
342 6713101
342 7523001
342 1712301
342 6613301
342 2712301
342 6723201
342 3721101
341 2523301
342 1723301
342 1622101
342 1613201
342 2513301
342 6721201
342 1713201
342 6522201
342 6722301
342 3621101
342 2711901
342 6622101
342 1723201
341 6713301
342 1723301
342 1611111
342 2721301
342 3721111
342 6721101
342 3321101
342 1713201
341 6613901
342 2721201
341 2711201
342 1723201
342 6513301
342 6713301
342 1723201
342 6622101
342 6723101
342 7621001
342 3423101
342 2713301
342 6723201
342 6713901
342 5713101
342 6413101
342 6612901
342 1713201
342 3723101
342 6721901
342 2712301
342 6713901
342 2722201
342 6713301
342 6713101
342 2723301
342 6713101
342 2721901
342 2723301
342 2613301
342 1723201
342 2711901
342 6721201
342 6723101
342 6613101
342 6712301
342 6713101
342 3523101
342 6613201
342 6712201
342 1723101
342 7722001
342 2712201
342 6723301
342 6713001
342 2723201
342 1723101
342 6723101
342 6713201
342 6613101
342 1721101
342 6611201
342 4323201
342 7423001
341 6613001
342 2613301
342 1712101
342 6513301
342 4622301
342 6413101
342 2513301
342 6723301
342 6612301
342 3523101
342 3521101
342 3723201
342 6613301
342 2722901
342 3523101
342 1723101
342 1713901
342 1613101
342 6712301
342 2713301
342 1713201
342 3523101
342 2723301
342 5713201
342 7721011
342 2622101
342 3722101
342 3623201
342 2613301
342 1622201
342 6613301
342 3721201
342 6621101
342 6623101
342 6713901
342 5713101
342 1513101
342 1712301
342 4423201
342 2713301
342 2713301
342 3623201
342 6712901
342 6613201
342 2713301
342 3721101
342 1711101
342 2711301
342 6612301
342 6521301
342 2713101
342 6623201
342 2722301
342 6623201
342 2713301
342 2723101
342 6713301
342 1711301
342 2713201
342 5713201
342 6723101
342 2721201
342 1521201
342 6611101
342 6611901
342 6523201
342 5612301
342 1713301
342 5713901
342 6712201
342 6613301
342 6711101
342 6322901
342 6713901
342 1423201
342 3322104
342 6123301
342 3523101
342 6513201
342 1723101
342 1721101
342 6713101
342 2713301
342 3723101
342 2713101
342 2713301
342 6521101
342 6623201
342 1722101
342 1722101
342 5712101
342 2713301
342 3723101
342 6623901
342 1713901
342 7522001
342 6723201
342 2623201
342 3523101
342 3623101
342 5713301
342 6513301
342 2713301
342 6713901
342 6423201
342 2713301
342 7523001
342 3521201
342 6422104
342 6721101
342 5713101
342 6421911
342 6513301
342 6613201
342 1613201
342 1513901
342 6512201
342 2711301
342 2711301
342 6512301
342 2621101
342 6511211
342 6723301
342 6721301
342 6423301
342 2711201
342 5712101
342 7523001
342 3523101
342 6712301
342 7723001
342 2722201
342 6722101
342 2723301
342 3723101
342 1623201
342 6612201
342 3723101
342 3723201
342 6721101
342 2713301
342 6721301
342 3523101
342 1723901
342 1613201
342 3723101
342 2613201
342 6623901
342 3723101
342 1319101
342 6613001
342 2523301
342 6713201
342 3622204
342 1723101
342 2613101
342 2713301
342 2713201
342 2723201
342 6611101
342 6723101
342 1621101
342 1713301
342 5713101
342 6713101
342 6713901
342 2711201
342 2623901
342 2612901
342 2713301
342 6413101
342 1713101
342 6711301
342 6721201
342 6721301
342 6613901
342 6713301
342 2613201
342 5713301
342 3721101
342 1723201
342 3423101
342 3523201
342 6713901
342 2711201
342 1613101
342 6723301
342 5713101
342 2413301
342 1613301
342 6613201
342 6513101
342 6513101
342 1721101
342 5713101
342 2613201
342 1613201
342 4723201
342 4729901
342 2713301
342 3722101
342 6723301
341 6722301
342 1613201
342 6723901
342 6723901
342 6722901
342 2712901