351 6612901
351 6612101
351 6612101
351 7622001
351 6622101
351 7722001
351 6622101
351 7522001
351 3722101
351 3722201
351 6722301
351 6622201
351 5612101
351 2712301
351 7722001
351 6512101
351 3722101
351 5612101
351 6622101
351 6522101
351 2722201
351 5612101
351 6722301
351 3522301
351 6711311
351 4322101
351 2612201
351 5512101
351 6512101
351 6722201
351 6621101
351 6721201
351 1622101
351 6712201
351 2512301
351 6722201
351 6722301
351 6722301
351 2722301
351 3622301
351 7722001
351 5712301
351 2722201
351 6512201
351 6722301
351 6711911
351 2512301
351 6412101
351 3621101
351 6722101
351 5512101
351 1512201
351 3622101
351 3622101
351 3522101
351 6722301
351 3722201
351 6622101
351 6722301
351 6712901
351 1522201
351 6722201
351 1622201
351 5512101
351 5712101
351 3722101
351 1712301
351 5712101
351 6422201
351 5512301
351 6722201
351 2611301
351 6322101
351 6722001
351 2722301
351 7722001
351 2712301
351 6622101
351 6622201
351 6712201
351 3622201
351 6311301
351 5512101
351 6712001
351 1412301
351 6622301
351 6412201
351 6722101
351 7722001
351 2622201
351 2622301
351 1722101
351 4522201
351 2711301
351 2722301
351 6623901
351 1612101
351 1712101
351 2722201
351 6422301
351 1612201
351 6722101
351 6711111
351 3722201
351 2622201
351 2522101
351 2712101
351 6521301
351 6612301
351 1512101
351 3722101
351 2711201
351 6712101
351 5712901
351 3722201
351 5612101
351 2722201
351 6712301
351 1722301
351 6512301
351 1722301
351 1722301
351 6512001
351 7722001
351 6512301
351 5712101
351 6622301
351 5712101
351 3622201
351 1712201
351 2712201
351 2612201
351 1722101
351 6712301
351 6522301
351 3722101
351 6512101
351 2712201
351 7722001
351 3722101
351 6522201
351 7722001
351 2722901
351 7722001
351 6622201
351 6712101
351 1712101
351 3622101
351 6711901
351 2722201
351 7629001
351 6722101
351 5712101
351 3622101
351 6612301
351 3522101
351 1722201
351 1722201
351 3622101
351 3722101
351 6722901
351 5612101
351 3722101
351 2612201
351 3622101
351 1522101
351 3522301
351 6521101
351 7522001
351 3722201
351 6722201
351 6622201
351 6612101
351 3722101
351 2612301
351 6712211
351 6612301
351 2722301
351 6712301
351 1622201
351 1621201
351 2712201
351 5612101
351 1612101
351 6512101
351 2522301
351 5612101
351 6512901
351 6712901
351 5712101
351 6712101
351 2712201
351 1512301
351 6522301
351 6623301
351 6612301
351 2712101
351 2722301
351 5712901
351 3621301
351 6612101
351 5712101
351 3723101
351 1512301
351 3622101
351 6122211
351 2722301
351 6722101
351 7722001
351 3522101
351 6712301
351 6512301
351 5612101
351 5712901
351 6712301
351 3721101
351 5712101
351 2721301
351 6712201
351 5712901
351 5712901
351 5712101
351 6722301
351 1612201
351 2712201
351 6722901
351 2622301
351 6712301
351 5712301
351 5712101
351 5612201
351 2712901
351 5712301
351 5712901
351 6712101
351 6712101
351 5612101
351 5712101
351 6622101
351 3321211
351 6622101
351 6612301
351 5612101
351 6722301
351 2722301
351 1722201
351 1712901
351 2722301
351 6712201
351 2612301
351 1711101
351 3722201
351 6722301
351 1722901
351 6722301
351 6512101
351 6722301
351 6622901
351 7722001
351 6722901
351 1712201
351 6722301
351 5712101
351 3722101
351 1722101
351 6712101
351 6712101
351 6722301
351 6722301
351 3422101
351 6612201
351 6412101
351 2712901
351 1713101
351 6612301
351 6722101
351 3522101
351 5712101
351 2612101
351 1522101
351 6622101
351 7722001
351 7722001
351 6522101
351 6722301
351 6722101
351 3622101
351 6722201
351 2612301
351 2612301
351 6713301
351 7722001
351 7522001
351 2522301
351 5712101
351 1712301
351 6622301
351 5612201
351 6322201
351 5712101
351 4722201
351 7522001
351 5612101
351 5712101
351 6621201
351 6712201
351 5612201
351 7622001
351 3722101
351 3522101
351 6722301
351 6622101
351 6322201
351 5712101
351 6712201
351 5712101
351 1722201
351 6722901
351 2722301
351 2712101
351 6722301
351 1722301
351 6722301
351 6712201
351 3522301
351 2711201
351 6712301
351 3522101
351 6712301
351 2722301
351 2522301
351 2712101
351 1712101
351 3622101
351 5712101
351 6622301
351 5612101
351 1722201
351 5612101
351 2712901
351 7722001
351 6712201
351 1712101
351 6712901
351 6612301
351 6612301
351 2712101
351 6722101
351 2722101
351 5612101
351 5612101
351 2722301
351 6612101
351 2711101
351 3722101
351 6722101
351 2722301
351 6722901
351 1721201
351 6712301
351 6722301
351 6522101
351 6712101
351 6712901
351 1722101
351 1712301
351 6722301
351 3522101
351 3722201
351 6722101
351 6712901
351 6712901
351 5712901
351 5712101
351 5712101
351 2722901
351 2722901
351 2722901
351 2522101
351 3622101
351 5612101
351 5612101
351 3422201
351 6712301
351 6322301
351 1722101
351 2722201
351 6612301
351 1622311
351 3622101
351 2722301
351 3422201
351 6712901
351 5712901
351 1512201
351 1722301
351 3422301
351 5712301
351 6413301
351 6712301
351 5712101
351 6712301
351 6522101
351 2722101
351 3622101
351 5612101
351 6722301
351 3721101
351 6712301
351 6722101
351 5712101
351 6712201
351 6722101
351 6522101
351 7622001
351 3622101
351 2512301
351 3722201
351 6722301
351 6712301
351 2722301
351 5712101
351 2722301
351 6722301
351 5712301
351 1712301
351 6622101
351 6722101
351 2712201
351 6622201
351 6712901
351 5712101
351 6712301
351 2712301
351 5713201
351 3722101
351 6622301
351 2712301
351 6711001
351 6612101
351 2722301
351 3722101
351 6321101
351 6722301
351 6722211
351 6722301
351 6722301
351 5712901
351 2711301
351 6612301
351 6721901
351 2722301
351 6712301
351 6722301
351 2712201
351 3621101
351 3622101
351 3722201
351 3522101
351 6422201
351 5712101
351 5712201
351 2722201
351 2722201
351 1622101
351 1622101
351 2722301
351 6612101
351 6721001
351 6712301
351 2612301
351 2722301
351 5712101
351 3522201
351 5512101
351 5612101
351 2722301
351 6612901
351 6722001
351 6612901
351 6712301
351 2612901
351 2722901
351 1722901
351 6612301
351 6612301
351 6512201
351 2722301
351 2722301
351 5712101
351 5612101
351 3722101
351 5712101
351 6722301
351 2522301
351 6522101
351 6712201
351 1722201
351 1712901
351 6722201
351 3422201
351 1722101
351 3722301
351 6712901
351 2712101
351 2722301
351 1722201
351 2712301
351 6612101
351 2622301
351 3623111
351 7622001
351 5712101
351 5612201
351 1512101
351 6612201
351 6722001
351 3722101
351 1612201
351 6622101
351 7722001
351 6422901
351 6622301
351 5712101
351 3721201
351 5712101
351 6712301
351 5712101
351 1722101
351 1722101
351 6722301
351 6722301
351 7722001
351 3622201
351 2712301
351 5712101
351 2612201
351 2612201
351 6512201
351 3622301
351 7722001
351 6622001
351 3622101
351 6512301
351 1712101
351 6712101
351 6721101
351 6622301
351 2712301
351 6612301
351 6722901
351 1722201
351 6722301
351 6712201
351 5512101
351 7522001
351 6611211
351 6622101
351 3522201
351 6712301
351 6722201
351 6413301
351 6712101
351 5712101
351 2722201
351 6412301
351 6712901
351 2522301
351 3622201
351 6612901
351 6722901
351 2612901
351 5712201
351 5711101
352 6711001
352 6722901
351 6522201
352 1612101
352 4723201
352 3522101
351 7622001
352 6522101
351 7722001
352 6722301
352 7722001
352 3622101
352 6712201
352 5712101
352 2712201
352 3522101
352 3721201
352 3722201
352 7722001
352 6312301
351 6722301
351 5512101
352 6612101
352 6311101
352 7722001
351 2612301
351 5612101
352 6722101
352 2422301
352 2712301
352 6712301
352 2722301
352 6722201
352 2712201
352 1722901
352 1722901
352 5712101
352 2712101
351 5712301
351 3622101
352 5712101
352 6621201
352 2722101
352 6722901
352 1722901
352 6612301
352 6512301
352 1712301
352 1712901
352 2712301
352 7722001
351 3622101
352 6412301
352 6512201
352 6722301
352 6712201
352 6722101
352 6712301
352 7522001
352 7622001
352 6512301
352 5712201
352 5612101
352 6712301
352 3521201
352 1722201
352 6712901
351 6712101
352 6722101
352 5712101
352 6712201
352 1713201
352 6621101
352 5712201
351 6622901
352 3422101
351 6712301
352 2712301
352 3722201
352 7722001
352 1722901
352 6321301
352 6522901
352 3622201
352 6622201
352 5612101
352 6721101
352 5712201
352 6712301
351 5712101
352 6412901
352 3622101
352 3722101
352 7522001
352 3323101
352 6411201
352 2722901
351 6522101
352 5612101
352 2712301
352 6512201
352 2522201
352 2722301
352 1712301
352 6712101
352 3722201
352 6711101
352 6711301
352 2712301
352 3422101
351 6712301
352 6522901
352 2712301
352 2712901
352 6711101
352 5612101
352 2622301
352 3722201
352 6611101
351 1722901
352 2722101
352 6711301
352 6722201
352 2722101
352 2722101
352 2612101
352 2612201
352 2612301
351 3422911
352 1722301
352 3722101
352 7422001
352 6722101
352 2712301
352 6712301
352 6712301
352 6612201
352 2622101
352 7729001
352 2722201
352 6722201
352 1622201
352 1622101
351 6722901
351 2511901
352 6722201
352 5719101
351 2612301
352 3622101
352 6712301
352 1622201
352 6522201
352 3722101
352 3422101
352 2722301
352 6712301
352 7522001
352 5612101
352 6512301
352 2722201
352 6412301
352 6422101
352 3621201
352 7622001
352 3622201
352 2612101
352 6622101
352 6722101
352 5712101
352 5711101
352 5712101
352 6512301
352 6212301
352 6712901
352 6622101
352 5612101
352 3722101
352 2712201
352 6722101
352 1722301
352 2512301
352 6712301
352 5712101
352 1712101
352 6712101
352 6612301
352 3722201
352 3722101
352 2722301
352 2712301
352 6612101
352 2521301
352 2512301
352 6312001
352 2522201
352 6712301
352 3722101
352 2722301
352 3722201
352 6611301
352 6722301
352 6712301
352 7622001
352 1722201
352 3622201
352 5712101
352 6622101
352 1522301
352 2712111
352 6612101
352 3422101
352 6722201
352 6722101
352 2712301
352 1522301
352 6522101
352 2712301
352 6612201
352 5712101
352 6411111
352 3522101
351 6722301
352 1412201
352 5612101
352 5712101
352 6612301
352 6522211
352 6612101
352 2622901
351 6722901
352 6711901
352 5612101
352 6722201
352 6722301
352 3522301
352 5712901
352 7722001
352 1622201
352 6621311
352 6712001
352 2712301
352 2722301
352 6722101
352 1612101
352 2612901
352 6712901
351 6712301
352 3522201
352 3622301
352 2722301
352 6712301
352 5712901
352 6622101
352 6722301
352 6722301
352 6312101
352 6722101
352 2712301
352 5612301
352 3423101
352 6622301
352 5612101
352 6622101
352 6622901
352 3522101
352 2712101
352 7722001
352 3522101
352 2722101
352 2511301
352 1712101
352 1712301
352 6522101
352 1512101
352 5712101
352 1612101
352 5512101
352 6722301
352 6722901
352 6712001
352 5712101
352 2722101
352 5512201
352 1722201
352 3522101
352 5512101
352 5512301
352 6621901
352 2522101
352 2712101
352 5712101
352 6722101
352 6722101
352 2622301
352 7622001
351 5712301
352 6512301
352 3722101
352 6622201
352 6712101
352 2722301
352 2722301
352 6612201
352 6423201
352 2722201
352 6712301
352 1612901
352 1722201
352 6512301
352 6522301
352 6712101
352 1712301
352 3722101
352 6722201
352 6712201
352 3622201
352 7622001
352 5712101
352 2712201
352 2712201
352 2612301
352 6722201
352 6722201
352 6622101
352 6722301
352 3722201
352 1712101
352 1722901
352 6422101
352 5712101
352 6722301
352 6712201
352 6712901
352 3722101
352 6722301
352 6612201
352 1522301
352 6712201
352 5712101
352 5612101
352 2712101
352 2612101
352 7722001
352 5712201
352 6412201
352 6712201
352 3722101
352 6712101
352 1712201
352 3622101
352 5712101
352 6422301
352 6612301
352 6712901
352 6712101
352 6612101
352 2722301
352 6512101
352 1712301
352 3722301
352 6722301
352 6722901
352 3522101
352 7622001
352 3522201
352 6512301
352 6712201
352 2712301
352 6522101
352 3522101
352 2722301
352 2722301
352 1612101
352 1722901
352 3722101
352 7522001
352 4622301
352 5712101
352 6422201
352 6612101
352 2612101
352 3722101
352 6612301
352 6612101
352 2722301
352 6612301
352 7521001
352 2622301
352 6419101
352 6619301
352 6622101
352 5612101
352 3722101
352 6722101
352 6612201
352 3722101
352 5612101
352 5712101
352 6622301
352 5712101
352 3622201
352 6722201
352 5712301
352 7722001
352 5512101
352 6622101
352 1522101
352 4722201
352 6722101
352 6722301
352 3722101
352 6722301
352 2722301
352 1712201
352 1712201
352 1712201
352 1722101
352 2722301
352 5712101
352 2712101
352 2722201
352 5611101
352 6712201
352 3722101
352 7522001
352 5712101
352 6712101
352 6712301
352 5713301
352 3722901
352 6722301
352 6712901
352 6722901
352 6712201
352 2712301
352 3722101
352 6321201
352 6712301
352 7722001
352 3722301
352 3622201
352 6612301
352 6623101
352 5712901
352 5712301
352 7722001
352 6722201
352 3522211
352 6622101
352 5712101
352 6512101
352 6712101
352 6522301
352 6712101
352 6712001
352 3522201
352 3522101
352 1712301
352 6612301
352 6722901
352 5712901
352 2612301
352 5712201
352 2712301
352 5712301
352 6712101
352 6712201
352 3522201
352 6611101
352 2722101
352 2712301
352 6513101
352 1711911
352 2612901
352 6712901
352 3622101
352 2722301
352 3422901
352 1712201
352 6712201
352 3322201
352 2612301
352 6722301
352 3722301
352 1612101
352 6622101
352 6512301
352 6622301
352 6712301
352 2712301
352 3622301
352 6712301
352 6621901
352 1712301
352 6722201
352 6722301
352 2722301
352 6712201
352 6612201
352 3722301
352 6712201
352 7722001
352 1712101
352 6412201
352 2712201
352 1723101
352 6721301
352 6722301
352 5712101
352 6313901
352 2712101
352 6422101
352 1611101
352 3722101
352 2711901
352 6611201
352 3722101
352 7722001
352 7722001
352 6722101
352 6712901
352 6611201
352 5612201
352 2622201
352 6712301
352 2611201
352 2712201
352 1722101
352 2712301
352 6712301
352 5712301
352 6722901
352 2722301
352 6622101
352 6712301
352 1712201
352 2622301
351 5712101
352 6722301
352 6412301
352 5712301
352 6712301
352 3622201
352 5712101
352 6612201
352 6622301
352 6229101
352 5612101
352 7622001
352 5712101
352 2722301
352 2512301
352 6722201
352 7322001
352 7322001
352 6712301
352 5612101
352 5712101
352 6712301
352 6711201
352 5612101
352 2712901
352 2712901
352 5512101
352 6723901
352 2512901
352 5712901
352 6712301
352 6722201
352 6313301
352 6522201
352 3722101
352 5712301
352 6712101
352 2712201
352 6313901
352 6612301
352 5712301
352 5712101
352 3722301
352 1712201
352 3722101
352 3722101
352 3722201
352 3522201
352 6722201
351 3521901
352 2522301
352 5612101
352 4322101
352 5712101
352 3522101
352 5712101
352 1722101
352 3722301
352 6622301
352 2712301
352 6612201
352 2722101
352 3422101
352 3622101
352 5712301
352 3622201
352 6712001
352 6612101
352 6422101
352 5712101
352 6612101
352 1612101
352 5612101
352 2712901
352 5712101
352 6722201
352 5612201
352 2712101
351 5712101
352 6612101
352 6722301
352 2722901
352 2722901
352 6712901
352 1722901
352 5712301
352 5712901
352 2722901
352 5712901