361 5612201
361 5612101
361 6722301
361 3522101
361 5712101
361 5519101
361 5612101
361 7422001
361 3522201
361 6622201
361 6512301
361 6312101
361 3622201
361 1412201
361 3622201
361 6622301
361 6422104
361 1722301
361 5612101
361 6612901
361 3622201
361 6312301
361 5712101
361 6722301
361 3722101
361 1712301
361 2722301
361 6722201
361 1712201
361 5711111
361 3522301
361 3622201
361 6712301
361 2722301
361 6322101
361 6422101
361 6422301
361 1722901
361 5612101
361 5612101
361 2622301
361 1612101
361 6512101
361 7722001
361 5712101
361 6712301
361 2712301
361 5612201
361 6522101
361 6522101
361 3622301
361 6722201
361 1622301
361 6522101
361 1711101
361 6722201
361 6522101
361 3522201
361 5712101
361 5712101
361 6522301
361 6622301
361 6622301
361 6722302
361 2622301
361 6712201
361 2722301
361 4522201
361 5712101
361 1711101
361 5712101
361 6612901
361 7522001
361 2612201
361 2612101
361 5612101
361 7722001
361 6712301
361 6322301
361 2722301
361 1712101
361 6412101
361 6422101
361 6722001
361 6412301
361 5712101
361 6512101
361 6712201
361 6722301
361 6712101
361 6721301
361 6712201
361 6612201
361 5713101
361 2612301
361 6612101
361 6422101
361 2622901
361 2712301
361 5512201
361 6712301
361 7422001
361 6722101
361 6612901
361 6612101
361 6612101
361 2722301
361 6722101
361 6512301
361 5719101
361 6722301
361 6712301
361 6612111
361 6722101
361 6712301
362 3722201
362 3522201
362 2712201
362 1712101
362 3522201
362 6322301
361 7622004
362 5512104
362 2612101
361 5712101
362 5612101
362 6712301
362 5612101
362 2712101
362 6722301
362 6512201
362 5612101
362 3522101
361 3621101
362 2722301
361 6512201
362 1612901
362 5712101
361 5712301
362 6322301
362 6712301
362 6712101
362 4722101
362 2712301
362 3722101
362 3522101
362 3622301
362 1722201
362 2712301
362 2712101
361 2512301
362 5611101
362 6612301
362 6622201
362 6212101
362 1722301
362 2712301
362 2722301
362 6322101
362 3722101
362 1622101
362 3322101
362 6322101
362 6712201
362 6712301
362 3622301
362 6722201
362 6612301
362 3622301
362 1612101
362 1622201
362 1622101
362 3722101
362 6722901
362 2712301
362 6322201
362 1712301
362 5712101
362 2712101
362 2512101
362 5712101
362 2712301
362 3322201
362 7422001
362 6522301
362 2712901
362 6522101
362 2722301
362 6612201
362 6622101
362 6722104
362 1422301
362 5612101
362 6712304
362 5412101
362 6512101
362 1512901
362 2712101
362 1712101
362 1722201
362 1712301
362 1422201
362 6522201
362 1712301
362 6622301
362 3522202
362 6622301
362 6712901
362 6722001
362 6711901
362 6711301
362 7722004
362 3722101
362 6412201
362 3622101
362 6722301
362 6722301
362 4622301
362 2722301
362 5612101
362 2622201
362 3422201
362 6722301
362 3622201
362 3622201
362 3622201
362 1511201
362 1622101
362 5712901
362 3622101
362 6622101
362 5712901
362 3722201
362 6612101
362 6622301
362 3422201
362 3422201
362 6722301
362 5612101
362 6622101
362 6712101
362 2722301
362 1522101
362 6622101
362 6622101
362 3622101
362 5712101
362 6722101
362 3422201
362 2712201
362 6412201
362 2512301
362 6712101
362 6622101
362 1722101
362 3622101
362 3522101
362 2712301
362 3622201
362 2622201
362 6412201
362 3522301
362 2722201
362 3622101
362 3722101
362 7722011
362 6512101
362 4422101
362 6722201
362 3422101
362 6522301
362 2722201
362 6722901
362 6612301
362 6612201
362 2612301
362 2622101
361 6712101
362 6722101
362 6712201
362 6612101
362 5719201
362 5612101
362 5619101
362 6722301
362 3422201
362 2622101
362 5712101
362 6412301
362 1712901
362 6622101
362 1712301