381 7722001
381 6722101
381 6621101
381 3722101
381 5612101
381 2612201
381 2612301
381 1512201
381 2711901
381 2722901
381 6722001
381 5712101
381 1622201
381 5511101
381 3622201
381 6522201
381 6412101
381 6722101
381 5712101
381 5612101
381 4722301
381 6612101
381 6722101
381 6722201
381 2622201
381 2722301
381 2722301
381 3322201
381 3622101
381 6722201
381 4621211
381 2722201
381 5712101
381 6712901
381 5612101
381 2512301
381 2512301
381 1712211
381 2712301
381 2522301
381 6622901
381 2622301
381 6612301
381 3722101
381 1722301
381 1722201
381 6612901
381 5612101
381 2712101
381 7722001
381 6712101
381 2722201
381 1722301
381 1512301
381 3622101
381 6722301
381 3422301
381 6522111
381 1612901
381 6612101
381 6512901
381 5712101
381 2712901
381 5712101
381 6512201
381 5712101
381 6612201
381 2722901
381 6612301
381 3522201
381 5712101
381 1722201
381 6712301
381 3623101
381 6712201
381 2722301
381 1712901
381 6722301
381 5712101
381 2722201
381 2612301
381 3722101
381 6722201
381 5712101
381 1512201
381 2522301
381 1612301
381 3522101
381 6622101
381 2622301
381 3622201
381 6522301
381 6612201
381 5712101
381 6722101
381 6612101
381 6722301
381 7722001
381 3422101
381 1612201
381 2722301
381 3722101
381 5612101
381 6722101
381 1512301
381 3522101
381 6722201
381 5612101
381 6522201
381 6622901
381 2512301
381 6722001
381 5712101
381 2722201
381 6422301
381 6712301
381 5612101
381 5712201
381 6722201
381 6722301
381 6712301
381 2612301
381 6512901
381 3522201
381 1712901
381 3522101
381 6612201
381 3422101
381 6512101
381 3522101
381 6712301
381 6712301
381 2622301
381 1612301
381 6522301
381 3722101
381 3622101
381 7722001
381 3522301
381 3722201
381 6122101
381 6712301
381 5712201
381 3622101
381 6722101
381 6622301
381 2712101
381 3422201
381 1622101
381 3722201
381 2711301
381 3522101
381 6722101
381 4522201
381 3722301
381 1722201
381 2612301
381 5712101
381 3522301
381 6712301
381 5612101
381 6612101
381 6712201
381 3722301
381 6722101
381 6512301
381 6722901
381 6722301
381 2612301
381 6712201
381 1522301
381 6711911
381 2722301
381 1712201
381 1622301
381 1712301
381 6712901
381 1522101
381 3722201
381 4422101
381 6722301
381 5712101
381 6722101
381 3722201
381 6722201
381 5612201
381 2722301
381 2522201
381 6622301
381 6712301
381 6612301
381 5712101
381 6422301
381 5612101
381 3622201
381 6612301
381 3422301
381 6712901
381 5612101
381 6622901
381 6422901
381 2722901
381 6712201
381 1412901
381 6712301
381 6622901
381 3722901
381 2712301
381 5712101
381 2712101
381 6712901
381 5712101
381 6512201
381 6412201
381 6612901
381 1522101
381 6522301
381 1612301
381 2712301
381 6712101
381 7522001
381 6712101
381 2622201
381 5712101
381 6712101
381 4622201
381 3722101
381 6722201
381 3522101
381 6712301
381 2712301
381 6722201
381 1312101
381 6712101
381 1712201
381 6612101
381 5712101
381 6522201
381 6312101
381 6612101
381 6722901
381 2712301
381 4722201
381 6612301
381 6622201
381 3522101
381 6722301
381 2722301
381 6712201
381 6622101
381 6612301
381 6722101
381 6722901
381 2712301
381 6622301
381 3522201
381 6612101
381 5612101
381 5712101
381 6712301
381 7522001
381 3722201
381 5712101
381 3522201
381 5712101
381 2722301
381 5612101
381 5712101
381 5612201
381 2512101
381 5712101
381 5612101
381 1712901
381 6722301
381 2722301
381 2722301
381 2622201
381 7622001
381 5712201
381 5712101
381 1722201
381 6622201
381 5712101
381 5712101
381 2712201
381 2722301
381 6522301
381 3622101
381 6722101
381 6722101
381 3722101
381 1512301
381 5612201
381 2722201
381 6622201
381 5712101
381 5712301
381 6722301
381 2612201
381 6612301
381 5612101
381 2612101
381 3622101
381 1712201
381 2712901
381 2612301
381 5612101
381 7722001
381 2712301
381 5512201
381 3722201
381 5612101
381 6712301
381 6722301
381 6612101
381 3722101
381 5712101
381 6512901
381 3522201
381 6722301
381 1722301
381 6712301
381 5712101
381 7522001
381 2712101
381 2622201
381 6612101
381 6422101
381 5512101
381 1712201
381 1622201
381 2722101
381 2622201
381 2611301
381 3722201
381 5712101
381 5711101
381 6522901
381 6712201
381 2612301
381 2722301
381 6712301
381 1722111
381 2712101
381 6722301
381 3722201
381 6722901
381 2712901
381 6712301
381 5712101
381 3622201
381 5619101
381 5611101
381 6722301
381 3722201
381 1621101
381 6512301
381 3622101
381 6712901
381 6712301
381 7722001
381 6622301
381 3522101
381 2712301
381 4722201
381 3322201
381 5612101
381 3722201
381 6712301
381 6722301
381 6612301
381 2622301
381 6622301
381 5612101
381 6622101
381 5712101
381 3722101
381 5712101
381 7722001
381 2722301
381 3722101
381 6712301
381 6712201
381 6512211
381 1522101
381 1722101
381 5612101
381 3722101
381 2712301
381 6722101
381 2622301
381 1722201
381 6622901
381 6721201
381 6722001
381 2712201
381 5712901
381 2722201
381 7622001
381 6512901
381 6312301
381 3722101
381 6422101
381 6722301
381 1522301
381 5712101
381 6721301
381 5712101
381 3722201
381 2712901
381 5612101
381 4322101
381 6722301
381 6722301
381 3522201
381 6712901
381 6722101
381 6722101
381 5712201
381 6722301
381 2712201
381 5612201
381 5712101
381 5712101
381 3722201
381 6722301
381 6712101
381 6722101
381 2712201
381 3622201
381 5612101
381 5612101
381 5712901
381 6722301
381 2512301
381 6512201
381 2711301
381 1622201
381 2612301
381 2612201
381 2512301
381 1622901
381 2712201
381 6412101
381 2622201
381 1712101
381 6412301
381 2512301
381 5512101
381 1512101
381 1612301
381 2622901
381 3622201
381 5712101
381 6712301
381 6722901
381 6722901
381 2612901
381 6722301
381 1722901
381 6722901
381 6722901
381 1622301
381 6411301
381 6612901
381 6422201
381 3722101
381 3522201
381 5712101
381 2722301
381 5712201
381 1519101
381 6722301
381 5712101
381 5612101
381 2712301
381 6512901
381 2612101
381 2722201
381 6612901
381 6722201
381 6722301
381 6722301
381 6612901
381 6712901
381 5512101
381 6712901
381 2712201
381 6512101
381 6712301
381 6712201
381 3722101
381 1722101
381 1712301
381 6512101
381 6612101
381 6612101
381 7722001
381 6612201
381 6612201
381 5712101
381 1712201
381 6322101
381 6712101
381 6712301
381 6722901
381 7722001
381 3522101
381 3422201
381 6521211
381 6622901
381 6522201
381 6712301
381 6712901
381 6712901
381 6712301
381 6522101
381 6722301
381 5712201
381 1712201
381 1622301
381 2622301
381 5712301
381 5712101
381 3722201
381 3722201
381 6612301
381 6712201
381 1722101
381 6712301
381 6712301
381 3722201
381 3722101
381 2612301
381 2622301
381 6322301
381 5612201
381 2512301
381 3522201
381 3622101
381 6712201
381 2712301
381 3522101
381 6412101
381 1612201
381 2722101
381 3722201
381 2722101
381 6522301
381 1722301
381 3422201
381 4622101
381 6412101
381 6622101
381 3422201
381 6322101
381 1712101
381 3622201
381 6712101
381 5612101
381 2722201
381 1612301
381 6712301
381 2612201
381 4422201
381 6512301
381 2722301
381 6622301
381 2712901
381 2722901
381 6722901
381 2622901
381 6512101
381 5712101
381 2612201
381 5712101
382 3522101
382 6722301
382 3522201
382 6712301
382 1712301
382 2722101
382 5712201
382 3722101
382 3722101
381 6722201
382 5712101
382 6722901
382 6712101
382 6722101
382 1722101
382 2712301
381 3722101
382 3722201
381 5519101
382 6712101
381 6412301
382 6712301
382 1422301
382 6512001
382 6722201
382 3522101
382 5512101
382 2612201
381 5612101
382 2722301
382 6512901
382 2622301
382 6622301
382 6722101
382 2612301
382 7722001
382 7722001
381 3422301
382 6622101
382 1622301
382 2612201
382 6422301
382 6512101
382 2722101
382 6722101
382 6722301
382 6722101
382 3422301
382 3722101
382 5712101
382 6622101
382 2722201
382 6722301
382 6522201
382 3521101
382 3722101
382 1522101
382 7622001
382 6612201
382 6612201
382 6522101
382 5712101
382 6712201
382 6612201
382 1722301
382 2712101
382 6712301
382 6722901
382 7522001
382 6722101
382 6722201
382 6722101
382 2722201
382 6712201
382 5712101
382 1722201
382 1722101
382 2712301
382 6522201
382 6722201
382 7522001
382 7622001
382 2722101
382 6722201
382 6612201
382 1712201
382 6712301
382 6312101
382 6612301
381 2622201
382 5512201
382 1722301
381 1722101
382 7522001
382 3722301
381 1722301
381 6522901
382 3722201
381 1612101
382 6712901
382 5612101
382 7522001
382 1722201
382 7722001
382 2722301
382 3722301
382 7722001
382 6712101
382 2722201
382 6612001
381 1722101
382 6712101
382 5519101
382 6722901
382 6722301
382 5712101
382 2721101
382 6522101
382 4522201
382 7722001
382 5612201
382 6722901
382 3422101
382 6722301
382 1722101
382 2612101
381 1712101
382 1712301
382 6722301
382 5612201
382 3622201
382 6612101
382 5612101
382 2522301
382 2712201
382 6622201
382 6722201
382 6412101
381 6712901
382 3622301
382 2722301
382 5612101
382 3622101
382 6312301
382 5712901
382 6712301
382 4721101
382 5512301
382 3722301
382 3722201
382 6712201
382 6512901
381 2712901
382 6512301
382 3621101
382 3722301
382 2612101
382 6622101
382 1722201
381 5712901
382 5519101
381 1722901
381 6712901
382 2612101
382 3522201
382 6722101
382 6622901
382 6622901
382 7622001
382 5512101
382 6712201
382 6421301
382 2712301
382 6712201
382 2722201
382 6722201
382 6722301
382 2712101
382 2712301
382 5712101
382 5612101
382 1722101
382 2722301
382 3622201
382 1612201
382 5612101
382 5612901
382 6522201
382 2622101
382 2622101
382 1321201
382 2722301
382 6712101
382 5719101
382 6722201
382 3622201
382 6622301
382 6622201
382 6722301
382 6612101
382 3522101
382 3722101
382 6722301
382 1412101
382 1412101
382 6622101
382 3622101
382 6622101
382 3722201
382 6622101
382 6522301
382 5712101
382 6722201
382 2512301
382 5612101
382 4522101
382 2712201
382 2622301
382 6712201
382 1712201
382 3722101
382 6722301
382 1622201
382 1522201
382 3422101
382 6712101
382 3722101
382 2622301
382 6622101
382 3722101
382 2712301
382 6722101
382 6611001
382 6712201
382 6622901
382 2612101
382 3622101
382 7722001
382 7622001
382 2512301
382 6422301
381 5612901
382 2622301
382 3722101
382 6612201
382 5612101
382 2712201
382 6312901
381 6722301
382 2722101
382 2622101
382 1612201
382 1612101
382 1622201
382 6512101
382 2622201
382 2712901
382 3722101
382 1712101
382 1412301
382 5712901
382 6612001
382 3522201
382 5612101
382 7722001
382 6512101
382 6722901
382 6712901
382 1722201
382 1722901
382 5712301
382 5712101
382 3722101
382 2712301
382 1622201
382 6512901
382 5712301
382 6722101
382 6712901
382 6722101
381 5612101
382 1322301
382 6722901
382 6712301
382 6712101
382 6522201
382 2622301
382 5712101
382 5712101
382 3622101
382 3622901
382 6722301
382 6722301
382 5712301
382 7622001
382 6512101
382 1613101
382 6612301
382 5712101
382 3522201
382 6622101
382 1722101
382 1622101
382 6712301
382 2612201
382 1512101
382 5512101
382 2512201
382 2722201
382 5612101
382 7622001
382 3722101
382 3622101
382 3622101
382 6722101
382 2722301
382 6722301
382 2712301
382 2712301
382 3622201
382 6722901
382 6722101
382 3522201
382 2712301
382 6712101
382 2712301
382 6722201
382 3722101
382 3522101
382 2722201
382 3622101
382 6612201
382 5512301
382 6712301
382 6322101
382 2722301
382 2622101
382 2622301
382 5712101
382 5712201
382 6722101
382 6512101
382 6512201
382 5712101
382 6721101
382 4422101
382 6722101
382 6612301
382 6712301
382 2722201
382 6412301
382 6722201
382 2712101
382 1322101
382 2612901
382 6312301
382 6712301
382 6722101
382 3722201
382 2712301
382 6612301
382 3522101
382 3722201
382 3722111
381 2612901
382 1722201
382 2712301
382 2722301
382 6419901
382 5712901
382 6422101
382 3722201
382 3722201
382 5612101
382 6612101
382 6622101
382 7622001
382 6712301
382 2712301
382 6712201
382 2712101
382 6712101
382 6712301
382 3523101
382 7622001
382 6622101
382 6622101
382 6712101
382 7622001
382 2512301
382 3422101
382 6412101
382 5712101
382 6422101
382 2722301
382 6612301
382 6612301
382 4722201
382 1712301
382 6722301
382 2712301
382 6712301
382 6611211
382 1512301
382 6521101
382 2712901
382 2722301
382 1712901
382 7622001
382 3722301
382 6712101
382 3722101
382 2712301
382 1712101
382 6712301
382 6722301
382 6712301
382 5712101
382 6522101
382 1712301
382 6712301
382 5612101
382 6612301
382 1712301
382 3722101
382 6622201
382 5612101
382 5712101
381 2712201
382 6622101
382 2612301
382 5612101
382 3622101
382 1612301
382 3722101
382 6622301
382 1622301
382 6722301
382 6722301
382 5712101
382 2712301
382 6713301
382 6722301
382 2622301
382 5712101
382 1722101
382 5612104
382 3522101
381 2622201
382 5712901
382 2722101
382 2622101
382 2712301
382 1622201
382 5712101
382 6722301
382 6722301
382 2712301
382 3522201
382 5612101
382 3722101
382 6612101
382 6712301
382 5712101
382 6412901
382 3622101
382 1612301
382 3422101
382 5712301
382 6512301
382 6622901
382 1621101
382 3722101
382 6722301
382 1722301
382 5712101
382 1712201
382 6612901
382 1612301
382 1722201
382 6712201
382 6722201
382 2722301
382 2722301
382 2622301
382 2722201
382 6722301
382 1612101
382 2612101
382 6712301
382 5712101
382 3422101
382 6722101
382 2712101
382 1512301
382 1612201
382 6422101
382 6712301
382 2722101
382 6712201
382 2722101
382 7722001
382 2612301
382 5712101
381 3722101
382 6712301
382 6711311
382 6622201
382 6722301
382 3622201
382 3522901
382 5712901
382 5612101
382 1612901
382 6712301
381 6722301
382 4722201
382 3622101
382 6712101
382 3622301
381 1722901
382 5612101
382 5712101
382 5712301
382 6722101
382 2712101
382 2712301
382 2712101
382 5612101
381 5612101
382 5612101
382 1512101
382 3722101
382 2622201
382 2712101
382 5712101
382 6622201
382 4322201
382 5512201
382 1412301
382 6622201
382 6712201
382 6612301
382 1712301
382 2512201
382 5712301
382 6622301
382 6712201
382 7722001
382 6722101
382 6412301
382 3522201
382 5712101
382 6511101
382 2722301
382 2612301
382 6712301
382 6612101
382 3522101
382 2722101
382 2722201
382 2712301
382 2612301
382 1522201
382 6712101
382 7622001
382 3722101
382 2712201
382 6722301
382 6722901
382 6722101
382 6622301
382 6722101
382 3622101
382 6711301
382 6712101
382 6622101
382 6522301
382 6522101
382 6622301
382 1512201
382 3722101
382 6612301
382 6112301
382 1612101
382 1722101
382 3422201
382 3522101
382 6722201
382 5712101
382 6722101
382 6722301
382 5712201
382 3622101
382 6712001
382 3722201
382 6622201
382 3522201
382 6722101
382 6622201
382 1722204
381 6612301
382 6612101
382 6722201
382 2712201
382 2722201
382 1722301
382 3622201
382 3622101
382 3522101
382 2712301
382 6712101
382 6622301
382 6512301
382 2722201
382 1722101
382 1722201
382 6722301
382 6722101
382 6722301
382 3422201
382 6322101
382 3522201
382 6712901
382 6622101
382 6622301
382 1522301
382 2722901
382 2512901
382 2712901
382 2712301
382 3722101
382 3522101
382 3622201
381 5612901
382 5712101
382 6522101
382 5612301
382 5612101
382 6612301
382 6722301
382 6712301
382 7622001
382 6622204
382 2712101
382 2712101
382 6522101
382 3722101
382 5612101
382 5612201
382 2712301
382 3722101
382 7522001
382 6721901
382 2622201
382 2712301
382 2722101
382 5612201
382 6112101
382 2622201
382 5712101
382 3622201
382 2722301
382 6712301
382 6622101
382 6522201
382 5612101
382 5712101
382 2712301
382 5712101
382 5712101
382 7622001
382 6712201
382 2712301
382 5712901
382 5712101
382 6712101
382 2712201
382 6622101
382 6712301
382 6622101
382 6722301
381 6522301
382 6722301
382 2712901
382 5712901
382 6712901
382 6412101
382 6722901
382 2622101
382 5612101
382 6622301
382 6722901
382 5712201
382 6712101
382 6712301
382 6712301
382 6622901
382 5712901