412 6112301
411 1612201
411 7721001
411 1711101
411 1711101
411 3621101
411 6621101
411 5712101
411 2611201
411 1621201
411 6711201
411 6512301
411 6721201
411 6721101
411 1721101
411 6611101
411 2721101
411 3721101
411 6721201
411 5612101
411 6712201
411 5712101
411 5711101
411 5512101
411 1712101
411 7622001
411 1721201
411 2721201
411 6711101
411 3322101
411 6722101
411 6522301
411 5611101
411 2712101
411 3522201
411 7522001
411 5411101
411 6522101
411 6311101
411 7621001
411 2612901
411 1713301
411 1722101
411 1622301
411 6611301
411 6421101
411 3521201
411 5711101
411 2722201
411 5712101
411 2721101
411 3322101
411 6722201
411 3621101
411 6711201
411 6611301
411 6611101
411 5712101
411 6622301
411 5712101
411 5612101
411 1522101
411 3529111
411 7421001
411 6721101
411 3721101
411 5712101
411 6722901
411 6521101
411 5512101
411 6612301
411 6412201
411 7522001
411 5712101
411 3721101
411 5713101
411 6413101
411 3622101
411 3721201
411 6621301
411 6311101
411 6711101
411 3623101
411 3721101
411 6512201
411 5711101
411 2522301
411 7721001
411 1711201
411 6622301
411 6721301
411 5712101
411 1712101
411 6721301
411 6721101
411 6622101
411 5611101
411 7722001
411 5713101
411 3629201
411 5612101
411 7622001
411 3623301
411 6611101
411 3722101
411 6721101
411 6622101
411 2712101
411 5512101
411 4622201
411 3722101
411 6721201
411 5711101
411 2611201
411 2612901
411 6612101
411 2611301
411 5611101
411 3621101
411 1721101
411 5713101
411 6722301
411 3521101
411 6611301
411 5719101
411 2721301
411 3722301
411 3721101
411 2722301
411 6322201
411 4621301
411 2622301
411 6511201
411 3622301
411 3622301
411 6722901
411 7421001
411 5612201
411 6712101
411 7621001
411 6621301
411 1712201
411 5612101
411 6311101
411 1711101
411 1621201
411 2722301
411 6311901
411 6711101
411 2712301
411 6522301
411 1722101
411 3522101
411 5511101
411 5511201
411 5611101
411 3621101
411 1721901
411 3721201
411 5711101
411 5612101
411 7521001
411 5612101
411 2711301
411 6721201
411 7722001
411 5712901
411 3422101
411 7422001
411 3722201
411 6721301
411 5712101
411 6412101
411 5711101
411 5711901
411 2712901
411 2722301
411 5611201
411 7521001
411 6721201
411 3721201
411 3722101
411 2721301
411 2722301
411 6411101
411 7622001
411 6323201
411 6313101
411 2723301
411 2722301
411 5711301
411 6121301
411 5511101
411 6522301
411 6711101
411 3722101
411 5711101
411 3521101
411 3522101
411 6511101
411 6511901
411 5612201
411 1711901
411 7722001
411 3721101
411 6712201
411 6721301
411 6511201
411 6513301
411 6711101
411 6522201
411 6721901
411 5712201
411 6521111
411 2711101
411 5711101
411 6611311
411 3721101
411 5612101
411 6712301
411 1521101
411 6712901
411 1621201
411 6722901
411 6411101
411 6311101
411 2722201
411 5612101
411 6612101
411 5612101
411 6712301
411 1512101
411 5712101
411 2721301
411 6721101
411 6522301
411 6419001
411 6722901
411 2721901
411 3722901
411 6721901
411 6622901
411 5612101
411 1611101
411 5512101
411 6721101
411 6711101
411 5711301
411 5711101
411 1712901
411 6722301
411 1721201
411 5711101
411 3721201
411 3721101
411 6312201
411 2712301
411 6621301
411 3721201
411 6311101
411 5511101
411 5613101
411 5711101
411 5612101
411 6721101
411 6323101
411 3721101
411 3722101
411 5612101
411 6721301
411 5611101
411 5611111
411 2722201
411 3721101
411 6721101
411 6721101
411 2521201
411 3621101
411 3721111
411 6111101
411 6711301
411 7621001
411 6611101
411 3622101
411 6712301
411 2522301
411 5712101
411 2721101
411 6521311
411 2712301
411 3422201
411 6622301
411 5611101
411 5612101
411 6611101
411 1712101
411 3721101
411 3721101
411 3621101
411 6421101
411 5612101
411 6621301
411 6621101
411 6722101
411 2611201
411 6611201
411 1712201
411 7722001
411 6421301
411 6621101
411 6711101
411 5711101
411 2712301
411 6321201
411 6121101
411 6411201
411 6711201
411 5711101
411 3621201
411 6511101
411 2721201
411 2721101
411 3721101
411 6621301
411 5611101
411 5612101
411 5611211
411 5611101
411 6722201
411 6711001
411 5712101
411 5711101
411 6611301
411 6522101
411 6711101
411 7421001
411 2722201
411 6721101
411 5512101
411 6722901
411 1712201
411 6721301
411 2711301
411 6611201
411 3722201
411 5711101
411 6711201
411 2622101
411 6321101
411 5611101
411 5712901
411 6721301
411 2723201
411 5712101
411 5512101
411 6512301
411 6722101
411 2612201
411 3721101
411 3721101
411 5712101
411 2722101
411 6312901
411 6512901
411 6712201
411 6512301
411 6521101
411 6722301
411 6411301
411 6722301
411 6611301
411 5511101
411 2321201
411 6712301
411 6421101
411 6711301
411 5711101
411 6722201
411 6622201
411 5711101
411 5711101
411 3522201
411 6512101
411 5612101
411 2522301
411 3721101
411 6612301
411 6622101
411 3522101
411 5711901
411 2611301
411 2721301
411 6711101
411 3722101
411 5712301
411 5612101
411 5612101
411 5713101
411 5712101
411 5611101
411 6722301
411 5511101
411 6721101
411 6711101
411 2722901
411 5712901
411 2711901
411 6712101
411 6611101
411 6722301
411 6323301
411 6622301
411 5711101
411 6411101
411 1621101
411 2512301
411 6621101
411 3421101
411 5612201
411 6721201
411 3622901
411 7523001
411 5711301
411 3721101
411 6711101
411 3722201
411 6321101
411 6413101
411 3521101
411 3721101
411 6621301
411 6612101
411 2712301
411 6722301
411 6721101
411 3721201
411 3721201
411 6711301
411 6722301
411 6711201
411 5719101
411 5712101
411 1522301
411 6711101
411 6722001
411 2622201
411 6721101
411 5512901
411 6722101
411 5711101
411 5612101
411 5611101
411 6722301
411 3321101
411 7522001
411 6111111
411 3722101
411 6721301
411 6311101
411 6621101
411 6713101
411 6712901
411 6722101
411 6712001
411 1722201
411 7722001
411 5712101
411 6712101
411 6722901
411 6611101
411 6611101
411 2612301
411 2622101
411 6412201
411 5712101
411 6311101
411 2722301
411 2722201
411 3521101
411 2711201
411 3721201
411 3421311
411 6721301
411 2522301
411 2622301
411 2621301
411 5612201
411 2612301
411 3521101
411 2723101
411 6622901
411 4523301
411 6723901
411 6711301
411 5712101
411 1721201
411 5611201
411 2721901
411 4622301
411 1612301
411 6711101
411 6622101
411 6611201
411 7521001
411 2722301
411 5611101
411 5611101
411 6723901
411 5711101
411 6721301
411 2711201
411 3621201
411 5711201
411 6711201
411 5611101
411 3521101
411 3521101
411 3423101
411 2722301
411 7521001
411 3721101
411 6721301
411 3421111
411 2721101
411 5712101
411 6412101
411 6711001
411 6721901
411 7522001
411 6711201
411 6622201
411 6722301
411 1612101
411 6712101
411 6512101
411 3521201
411 1312101
411 6612301
411 6621301
411 2722101
411 6612001
411 7721001
411 6521101
411 1722201
411 2522201
411 6711901
411 2712301
411 6712301
411 6321201
411 5612101
411 7722001
411 3721101
411 6622101
411 6711901
411 3722101
411 1721201
411 2622101
411 1412201
411 6712101
411 3722101
411 3622101
411 6722101
411 6721101
411 1721201
411 3722101
411 7722001
411 6721101
411 5612101
411 3622101
411 6521201
411 6711101
411 3622201
411 3622101
411 2721301
411 3722201
411 2722301
411 5611101
411 5711201
411 6611301
411 3721101
411 6512301
411 6613101
411 3721201
411 6711201
411 3722101
411 6621301
411 6721001
411 1722101
411 1722301
411 2722301
411 3622101
411 1712201
411 6729101
411 6711201
411 6711101
411 6412101
411 6611101
411 6611301
411 6721301
411 2721301
411 3622101
411 1722101
411 6111211
411 5612901
411 6621901
411 1721901
411 6429901
412 2711101
412 5611101
412 2711101
412 5711201
412 5711201
412 6522301
412 1612201
412 7621001
412 6622301
412 6722301
412 6713101
412 5711101
412 6711101
412 6721301
412 6612101
411 5712101
411 5712101
412 3722101
412 6711001
412 6721201
412 6711101
411 6611201
412 3721101
411 3722101
412 6611101
411 5512101
411 1722101
412 3421101
412 2711301
412 3623101
412 5711101
412 5712101
412 2612301
412 6522201
412 6612201
412 3621101
412 1712101
412 3621101
412 6511301
412 7621001
412 7721001
412 7621001
412 6721201
412 3523101
412 3722101
411 6722201
412 3622101
412 7622001
412 3721101
412 6411101
412 5712101
412 6611101
412 7521001
412 5612101
412 6311201
412 5711101
412 3722201
412 3722101
411 6711301
411 6722301
412 2712301
412 6522101
412 5719101
412 6323101
412 1621301
412 6712101
412 6711101
412 3622201
412 3622201
412 5619111
412 3521101
412 1722301
412 1422201
412 3522201
412 6621211
412 5711101
412 2721301
412 2621101
412 6321101
412 6711301
412 5611101
412 2521311
412 6711301
412 3521101
412 1522101
412 3621101
412 2711101
412 6422101
412 6611101
412 6612101
412 6711901
412 6612301
412 6621201
412 6621101
412 5512101
412 3722201
412 3722201
412 3722201
412 6721101
412 1721101
412 5711101
412 6412101
412 6722101
412 2622301
412 6721101
412 1311201
412 1712101
412 6612201
412 6421101
412 5511101
412 6722101
412 3721101
412 6721201
412 1311311
412 6611201
412 7422001
412 2721101
412 6711301
412 6621101
412 6621101
412 6522901
412 6722301
412 7622001
412 6622101
412 7422001
412 2412301
412 7622001
412 6711201
412 7722001
412 3622101
412 3622101
412 1721101
412 6422101
412 6321101
412 3622101
412 2721101
412 5712101
412 6721301
411 5712901
411 6321301
412 5711101
411 6721301
412 6711301
412 6521101
412 3522201
411 6722301
412 3721101
412 7721001
412 5711301
412 6621201
412 2713301
412 5712101
412 6712101
412 3721101
412 2622201
412 3721101
412 3621201
411 6722301
411 5711901
412 5612101
412 6611201
412 2712301
412 6612201
412 5612101
412 3721101
412 6611001
412 6721301
412 1711111
412 3322201
412 6711001
412 6711101
412 6522201
412 6621301
412 3722201
412 3722101
412 3722101
412 6712301
412 1521101
411 2512201
412 5512101
412 6313201
412 3722201
412 6711001
412 6722301
412 7622001
412 3422901
412 6511301
412 3521201
412 6711001
412 2722301
412 1411301
412 6712301
412 5711301
412 5711301
412 6722301
412 7722001
412 6722101
412 6711201
412 6721301
412 6311101
412 3521201
412 5512101
412 7722001
412 5512101
412 7622001
412 6611101
412 3722101
412 6612101
412 3721101
412 5612101
412 3722101
411 2721301
412 6411311
412 3622301
412 6712201
412 6712101
412 6712301
412 6722301
412 7522001
412 3622101
412 3721101
411 6322101
412 6522301
412 6711901
412 6721301
412 6722201
412 2721101
412 6711301
412 3721101
412 5612201
412 2721301
412 6522901
412 3622101
412 6722301
412 1711201
412 5719101
412 6712901
412 6522101
412 2711301
412 1711101
412 2612301
412 6512101
412 6512301
412 6712201
411 6612301
412 6712201
412 6411111
412 7722001
412 6711101
412 5711211
412 5712101
412 7621001
412 3722101
412 5711101
412 6721101
412 6711001
412 6711301
412 3722101
412 3722101
412 6622901
412 6622201
412 1712101
412 1711101
412 5711101
412 6722901
411 5612101
412 3722901
412 6721301
412 7622001
412 6721901
412 6611101
412 2612301
412 2711301
412 6722301
412 6721001
412 3721101
412 6721001
412 1721101
412 5711101
412 5711301
412 1722301
412 6312201
412 6721301
412 6622101
412 1413201
412 6711001
412 3523101
412 3622201
412 6722201
412 6311301
412 3722201
412 2722201
412 6311101
412 5711111
412 5712101
412 6311101
412 1721301
412 6119311
412 6722301
411 5712101
412 6621101
412 6721301
412 6712301
412 3722101
412 3722101
412 5611101
412 5712101
412 6512101
412 6411311
412 6622101
412 2722201
412 6622901
412 5712101
412 7421001
412 6721101
412 6521201
412 5612101
412 3722101
412 6711301
412 3721301
412 2622101
412 6411101
412 2722101
412 6711301
412 3523201
412 6712301
412 6722901
412 2722301
412 6721301
412 3721201
412 6711301
412 6711901
412 6712101
412 3621101
412 6421201
412 6721201
412 3523101
412 7523001
412 3321101
412 2712201
412 5711101
412 6721301
412 6421101
412 5711101
412 6712201
412 6712101
412 5712301
412 6512301
412 6711201
412 6722101
412 3722101
412 6612101
412 3322101
412 6711301
412 6711301
412 1712101
412 6321201
412 6321101
412 3721201
412 3321101
412 6711301
412 6721301
412 6321201
412 7622001
412 3721101
412 3721101
412 5611101
412 3722101
412 6621301
412 3622101
412 3521101
412 7521001
412 6711201
412 5711201
412 6721101
412 6721201
412 3522201
412 6622301
412 3721101
412 6521101
412 6722301
412 1621201
412 6621301
412 6712301
412 3721101
412 6712901
412 3721101
412 6712301
412 6621101
412 2721301
412 6722301
412 2722201
412 2611301
412 6622201
412 1722201
412 2711101
412 1621201
412 6611901
412 3721101
412 3722101
412 5611101
412 6711101
412 5712301
412 5712101
412 6722201
412 6522101
412 5711301
412 6113101
412 6422201
412 6712301
412 6621301
412 6321301
412 3622201
412 6721301
412 6521101
412 2722201
412 2711101
412 2711301
412 6711101
412 5612301
412 3421111
412 1711201
412 6422901
412 6711101
412 6622301
412 2712101
412 6711301
412 6321101
412 3721101
412 6722301
412 3621101
412 6711001
412 7722001
412 3422101
412 3521201
412 3721101
412 2721201
412 3623101
412 6711301
412 6721201
412 2722101
412 6512901
412 6311101
412 6722001
412 6722201
412 2712301
412 3721101
412 5612101
412 6721201
412 2621301
412 6622301
412 6311101
412 3721101
412 6421101
412 3622101
412 3723201
412 6421001
412 3621101
412 6721101
412 5712201
412 3722101
412 3421201
412 2723201
412 6512001
412 3621211
412 6722101
412 5719901
412 6711301
412 6711001
412 6722301
412 6722201
412 4322101
412 2722201
412 5712901
412 5711301
412 6612201
412 6512101
412 5512201
412 3721101
412 6721901
412 6723901
412 6711901
412 1712901
412 6721901
412 5711901
412 6723901
412 6721101
412 2721301
412 6511201
412 6711301
412 6512101
412 6711101
412 3722101
412 6622201
412 6721301
412 3721101
412 3722201
412 6611101
412 3621101
412 3722201
412 3623201
412 2622301
412 6523101
412 6723301
412 3722101
412 3722101
412 5712201
412 3721111
412 6721101
412 3522211
412 6311101
412 3621101
412 3621101
412 2522301
412 5511101
412 2522301
412 6511101
412 2722301
412 6621101
412 3622101
412 3621101
412 6511201
412 6721101
412 2712301
412 6721101
412 6723101
412 2712301
412 2722301
412 6712201
412 2711101
412 6722301
412 3522201
412 6612101
412 6711001
412 3722311
412 1711201
412 3723201
412 6722301
412 6721101
412 2711101
412 6722101
412 6722301
412 5712101
412 5611201
412 6321201
412 7521001
412 3429101
412 1723201
412 6722301
412 1721101
411 6521301
412 5711101
412 6711301
412 6711101
412 6612201
412 6313201
412 2721301
412 2712301
412 7722001
412 6412301
412 6622201
412 6711301
412 2622201
412 3721201
412 7721001
412 6721101
412 3722201
412 6722301
412 2721201
412 2712301
412 1721201
412 6622301
412 6622101
412 7721001
412 3522101
412 6512101
412 6622201
412 6622101
412 6721211
412 3523101
412 3523101
412 1722901
412 6612901
412 1621901
412 2721101
412 6521101
412 6211301
412 3523101
412 6611301
412 6621101
412 6521201
412 2712301
412 7522001
412 2622201
411 6512201
412 6711901
412 6512101
412 6712201
412 6721301
412 6711001
412 6711101
412 2721101
412 2629311
412 6611201
412 6722301
411 6621301
412 5412201
412 3721101
412 3522201
412 3321101
412 5612101
412 1722101
412 6612101
412 5612101
412 5612101
412 1412301
412 6711301
412 5512101
412 5712101
412 1613901
412 5712101
412 5711901
412 6712301
412 5711901
412 6712101
412 6721901
411 6611301
412 2712301
412 6721101
412 6612201
412 5612101
412 6712901
412 6622201
411 5712101
412 5612201
412 1712201
411 3621901
412 6721901
412 5712901
412 2722901