441 5612104
441 6712301
441 6722201
441 1722101
441 6512101
441 5612101
441 1412101
441 6512901
441 1722101
441 3622101
441 5512101
441 6712101
441 1722101
441 3722101
441 6612901
441 4522201
441 3622201
441 6622201
441 6722201
441 5712201
441 6412101
441 3422101
441 1722101
441 6622101
441 2712101
441 6522101
441 3522101
441 3722301
441 1722301
441 6622301
441 3722101
441 1622101
441 6612101
441 1722101
441 2722101
441 6422101
441 6622101
441 3622101
441 6622301
441 3722201
441 2712101
441 6712201
441 6622301
441 3722101
441 1522301
441 6622201
441 2522901
441 7622001
441 5712201
441 3722101
441 6512901
441 2612201
441 3622101
441 5712101
441 6722101
441 6722201
441 1622201
441 3522101
441 3622301
441 2522301
441 6522301
441 6512201
441 3622101
441 1712201
441 3722101
441 6712201
441 6512301
441 2712101
441 6629301
441 3722201
441 5511101
441 6712101
441 7722001
441 6722101
441 2722201
441 3722101
441 1722101
441 6722301
441 1512301
441 3622301
441 2522301
441 1622301
441 3522201
441 3322201
441 3322201
441 3722101
441 2612201
441 2722301
441 6712101
441 6712301
441 7522001
441 6512201
441 1722101
441 2512301
441 2712301
441 6722201
441 6722301
441 3722101
441 6722101
441 6722301
441 5712101
441 6722101
441 6722301
441 6721101
441 6722301
441 2722201
441 1712101
441 6612301
441 5712101
441 3722101
441 3729101
441 6612101
441 6712101
441 6522201
441 3522101
441 5712101
441 3722301
441 2722301
441 2512901
441 1422201
441 6712301
441 6622101
441 6612301
441 1722201
441 6612301
441 4722301
441 6712301
441 6612201
441 3722101
441 6312201
441 5612101
441 7722001
441 7722001
441 5612101
441 6722201
441 5612101
441 6612101
441 6722301
441 6622101
441 5612101
441 5612101
441 6722301
441 3722201
441 6712901
441 5612101
441 6612101
441 1612301
441 5612101
441 6412201
441 6512101
441 1722101
441 6512101
441 3621101
441 6712301
441 1722201
441 2722301
441 5712101
441 3622301
441 1522101
441 6622201
441 6712201
441 3422101
441 7622001
441 3622201
441 1722101
441 5612101
441 1722201
441 6712201
441 2711301
441 6622101
441 5612101
441 3722101
441 2722301
441 6712301
441 6722901
441 6322301
441 6512101
441 6712101
441 1622301
441 6522101
441 5712101
441 2722201
441 6612101
441 1522201
441 6612301
441 2612301
441 6612101
441 3722201
441 5712101
441 6722301
441 3622301
441 6622101
441 6722101
441 3722201
441 6622301
441 6612101
441 6622301
441 4622101
441 1712101
441 5612101
441 5712101
441 5712101
441 6712901
441 6612201
441 2712201
441 2722201
441 7722001
441 5712101
441 6712901
441 6312201
441 3622201
441 6722301
441 6312101
441 5512201
441 6722301
441 5712901
441 6512301
441 6722301
441 1612201
441 6512901
441 1722201
441 6612201
441 3622201
441 6322101
441 1522101
441 7722001
441 1522104
441 6712901
441 2722301
441 3522101
441 3722101
441 1712101
441 6722101
441 1712901
441 6413301
441 2612101
441 5712101
441 6712101
441 6722201
441 5512101
441 7422001
441 6512301
441 6711301
441 6722101
441 3422201
441 3722201
441 6722201
441 6612301
441 1422101
441 7722001
441 2722301
441 6722201
441 5712101
441 5612101
441 2722301
441 6512101
441 6512301
441 3722101
441 3622201
441 6722901
441 1712201
441 3722201
441 2722101
441 5612101
441 6712301
441 2622301
441 6712101
441 6712201
441 7722001
441 2712201
441 3722101
441 3622101
441 1722201
441 3522201
441 3722201
441 1722901
441 7722001
441 7722001
441 6722101
441 6712201
441 1612101
441 1612101
441 3622101
441 5712901
441 2522301
441 6612101
441 6712101
441 6722901
441 2712301
441 3622101
441 6722001
441 6612201
441 1722301
441 1722101
441 1722201
441 1622101
441 6712901
441 6722301
441 6722901
441 5712101
441 6522201
441 6722301
441 7622001
441 5712101
441 7722001
441 1622201
441 6722001
441 7722001
441 2712101
441 3722201
441 7722001
441 3722201
441 6722101
441 3722101
441 2722101
441 2712201
441 6712101
441 2722301
441 6712301
441 6722301
441 3722101
441 6722201
441 6522201
441 1522101
441 5712101
441 5712901
441 1622301
441 6722301
441 5612101
441 1622201
441 3722201
441 1722101
441 1722301
441 1622101
441 6712101
441 2722201
441 7722001
441 7722001
441 7722001
441 6622001
441 2522201
441 6722201
441 2712301
441 7622001
441 1722201
441 3722201
441 3522201
441 6712101
441 6512301
441 6712901
441 3722101
441 5612101
441 6622101
441 2612301
441 2512301
441 5512101
441 3422101
441 1612101
441 5612101
441 6612101
441 7722001
441 1712201
441 6722901
441 6623201
441 6712301
441 2712301
441 6712101
441 3622301
441 6722201
441 7722001
441 5712101
441 5612901
441 6722101
441 1722201
441 7722001
441 3722101
441 3722101
441 6612201
441 5712101
441 3722101
441 7722001
441 5712101
441 2622201
441 6722101
441 6712201
441 6722301
441 1712201
441 6722901
441 2712901
441 6512301
441 1622301
441 2622301
441 2712901
441 2722901
441 1722901
441 6512901
441 1712901
441 3722901
441 2612901
441 6711101
441 2722901
441 6722901
441 1522301
441 6722901
441 6722901
441 3722901
441 5612101
441 5712101
441 5612201
441 2712101
441 2712101
441 2612201
441 6712901
441 5612101
441 5712101
441 1712201
441 6612201
441 6712301
441 5512901
441 5712201
441 6712101
441 6712901
441 6522301
441 5512101
441 3622101
441 2512201
441 6712301
441 6612301
441 5512101
441 2722301
441 2622301
441 6712301
441 1712201
441 5612101
441 6612201
441 5612101
441 6712301
441 2712201
441 7422001
441 6729101
441 1722201
441 7622001
441 5612101
441 2612301
441 5712101
441 2522301
441 1712201
441 6622301
441 1622201
441 6512201
441 6722101
441 5719101
441 2522301
441 5712101
441 1722101
441 6722301
441 1722301
441 6722201
441 3722201
441 1712201
441 3722101
441 6712901
441 2722301
441 3422101
441 1712101
441 6322201
441 6512101
441 6712301
441 2712201
441 6712101
441 2722301
441 6722901
441 6712301
441 2712101
441 5612101
441 5712101
441 6722001
441 3722201
441 1712201
441 3722101
441 5719101
441 6612101
441 6622201
441 6712901
441 6512101
441 3622901
441 2712201
441 6722901
441 6712201
441 6412201
441 6612201
441 6722201
441 6722301
441 1522201
441 1612201
441 4422201
441 6712301
441 2622301
441 6721201
441 5712101
441 6712901
441 6722301
441 2722301
441 2712301
441 2722101
441 2722301
441 4522101
441 6722301
441 6722301
441 3522101
441 2612301
441 6522201
441 5712101
441 6722104
441 1622101
441 6722901
441 6612101
441 5712101
441 6612201
441 1622101
441 6522201
441 5712201
441 5612101
441 6722101
441 2522301
441 5712101
441 6712101
441 5612201
441 1722901
441 6522301
441 2712301
441 5712101
441 6722301
441 6512201
441 5612901
441 3622901
441 5712101
441 3722901
441 6512101
441 5712101
441 3722101
441 2722101
441 2522301
441 1612201
441 6622101
441 3322301
441 2712301
441 6212901
441 5712101
441 3722201
441 7722001
441 3722101
441 6612301
441 5611111
441 6512301
441 3522101
441 5612201
441 6721911
441 3722101
441 2622301
441 6722101
441 2722301
441 6512301
441 3622301
441 5612101
441 6512101
441 6512101
441 1721101
441 1722901
441 6422301
441 5712101
441 6611101
441 6712101
441 6712101
441 3522201
441 6722901
441 3721301
441 6712301
441 3522201
441 6722301
441 2622301
441 6622101
441 6522901
441 6712001
441 6722201
441 5612101
441 5712101
441 5612101
441 3622101
441 2722201
441 5712201
441 2712101
441 3722201
441 6712101
441 2722301
441 7722001
441 3722101
441 2612201
441 2522201
441 6712101
441 5612201
441 6712101
441 7721001
441 2722101
441 5712101
441 5712101
441 6722301
441 5612101
441 3722101
441 3522101
441 5712101
441 3722201
441 5712101
441 2622301
441 2722101
441 2712301
441 6522901
441 6622101
441 5712101
441 6722901
441 5712101
441 3622101
441 5712101
441 3722101
441 4522201
441 2522201
441 7522001
441 3422201
441 3522301
441 5612101
441 1722901
441 6722101
441 1712101
441 3422101
441 2722201
441 2722301
441 2722301
441 6722301
441 6622101
441 6712901
441 1422101
441 3623101
441 2722301
441 3522201
441 6512301
441 5712301
441 2722101
441 2722101
441 5712101
441 5712901
441 6722901
441 5712901
441 6722901
441 6722201
441 6522901
441 2722901
441 6712901
441 2722901
441 5712901
441 5712901
441 6712101
441 6722901
441 6722101
441 3722111
441 7722011
441 3722101
441 5712201
441 2712104
441 1512901
441 6312901
441 6522101
441 2712101
441 6522301
441 7622001
441 3622201
441 5712101
441 4522201
441 4722201
441 6612201
441 5612101
441 2712301
441 1612101
441 1622101
441 5712201
441 6612201
441 3522301
441 6722101
441 6712101
441 7722001
441 6712201
441 6521101
441 6722301
441 1722101
441 6512901
441 2612301
441 5712101
441 2722101
441 1722201
441 5712101
441 5712201
441 3522201
441 2722301
441 6722101
441 7722001
441 3522101
441 3722101
441 6412201
441 2622301
441 6712201
441 6722101
441 2712101
441 3622101
441 3522201
441 1612101
441 5612101
441 6712101
441 5712101
441 2712201
441 6722101
441 2722301
441 3621101
441 2612201
441 5612101
441 2722301
441 5712201
441 3722301
441 1712101
441 1722301
441 6622901
441 7722001
441 6722301
441 7522001
441 6722301
441 1622901
441 3622201
441 1712101
441 6512101
441 6722201
441 5712901
441 6612101
441 6722101
441 2712301
441 3722201
441 1712201
441 6512101
441 3722101
441 2722201
441 6722301
441 6622301
441 2512201
441 2722901
441 4422101
441 2722101
441 1712101
441 2712301
441 3722201
441 6412101
441 1412101
441 1612301
441 6722901
441 6622101
441 6722111
441 6622301
441 1622101
441 6722201
441 6712301
441 6722101
441 6512201
441 5612101
441 6722301
441 7722001
441 1612201
441 6722101
441 5712101
441 5712901
441 6712201
441 6722301
441 5712901
441 5711101
441 6712201
441 7422001
441 6722201
441 4622301
441 3622101
441 6412301
441 6712301
441 3522101
441 3622101
441 1612101
441 6722301
441 6722101
441 3622104
441 1622301
441 4722201
441 5512201
441 6712101
441 6712901
441 3722201
441 5712101
441 6722301
441 2612201
441 1412101
441 2722101
441 5612101
441 1722301
441 6122201
441 6622101
441 6712901
441 2722201
441 2712301
441 6322101
441 6522101
441 1612301
441 3522101
441 3722101
441 6512201
441 6512301
441 6522201
441 3722901
441 6722901
441 3722901
441 1722901
441 6712901
441 5712901
441 3522101
441 6712901
441 5712101
441 6612301
441 3522201
441 5512301
441 6712001
441 6722301
441 5712201
441 6112101
441 3522101
441 6612301
441 2612201
441 3722201
441 6722301
441 7722001
441 6712201
441 2722201
441 3422201
441 6722901
441 5612101
441 1521111
441 6522101
441 3422101
441 1712101
441 1412201
441 6622101
441 4622201
441 3722101
441 6712101
441 6712201
441 6722301
441 6512301
441 6722101
441 7722001
441 6512101
441 3622101
441 6611201
441 6722301
441 6722301
441 1612204
441 6622301
441 5712104
441 5712101
441 5612101
441 6612201
441 2712101
441 6322101
441 1722201
441 1622101
441 3522201
441 7522001
441 2722301
441 6722301
441 5712101
441 1722201
441 6522901
441 3622201
441 3622201
441 1512101
441 1722201
441 3722201
441 6722101
441 1522201
441 1512201
441 6512101
441 2712301
441 7522001
441 6712301
441 6522901
441 6422101
441 6722101
441 6622101
441 5612201
441 6712901
441 6629101
441 3422201
441 6722101
441 3722101
441 5612101
441 6622201
441 6522201
441 1622901
441 1712101
441 1712101
441 5712101
441 3322101
441 6612101
441 2712301
441 1622301
441 6312901
441 2722101
441 3523201
441 3722201
441 6722101
441 1712201
441 5612301
441 1712101
441 5612101
441 6722301
441 6622301
441 6612201
441 3622201
441 1712101
441 3722101
441 3622201
441 5512201
441 6722101
441 3722201
441 6722101
441 3522101
441 1712101
441 5712101
441 3522101
441 3722101
441 6522301
441 2712301
441 6712101
441 6722201
441 5512101
441 6622301
441 7522001
441 1612201
441 1712201
441 1712201
441 6622301
441 3722101
441 7522001
441 2622301
441 5612101
441 6412301
441 6412301
441 6612201
441 6612101
441 6612101
441 6612301
441 3522201
441 3522101
441 5612101
441 3622101
441 2622901
441 1712101
441 3722101
441 7522001
441 7522001
441 3522201
441 1722101
441 6612101
441 5712201
441 5612101
441 6622301
441 2722201
441 6612101
441 6612301
441 6722301
441 6522301
441 7721001
441 6322201
441 5712901
441 2622301
441 1622101
441 5612101
441 3722101
441 6522301
441 3622101
441 1722901
441 6712101
441 5712101
441 6329101
441 5712901
441 6722901
441 5712901
441 6522301
441 6722101
441 1722901
441 5712901
441 6722901
441 2722901
441 6622901
441 1722901
442 2712201
442 3622101
442 6612301
442 1722101
441 6612301
441 6612901
442 5612101
442 3422301
442 6722101
442 6712301
442 3722201
441 5712101
442 6712201
442 6712201
442 6722301
441 6622301
441 3522101
442 6722301
442 6622101
442 6712201
442 2712301
441 5712101
441 7622001
441 5712101
442 2712301
442 6712301
441 2722101
442 5712101
442 6722901
442 7722004
442 6722901
442 6722901
442 1512901
442 3622101
441 5612201
442 6712301
441 3622201
441 6622201
442 2722101
442 3722301
442 6712201
441 6622201
441 5512101
442 3322201
442 6622201
442 2522301
442 3522101
442 2422301
441 2612201
442 6622301
442 1611101
442 6712101
442 7522001
442 6512101
442 6322101
442 6312101
442 1722101
442 2712101
442 1512301
442 1722301
442 6512301
442 2622301
442 1722101
442 6722201
442 6612301
441 5712101
441 6712201
442 1722301
442 1622901
442 5712101
442 5712101
442 3722101
442 6722301
442 5712101
442 1722101
442 3722101
441 6612101
442 6322101
442 5712101
442 6722101
442 6512101
441 6722301
442 3722101
442 2712301
442 6722101
442 6622101
442 5712101
442 3722101
442 1722101
442 1722101
442 2722301
442 6522101
442 3522201
442 3722201
442 3522101
442 6612101
442 6222201
442 2722301
442 2612301
442 6722201
442 5512301
442 5612101
442 6512201
441 5712301
442 2712101
442 1712101
442 7722001
442 5612101
442 1712101
442 6712301
441 6421101
442 2512301
442 5612101
442 2522301
442 6722201
441 5712101
442 6722301
441 5512901
442 2722201
442 6722301
442 6622901
442 3522101
442 1522901
442 5612101
442 5412101
442 1522101
442 5712101
442 7722001
442 6722101
442 6512101
442 2712301
442 3522101
442 6622301
442 1722201
442 5512101
442 1712301
442 3522201
442 3622201
442 1512101
442 6722101
442 3622101
442 2722101
442 6622111
442 1722201
442 3722101
442 6312301
442 1622301
442 6612301
442 6712101
442 6522301
442 6722201
442 6722901
442 5612201
442 1622101
442 2622301
441 6722901
441 3522201
442 5612101
441 5512901
442 6622201
442 2612301
442 6722301
442 2612301
442 3721101
442 1722301
442 3722101
442 5712301
442 3522101
442 7722001
442 6722301
442 6722901
442 5712101
442 6522201
442 5512101
442 5512101
442 2522301
442 5512101
442 3722101
442 1722901
442 6312301
441 6712001
441 3722901
442 6622101
442 6712101
442 6722201
442 3722101
442 6722201
442 6512901
442 1622201
442 1712301
442 2722301
442 5619104
442 5512101
442 6712101
442 5512101
442 6722101
442 6712301
442 2722901
442 6522301
442 7722001
442 1522304
442 6722101
442 6612901
442 5612101
442 5712101
442 1522301
441 6612901
442 6722301
442 3722201
442 6512201
442 6712301
442 5512101
442 3622204
441 5612101
442 5612201
442 6612101
442 6722101
442 3722201
442 2622301
442 6722901
442 5612101
442 7522001
442 6712301
442 6722201
442 1612201
442 1712101
442 7522001
442 1422101
442 1712201
442 6722301
441 6712901
441 6512901
442 1622101
442 3722101
441 1722901
441 6722901
441 6722901
441 5712901
441 6612901
442 5512101
442 3622101
442 3622101
442 6712101
442 6712101
442 1622301
442 6712101
442 1712201
442 6722201
442 6712301
442 6512201
442 6512101
442 7722001
442 6612301
442 6712301
442 1712101
442 3522201
442 6722301
442 4622301
442 6622301
442 6519301
442 5712301
442 6412101
442 6722301
442 6722201
442 6612201
442 2722301
442 6722101
442 2712301
442 5712101
442 3722101
442 6722304
442 5712101
442 7522001
442 2612201
442 5612101
441 6722301
442 1722101
442 6322201
442 5612101
442 2622301
442 5712301
442 2622201
442 6722301
442 3622201
442 1711101
442 6711201
442 6711101
442 2622301
442 2722101
442 2712101
442 2722301
442 6722101
442 1722201
442 6722301
442 6412301
442 6612201
442 3722201
442 6712301
442 2712301
442 6422201
442 6712101
442 7722001
442 6722301
442 1512301
442 3622201
442 1712201
442 1512101
442 6722201
442 2612301
442 1712301
442 6122301
442 5612101
442 6712201
442 1722201
441 5712101
442 3622201
442 2622301
442 5612101
442 3622101
442 6622201
442 5712101
442 5512201
442 6712101
442 6522101
442 2612301
442 5612101
442 6722301
442 3722101
442 2612304
442 1722201
442 5612301
442 5712301
442 6712301
442 3722301
442 1522101
442 5612101
442 5612101
442 5712101
442 7622001
442 2722101
442 4622301
442 2712101
442 1712201
442 3722101
442 5612101
442 6622901
442 6712301
442 3522101
442 3622301
442 2622901
442 3522101
442 7522001
442 6512301
442 3622101
442 3722101
442 5512201
442 6622301
442 6712101
442 1722201
442 2722201
442 2522201
442 2722201
442 1512101
442 6622201
442 2712101
442 6522301
442 2712201
442 3722101
442 6612101
442 2722101
442 6622201
442 6312301
442 6712301
442 3622101
442 6612301
442 6612101
442 6322101
442 2722301
442 3629101
442 6512101
442 5612101
442 5712101
442 1512201
442 6622301
442 5612201
442 3722201
442 6621101
442 6612901
442 3622101
442 5719101
442 6712301
442 2612301
442 5612301
442 6612201
442 6612101
442 5712101
442 6711901
442 6712101
442 7722001
442 6412901
442 6722201
442 6722301
442 6622101
442 6712101
442 6712901
442 1612101
442 6612001
442 5512101
442 6722101
442 5712101
442 6322101
442 2712101
442 3722101
442 1722201
442 3622101
442 3622101
442 2712201
442 2612301
442 6522101
442 3722201
442 2622101
442 6712301
442 3722101
442 7622001
442 2722101
442 6722201
442 6612101
442 6722901
442 6512901
442 3722301
442 2722301
442 2622301
442 1612101
442 6512201
442 3622201
442 6522901
442 6512301
442 3722101
442 5712101
442 3722101
442 7722001
442 3722101
442 3522201
442 2612901
442 2612301
442 6712901
442 1712901
441 6712301
442 6622901
442 6622101
442 2622301
442 6712301
442 1712301
442 6712301
442 2712901
441 1512301
441 6712301
442 5712101
441 2712901
441 6611101
442 3722201
442 6622301
442 3622201
442 2712901
442 3722201
442 6712101
442 2712301
442 6622301
442 6612101
442 1712901
441 6712301
442 7722001
442 3722101
442 6712001
442 3322301
442 3722201
442 2722301
442 6712101
442 3622101
442 5612301
442 2712301
442 3722901
442 6722901
442 2612201
442 6612201
442 2722201
442 6522101
442 6722101
442 3422101
442 6712201
442 5612201
442 3622201
442 2722101
442 3422101
442 6722101
442 6712101
442 3622201
442 2712301
442 2712301
442 1712101
442 6712201
442 6622301
442 6522101
442 6612201
442 3322101
442 6522101
442 6722101
442 2712301
442 6622301
442 2712301
442 1522201
442 2511201
442 3622101
442 2722301
442 1722301
442 6722201
442 6722301
442 5612101
442 5512101
442 3422201
441 5712101
442 3722201
442 6712201
442 6722301
442 6712301
442 1722201
442 5612101
442 7722001
442 3622101
442 1712301
442 2712301
442 1612301
442 5612101
442 6622101
442 2612201
442 2622101
442 3722201
442 2712201
442 7722001
442 5712301
442 5712101
442 6712201
442 6622101
442 5612101
442 6722101
442 5612101
442 5612101
442 3722201
442 6712901
442 2722301
442 5712101
442 6612301
442 3522201
442 6512301
442 3622101
442 2722101
442 6721301
442 3622101
442 7522001
442 2722301
442 2722301
442 1512301
442 5612101
442 6722101
442 6612001
442 7522001
442 2712101
442 2622101
442 6512101
442 5612101
442 6612301
442 5612301
442 5612101
442 2612201
442 3722101
442 7722001
442 6722101
442 2722201
442 1722301
442 3522101
442 6612201
442 6722001
442 6622101
442 1612101
442 6712301
442 2522301
442 6611301
442 1722201
442 2622201
442 5612901
442 6612101
442 6722901
442 1622101
442 4722101
442 6622901
442 1622301
442 2722101
442 5612101
442 6712201
442 6522301
442 3622101
442 6612301
441 6612201
442 1612301
442 2622201
442 6612201
442 6722301
442 2712301
442 2611201
442 5512101
442 5612301
442 1512201
442 6722001
442 6522101
442 2722301
442 3522201
442 7722001
442 1722101
442 6722101
442 1722101
442 3622101
442 2612301
442 3722101
442 3722201
442 2722101
442 6512101
441 6612301
442 6722101
442 6722101
442 2722101
442 2612201
442 5712111
442 4622201
442 6522901
442 1712201
442 6722901
442 6712901
442 6722901
442 2612901
442 6722301
442 2722301
442 3722101
442 6622101
442 7722001
442 2612201
442 6712901
442 6612901
442 6722101
442 2612301
442 1712101
442 5612101
441 3722101
442 6722301
442 6722901
442 6712301
442 3522201
442 3622201
442 3622101
442 2722101
442 2722101
442 6712301
442 5712101
442 6612101
442 6712201
442 6712101
442 6612301
442 6612001
442 6712901
442 6712101
442 1712201
442 2722201
442 6722301
442 6722101
442 3622201
442 7722001
442 3622201
442 6722301
442 1522301
442 2722101
442 1722901
442 6712301
442 6529101
442 6512301
442 6312201
442 1612301
442 3722101
442 1712101
442 6612201
442 2722101
442 2612301
442 3722101
442 7722001
442 3722101
442 3422201
442 6722301
442 6722901
442 6612201
442 5612101
442 6522301
442 1722101
442 5612101
442 3622101
442 6712301
442 5712101
442 6722301
442 1522101
442 2622201
442 6612301
442 6722201
442 2722301
441 6722101
442 1712901
442 5712101
442 4422101
442 6622101
442 6722101
442 6612101
442 6512201
442 2712101
442 6722201
442 1712201
442 3622201
442 2512301
441 6612201
442 2722101
442 6622101
442 5712101
441 5719101
442 6712001
442 6722101
442 7722001
442 6722301
442 6722301
442 6512101
442 6722101
442 2722101
442 6522301
442 5612101
442 6712901
442 6622201
442 6612101
442 6622101
442 6513301
442 7622001
442 3622201
442 3622201
442 2722101
442 2722301
442 2722201
442 5612101
442 3722201
442 2712301
442 3522201
442 2511111
442 3522101
442 6722301
442 6422301
442 6622301
442 2622301
442 7522001
442 1612101
442 2712301
442 6612301
442 6712201
442 5612301
442 6622201
442 3722301
442 3722301
442 1612301
442 1512201
442 1722201
442 5712201
442 3422101
442 6722301
442 3622101
442 3722301
442 6722901
442 3622101
442 1612301
442 5712101
442 6712301
442 6722301
442 6522901
442 7522001
442 2712301
442 6612101
442 6322101
442 6722301
442 6322101
442 6522101
442 2722301
442 5512101
442 4622201
442 2612301
442 6622101
442 3622101
442 2712301
442 6622301
442 6612201
442 5612301
442 2512301
442 6622301
442 2712301
442 5712101
442 1722201
442 2612301
442 6722301
442 6712901
442 2612201
442 5612101
442 6612101
442 5612101
442 5712101
442 5712101
442 5512301
442 5512201
442 6722201
442 5612101
442 6722301
442 3622101
442 6712301
442 5712301
442 6712301
442 6612901
442 6612901
442 6712901
442 5712901
442 3722201
442 6712301
442 3722304
442 6712201
442 3722201
442 7722001
442 3522201
442 2722201
442 1722101
442 6522301
442 3622101
442 6522201
442 1712901
442 7522001
442 1522201
442 6612101
442 2712301
442 6722201
442 6612101
442 6722101
442 6712301
442 6722901
442 2712301
442 6522201
442 1712201
442 5712201
442 6712101
442 1612301
442 6622301
442 6612301
442 1712101
442 3622101
442 2712104
442 6722101
442 6622101
442 6712101
442 6712101
442 1622101
442 3422301
442 6612301
442 6612901
442 3522201
442 6712301
442 6612301
442 6722301
442 6722101
442 6312101
442 5712301
442 2622301
442 6612201
442 5612101
442 6612101
442 6712201
442 1612101
442 6622301
442 6612201
442 3422201
442 2622301
442 1712101
442 6722901
442 6612104
442 6612104
442 5712101
442 6612301
442 2722201
442 3722101
442 3522101
442 3522101
442 3722101
442 3622201
442 1722201
442 7722001
442 2722101
441 5712101
442 6512101
442 6712101
442 2712901
442 5712101
442 1622301
442 2622301
442 3722201
442 2712301
442 2722101
442 1612201
442 6712101
442 1522301
442 6622301
442 6722301
442 6712301
442 2722101
442 5612101
442 6612301
442 1722301
442 1612101
442 6721301
442 6222101
442 3722101
442 1712901
442 2622101
442 2722301
442 6522201
442 3722301
442 2722201
442 1712201
442 4521201
442 6622101
442 6722101
442 5712101
442 2622301
442 1612201
442 2522101
442 6412201
442 6612101
442 6722101
442 7622004
442 2722301
442 5712101
442 2622201
442 3722104
442 6712204
442 6722101
442 6722101
442 2722301
442 1612101
442 1422101
442 6722201
442 6712901
442 6712901
442 3722101
442 6712201
442 1712201
442 6712101
442 6712901
442 6722901
442 6712901
442 6712101
442 6612101
442 3522201
442 6622101
442 6722201
442 2712901
442 3522201
442 5712101
442 2722301
442 5712101
442 6722901
442 6712101
442 2612301
442 6522101
442 2522301
442 6712301
442 6722901
442 5612101
442 6712301
442 1722101
442 6612201
442 6622301
442 1712201
442 1712201
442 6522101
442 6512901
442 3722101
442 3722201
442 5612101
442 5612101
442 6512101
442 6722201
442 5612101
442 6622301
442 6722201
442 1622101
441 6612301
442 6722301
442 6712001
442 1712201
442 6612301
442 3522101
442 6622201
442 6422201
442 3722101
442 6522101
442 6622101
442 7522001
442 6612101
442 1622101
442 7322001
442 2722301
442 2712201
442 3722201
442 6612101
442 6612101
442 6722301
442 6722101
442 6722301
442 7722001
442 6612301
442 5612101
442 6722201
442 5512101
442 3622101
442 7722001
442 3722201
442 2712101
442 3622101
442 6722101
442 5612201
442 5512304
442 6722301
442 5612101
442 5712101
442 5612101
442 5712101
442 5612101
442 6422301
442 2722101
442 6619101
442 6722901
442 6722301
442 1722201
442 6722301
442 5712901
441 5612901
442 6722301
442 6722901
442 6622901
442 6712104
442 2712201
442 6712101
442 2712301
442 6622901
442 5712901
442 5712901
442 2712901
442 3622901
442 3722901
442 5712901
442 6722901