451 1721101
451 2712301
451 2512301
451 5612101
451 2622301
451 6412111
451 5712101
451 3521101
451 7722001
451 3722101
451 2722301
451 6722201
451 7622001
451 7622001
451 2712301
451 6612901
451 1512301
451 1512101
451 1612201
451 5612101
451 2712301
451 6722101
451 6622101
451 6712101
451 2722201
451 6712901
451 3622201
451 3722101
451 2722101
451 6722901
451 1712104
451 1722201
451 5512101
451 2722301
451 6512101
451 5612101
451 3722201
451 2712201
451 6612101
451 6522101
451 3622101
451 6722101
451 7722001
451 6722301
451 6722101
451 6622101
451 5612101
451 6612301
451 5713101
451 1729101
451 6712001
451 5712101
451 6122101
451 3722101
451 6722201
451 6612301
451 6312301
451 6722901
451 1722101
451 2722201
451 6422101
451 2712101
451 1722201
451 6722301
451 1711101
451 5511101
451 5719101
451 6622101
451 2512101
451 6622301
451 3722101
451 6722301
451 1522101
451 5712101
451 1712101
451 2712101
451 5712101
451 5412101
451 2522301
451 6722101
451 6612301
451 6712201
451 3422201
451 3722101
451 1621201
451 6722201
451 6712101
451 6613101
451 6722201
451 6712301
451 5612101
451 6712201
451 5712101
451 6722101
451 5612104
451 6722101
451 5712201
451 5712101
451 6712201
451 5612101
451 6722201
451 3522201
451 6722101
451 2722901
451 6712201
451 1712301
451 5612201
451 6612101
451 6712101
451 6712101
451 6622301
451 5712101
451 2712301
451 6612101
451 5612901
451 3722101
451 3622201
451 6522201
451 1322101
451 2722301
451 5712201
451 1712101
451 2722301
451 6612201
451 3522101
451 3422101
451 6622201
451 6722201
451 3522101
451 6712301
451 5712901
451 5711101
451 6612901
451 6712901
451 5512101
451 2712901
451 3422101
451 5712901
451 5712204
451 1612101
451 2712301
451 5712101
451 6712901
451 6712301
451 2712101
451 1712104
451 1712201
451 1612104
451 1512101
451 7622001
451 7422001
451 5712101
451 6712301
451 1712301
451 6612901
451 6622201
451 1722201
451 3522301
451 6722201
451 6722301
451 2712201
451 2712311
451 3522101
451 6722101
451 2722301
451 6622301
451 2712301
451 6712301
451 5712101
451 5712101
451 6422901
451 2622301
451 7722001
451 2722101
451 6722301
451 5612201
451 6622301
451 6622901
451 6722101
451 6722901
451 1719101
451 2512301
451 2712301
451 2622301
451 6312301
451 6512901
451 6722301
451 1722201
451 6622101
451 3722101
451 7722001
451 6712301
451 1722101
451 5612101
451 2712201
451 6612301
451 6722101
451 6322101
451 6612201
451 1722201
451 4722201
451 7722001
451 6612301
451 6722101
451 6722301
451 3422101
451 5612101
451 4622201
451 4522201
451 5712201
451 2612101
451 5712201
451 5712201
451 4522201
451 6622101
451 7622001
451 2712201
451 6712901
451 6712301
451 5712104
451 3622201
451 5712101
451 2622301
451 6712101
451 2722301
451 5712101
451 1522101
451 6722301
451 3422101
451 3622201
451 3622101
451 2712901
451 6722901
451 6722301
451 6722301
451 1712301
451 5612101
451 6522101
451 3722201
451 3322201
451 6722201
451 1622201
451 7621004
451 5612101
451 6722301
451 3722201
451 6712101
451 2722301
451 5712101
451 7722001
451 6722101
451 6522301
451 3522304
451 6622201
451 6722101
451 6722101
451 6712201
451 5712101
451 2622101
451 3522101
451 6722101
451 3722201
451 6722301
451 6622201
451 5612101
451 5712901
451 3722301
451 3622101
451 3722101
451 3722101
451 7622001
451 3522201
451 5612101
451 6622301
451 6612901
451 5612101
451 6622301
451 6722101
451 6712301
451 3722101
451 4722101
451 3522201
451 6712301
451 5712101
451 6712901
451 5712101
451 3622101
451 2712901
451 2712901
451 2722901
451 6512901
451 1712901
451 6722901
451 4521901
451 5712301
451 6612901
451 6722101
451 5612201
451 1712301
451 2622301
451 3422101
451 3722101
451 6722201
451 6712301
451 5612201
451 4522211
451 6722301
451 7622001
451 3622101
451 1712301
451 6612101
451 5612104
451 2512301
451 6622101
451 5712101
451 2722301
451 1712101
451 6712101
451 3622201
451 6722101
451 3722101
451 6721901
451 6622101
451 6522901
451 6712301
451 3622101
451 6712301
451 6612201
451 2622301
451 6722301
451 6722201
451 6712301
451 6612101
451 6712101
451 5612101
451 2712301
451 3722101
451 6722301
451 5612101
451 7722001
451 5712101
451 7722004
451 2622301
451 5612101
451 3522101
451 3522201
451 3622101
451 5712101
451 6622101
451 5711104
451 3522101
451 5712101
451 6622101
451 3322101
451 5611101
451 6722301
451 5512201
451 5712101
451 6612901
451 6312201
451 6612101
451 3722101
452 6712201
452 6712101
452 6722301
452 6612301
452 6722201
452 6512201
452 3722101
452 6712301
451 7722001
451 6712101
451 5712101
451 6722101
452 3522101
452 3722101
452 6722101
452 6612301
452 1622101
452 2722301
451 2422301
451 6522301
452 2722201
452 2722201
452 3622101
452 6612101
452 5712101
452 1712101
452 3622201
452 3722101
452 3722301
452 6712301
452 2712101
452 1712101
451 3322101
452 2512301
452 2612201
452 6712201
452 7622001
452 5712101
451 3522201
452 5712101
451 5712104
451 3522201
452 6512301
452 7722001
452 3722101
452 3721101
452 3721101
452 6612101
451 4722101
452 2712201
452 7522001
452 1522301
451 5712301
452 3722201
452 1512101
451 6712101
452 6622201
452 1722301
452 5612201
452 5712101
452 5612101
452 3422101
452 6512911
452 3422101
452 5712101
452 3622101
452 5512101
452 2722301
452 6722101
452 5612104
452 7422001
452 3422201
452 1612201
452 3722101
452 2722101
452 6522901
452 2622201
452 6512201
452 6712901
451 6612201
452 7722001
452 2712301
451 6712901
451 6722901
451 2712901
451 3722101
452 1522201
452 6422201
452 5612101
452 6612104
452 1712101
451 5612101
452 6622101
452 6722101
452 2712101
452 5612101
452 3722201
452 2722201
452 1722301
452 4622101
452 6512201
452 3722201
452 6612301
452 6612301
452 1722201
452 3722101
452 5712101
452 2712301
452 5712201
452 5612101
452 6722101
452 6712201
451 6612104
452 1612101
452 3622101
452 3421101
452 5612201
452 6712201
452 2712901
452 1622101
452 6712301
452 6712301
452 1622204
452 3722101
452 6721101
452 2712301
452 3622101
452 2712301
452 3622201
452 6722201
452 5712101
452 5512101
452 5612101
452 6622101
452 3422101
452 6722301
452 6622201
452 3722301
452 6622901
452 2612201
452 5712201
452 3522201
452 6612301
452 5612101
452 3722301
452 3722201
452 5612201
452 3622201
452 7722001
452 3622101
452 3722301
452 6622201
452 6612201
452 3722101
452 5712101
452 6622901
452 1712901
451 5612101
452 4722901
452 5712101
452 2722201
452 5712101
452 1722901
452 6322201
451 6722101
452 3722101
452 5712201
452 6722201
452 2722201
452 1712301
452 3522301
452 3722101
452 5712301
452 5612101
452 6611114
452 6422101
452 6522201
452 6621101
452 1612101
452 6722301
452 3622101
452 3722101
452 6522301
452 2722301
452 3722101
451 3722901
452 1622101
452 3522101
452 3722201
452 3722101
452 3522201
452 6311301
452 6712104
452 6622101
452 5712201
452 7722001
452 3522101
452 6612101
452 6622301
452 6712101
452 6722101
452 2712301
452 2722301
452 5712901
452 6622201
452 6512301
452 2522101
452 6612301
452 1622101
452 4722201
452 3722201
452 6722301
452 5712101
452 6712301
452 6712101
452 6712201
452 5612101
452 2612301
452 3622101
452 5712101
452 6712104
452 3722201
452 6522301
452 6722201
452 2722301
452 5712101
452 3722101
452 6712001
452 3722201
452 2722201
452 3722101
452 3722201
452 1722201
452 6712901
452 5712901
452 4522901
452 3622101
452 6722301
452 6722301
452 6712301
452 6712301
452 6622201
452 6512101
452 5712101
452 6722301
452 6722201
452 6722201
452 3722101
452 1712301
452 6712301
452 6522101
452 3522201
452 5712101
452 5612201
452 3522201
452 6612301
452 1622201
452 2722101
452 1622201
452 1722201
452 6612201
452 6522101
452 3622101
452 7522001
452 5712101
452 2522301
452 5712101
452 1722301
452 2722201
451 6712301
452 6712301
452 6622101
452 5712101
452 7722001
452 2712301
452 3622101
452 4622901
452 5712101
452 6722301
452 7722001
452 5512101
452 1712101
452 6222101
452 3722201
452 1622201
452 2712301
452 5712101
452 6612201
452 6612901
452 6512101
452 6712101
452 2612301
452 5712101
452 6712301
452 6712901
452 2522901
452 3722101
452 6612301
452 6722301
452 6612101
452 6712301
452 6712301
452 7521001
452 1722301
452 2722201
452 5513201
452 5712101
452 2722301
452 1612901
452 6612201
452 3722101
452 7522001
452 6612101
452 6722901
452 3622301
452 6522301
452 6512101
452 6722101
452 5612101
452 2622301
452 1512201
452 6722201
452 6622101
452 2712301
452 6712301
452 3722201
452 6722101
452 2722201
452 3522101
452 6712101
452 4422101
452 6722201
452 6712901
452 3722101
452 6712001
452 6712301
452 6712301
452 6612101
452 4622201
452 6722901
452 2722301
452 3622101
452 1712101
452 6712201
452 2622301
452 3722101
452 2722901
452 6722901
452 6722301
452 3722101
452 2721101
452 6712301
452 6512301
452 6622901
452 5712101
452 5612101
452 3722201
452 2722301
452 3622201
452 6622301
452 3722101
452 3622101
452 3722201
452 1722101
452 3422301
452 3622201
452 5612101
452 6712101
452 2722301
452 3722201
452 6612101
452 2422201
452 5712301
452 2722901
452 6722901
452 6722101