461 6722101
461 2512201
461 1722201
461 6622201
461 6722301
461 6712301
461 6711311
461 6512001
461 2712301
461 6711101
461 6712201
461 6622901
461 6422101
461 2711211
461 6729101
461 3622101
461 5611311
461 2622301
461 5712101
461 1612101
461 5612101
461 6721211
461 2621211
461 5712101
461 2722201
461 2622301
461 6712301
461 6721111
461 4422101
461 6722901
461 7522001
461 3522201
461 5712101
461 7722001
461 5712101
461 3621111
461 5712301
461 6522201
461 5612101
461 6621111
461 6411111
461 1422201
461 2621201
461 6622301
461 6512901
461 4321111
461 3522201
461 3722101
461 6312901
461 5712101
461 4622201
461 5711111
461 6722301
461 3721101
461 4522301
461 6611211
461 6421311
461 6612301
461 3621101
461 6722301
461 3622101
461 7622001
461 5712101
461 6721201
461 6712201
461 3622101
461 6612201
461 5711101
461 6722301
461 6421211
461 3722101
461 2622201
461 5712201
461 6712101
461 3722901
461 6522201
461 1722201
461 6711101
461 6722901
461 6722301
461 2512301
461 3622101
461 3722201
461 3722101
461 1711211
461 2722201
461 6722201
461 2422301
461 1512101
461 6411111
461 2722301
461 1712101
461 5712101
461 2722201
461 2721301
461 6712201
461 2612201
461 6622301
461 5611111
461 6522101
461 6621201
461 3722101
461 6222101
461 6712301
461 5712101
461 6112301
461 1622101
461 6722301
461 5712101
461 1712101
461 2721311
461 2712301
461 6712201
461 6712201
461 6612301
461 6612101
461 6712311
461 6322201
461 6322201
461 6412901
461 5612101
461 5711111
461 6622101
461 5612101
461 3722201
461 6622301
461 5712901
461 6712201
461 6622301
461 3722201
461 6722901
461 7622001
461 1622201
461 6712101
461 1721211
461 6721301
461 2512201
461 1612201
461 6411111
461 6421111
461 5712101
461 3722101
461 6722101
461 5712101
461 6721311
461 5711211
461 2622301
461 5712101
461 2711201
461 2712301
461 1711911
461 3722201
461 6722201
461 1722101
461 2612301
461 6622201
461 6722301
461 5711101
461 6412301
461 5711201
461 5712901
461 6711111
461 6722201
461 6312301
461 2612301
461 6712101
461 5711901
461 1721211
461 3722301
461 6612901
461 2722301
461 2612201
461 2722201
461 6722301
461 2712301
461 2721301
461 1712201
461 1712101
461 1722301
461 2622101
461 3622201
461 7422001
461 6222301
461 2712201
461 6722301
461 6622201
461 1612301
461 5512301
461 1722101
461 3422201
461 3722101
461 2722201
461 3722101
461 2522301
461 4322101
461 5711111
461 6721111
461 6722201
461 6712101
461 7621001
461 6712201
461 2722301
461 1712101
461 1712201
461 7622001
461 6712301
461 3522101
461 2722201
461 2711301
461 6611211
461 6711311
461 6512901
461 6521111
461 1722301
461 6722201
461 1722301
461 6721911
461 7722001
461 6512301
461 5712101
461 3722101
461 5711311
461 2622301
461 6511311
461 6722201
461 6522201
461 6511111
461 7722001
461 1712201
461 3721101
461 6522901
461 5712101
461 3622201
461 6412201
461 6422301
461 6712901
461 6712301
461 5612101
461 5712101
461 6612201
461 3422301
461 5711111
461 7622011
461 1712101
461 2622201
461 6722301
461 5712101
461 5711211
461 5519111
461 6519111
461 5711111
461 3721101
461 5612101
461 3422201
461 6712001
461 5612101
461 5712201
461 3522101
461 6612201
461 6712301
461 6612301
461 3422101
461 4622201
461 6622301
461 6722301
461 6511111
461 3622201
461 6622901
461 6722901
461 6722301
461 5712101
461 6612201
461 2621201
461 2722301
461 1722201
461 1722201
461 5712901
461 6511911
461 5712101
461 6712901
461 6722301
461 6622101
461 6712301
461 6512101
461 5712301
461 6712201
461 6711911
461 5612901
461 1711111
461 5712101
461 2622201
461 5712101
461 2721311
461 4622301
461 2612301
461 6622201
461 3622101
461 2712301
461 3522101
461 5612101
461 6412901
461 6312101
461 1722901
461 7522001
461 5712101
461 6321311
461 6721201
461 6712201
461 6222101
461 2712301
461 6711311
461 1512301
461 6512201
461 5712101
461 6722301
461 3522201
461 6722301
461 6712101
461 6722301
461 1712101
461 3622201
461 6622301
461 6521211
461 2612201
461 6722901
461 5612101
461 7722001
461 5612101
461 4422201
461 7522001
461 2722101
461 6722901
461 4422101
461 2712101
461 6412301
461 6622101
461 7622001
461 6521911
461 5712101
461 5712901
461 1712201
461 6512101
461 3522101
461 7521011
461 6712301
461 5712101
461 2722301
461 6711311
461 6612101
461 6722101
461 2722201
461 6712101
461 1611911
461 2622301
461 1712301
461 3622201
461 6612201
461 1722201
461 6612101
461 6711301
461 1712101
461 2712101
461 6621111
461 1712101
461 6712101
461 6612101
461 6522301
461 6722201
461 6712101
461 5612901
461 5712901
461 5712201
461 6322201
461 6322301
461 5511101
461 6711111
461 7522001
461 6512101
461 5711201
461 5712101
461 6712301
461 1722101
461 6722201
461 6522301
461 7722001
461 1722301
461 2712201
461 5712101
461 6622101
461 7523001
461 5712101
461 2722301
461 7622001
461 4422201
461 2711211
461 3722101
461 1712101
461 5612301
461 1722301
461 5712101
461 6612201
461 6222301
461 3622101
461 6622201
461 5712101
461 5712101
461 4429111
461 3522101
461 3422301
461 6522201
461 6322201
461 6712201
461 6711211
461 6722201
461 6612201
461 6612101
461 6722301
461 6522901
461 5612101
461 6612201
461 6712101
461 6312101
461 6722301
461 6422201
461 1722101
461 2522201
461 7522001
461 2522101
461 3721311
461 6711211
461 6721311
461 3721211
461 3622101
461 2621301
461 5711111
461 6722201
461 4421211
461 2612301
461 1612101
461 5611111
461 5712301
461 6712201
461 3422101
461 6722301
461 3722301
461 5711111
461 5712101
461 6522301
461 6412101
461 5612101
461 6521311
461 6321311
461 5712901
461 6719201
461 6712201
461 2722301
461 3722101
461 6711211
461 2622101
461 7622001
461 2722301
461 1622301
461 3522101
461 6722901
461 2722901
461 2612901
461 6712301
461 6521911
461 3422901
461 1712901
461 2722201
461 3722101
461 5711111
461 6322301
461 2712201
461 6721111
461 6722201
461 3722101
461 4722201
461 5712101
461 3622101
461 6512301
461 2512301
461 5612101
461 5712201
461 5712101
461 6611111
461 6722301
461 7421011
461 6612101
461 5511111
461 1611111
461 1622201
461 6512301
461 3522201
461 3322101
461 5711111
461 7722001
461 6722101
461 2712301
461 6229211
461 6722301
461 5612101
461 3721101
461 4422201
461 5711111
461 6312201
461 6722101
461 6721311
461 3721111
461 5612301
461 7722001
461 6322101
461 5712101
461 3522101
461 5711311
461 6722301
461 3622301
461 5612101
461 3522201
461 5711101
461 6612101
461 2712301
461 6622301
461 7722001
461 6722301
461 2712201
461 1712201
461 1622101
461 6712101
461 3421211
461 5612101
461 3622101
461 1722301
461 1722301
461 3722101
461 1712201
461 2712301
461 6722101
461 1722201
461 6711111
461 6612101
461 5711311
461 6712901
461 3722201
461 1612901
461 6512101
461 6522301
461 6722901
461 2712301
461 6322101
461 6522301
461 5612101
461 5619111
461 2612301
461 2711301
461 2622301
461 2712201
461 6622901
461 2722301
461 3422201
461 3422201
461 6722301
461 2712311
461 1712301
461 1712201
461 3722201
461 1522201
461 6722201
461 1722101
461 1512101
461 6711911
461 3521111
461 6722201
461 3622301
461 6312301
461 1722201
461 3622201
461 6722301
461 5619901
461 2722101
461 2712201
461 6622001
461 3722201
461 2711311
461 2712201
461 2612201
461 1722301
461 2712101
461 6512201
461 5712101
461 2712301
461 2612301
461 5712101
461 2722201
461 5512101
461 6622901
461 5713111
461 1512101
461 2712301
461 6622301
461 6712901
461 5712101
461 3722101
461 6612901
461 1711201
461 6711311
461 1622901
461 6711301
461 2722901
461 2721901
461 6612901
461 6711311
461 5612301
461 3622101
461 2522301
461 2612301
461 6722301
461 6612201
461 6612201
461 6622101
461 5712101
461 3522201
461 7522001
461 2721211
461 6722201
461 3422101
461 6712301
461 6612101
461 5712201
461 6112311
461 1711301
461 6721211
461 6711101
461 6621311
461 6112201
461 5611111
461 2722201
461 4429111
461 1711311
461 6422301
461 6512101
461 6322101
461 5712201
461 6512301
461 5612101
461 6722301
461 6722201
461 2722201
461 6312901
461 6312301
461 5611111
461 3522201
461 2722301
461 6622201
461 6622101
461 6612101
461 5712101
461 6712301
461 4522101
461 5612101
461 3722101
461 2612901
461 6622201
461 2712301
461 6722201
461 6721311
461 1622101
461 1722201
461 3722201
461 1622301
461 3522201
461 6522301
461 2512301
461 5712101
461 6711311
461 5612101
461 5612101
461 3523101
461 5611111
461 5512101
461 6711911
461 6512301
461 3622201
461 6712301
461 2512201
461 6622101
461 2522201
461 6721311
461 7622001
461 6612101
461 5612101
461 6722101
461 2522301
461 6412201
461 1611301
461 1522201
461 6522201
461 6512301
461 5512101
461 6612101
461 3622201
461 5712101
461 3622101
461 2711101
461 2711201
461 6529211
461 5519111
461 2722101
461 4322201
461 6621111
461 3622101
461 6721101
461 3422101
461 2722901
461 6322101
461 2512301
461 6711111
461 3422101
461 2722101
461 1712101
461 5712101
461 6722901
461 2722301
461 6612101
461 6721101
461 6622101
461 5712101
461 2712901
461 6722101
461 6711101
461 2711201
461 3421111
461 2712111
461 1712901
461 3722901
461 2722901
461 6721911
461 6712301
462 1712101
462 2712301
461 6722301
462 6512101
461 3622201
461 3622201
461 5612101
462 2712201
461 5612201
462 6612201
462 3622101
461 6711311
461 1722101
461 2722201
461 5712301
461 5712101
461 2622201
461 2521201
461 6612101
461 6612101
462 3622201
462 1722201
462 1422301
462 6622301
462 7522001
462 6711311
461 2711301
462 5612101
462 7722001
462 5612201
462 3622201
462 6312901
461 6721111
462 6622201
462 3622101
461 1512101
462 2622101
462 1622101
462 6612901
462 6312901
462 1712201
462 1712201
462 1712201
462 3721111
462 5712301
462 6212201
462 7722001
462 1412901
462 1512201
461 2712301
462 1722201
462 3721111
462 5712101
462 3721311
462 6711111
462 3721211
462 5611101
462 3721111
462 5612101
462 3622201
462 6721311
462 3722301
462 5711111
462 6722101
462 6612301
462 3722101
462 2612101
462 6612201
462 6611211
462 2711311
461 5712301
462 5512101
462 3622101
462 3422201
462 2722901
462 3622101
462 2612301
462 6722201
462 2722201
462 2722301
462 2712301
462 5612201
462 6522201
462 4522201
462 5712301
462 2612301
462 6422201
462 6612201
462 2711311
462 6711211
462 6322101
462 6612201
462 5712101
462 1712301
462 2722301
462 6722301
462 3421111
462 1712201
462 6722301
462 6422101
462 3422201
462 6612301
462 6622301
461 6622101
462 6622301
462 3722101
462 1722101
461 5712101
462 1512301
462 6722101
462 2622201
462 2712201
462 2612101
462 6712101
462 6522901
462 2722301
462 1712101
462 4322911
462 6512101
462 3322201
462 6622201
462 2521311
461 2711211
462 2622301
462 6521111
462 2612301
461 2711201
462 6622301
461 1712101
462 2722101
462 6722301
462 6711101
462 6612101
462 7722001
462 1722201
461 5712101
461 5712101
461 5711101
461 6712901
462 5612101
461 6622901
461 6312901
461 6412301
462 6622101
462 2612301
462 6622201
462 3622101
462 6622301
462 2722101
462 6621111
462 6422101
462 6712301
462 6622301
462 6621101
462 6712301
462 6722901
462 5612101
462 6522301
461 3722901
462 6721211
462 6612301
462 6711311
462 3622101
462 6422301
462 2722201
462 6322301
462 6622101
462 5512101
462 6721001
462 3622101
462 5713901
462 5712901
462 6622101
462 3622201
461 2722901
461 6711901
461 5612201
462 3622101
462 1722301
462 1712101
462 1722201
462 2712301
462 3621201
462 6622101
462 6712301
462 3522101
462 6712301
462 3722101
462 7722001
462 1612201
462 6721111
462 6721111
462 6312301
462 5612101
462 6422201
462 2612201
462 3722111
462 2722301
462 3722301
462 6322301
462 2711111
462 6729311
462 1612201
462 3622101
462 3622101
462 1722301
462 6612101
462 6622101
462 6712201
462 6721311
462 6712301
462 1721211
462 5712201
462 1712201
462 3622101
462 3722101
462 6712301
462 2612101
462 6412101
462 5712101
462 3722101
462 7622001
462 6712201
462 6722901
462 1612101
462 1612101
462 2512101
462 5612901
462 1722301
462 6712301
462 7722001
462 1711211
462 2722301
462 6722101
462 2721211
462 3622301
462 3722101
462 3321211
462 6711101
462 6712101
462 6522101
462 6722101
462 1622101
462 5712101
462 6722301
462 7722001
462 2622301
462 5712301
462 2622301
462 3422201
462 4622201
462 5612101
462 5712301
462 2512301
462 6622101
462 5712301
462 2522201
462 1712201
462 6212101
462 4422901
462 6712201
462 6712101
462 7722001
462 3522101
461 6521111
462 2722301
462 3521201
462 6722111
462 1722101
462 6522201
462 1712101
462 6621111
462 2722301
462 6722201
462 6512311
461 3522301
462 6722101
462 6712301
462 6622311
462 2722101
462 6512301
462 5612101
462 1422201
462 3722101
462 3722201
462 4422301
462 6712201
462 3522101
462 6722901
462 1512101
462 6712101
462 2522301
462 6722101
462 1711211
462 2722201
462 2712901
462 6722301
462 6612201
462 2722301
462 1712301
462 2512301
461 6422301
462 6712101
461 6312101
462 3722201
462 6712911
462 2612901
462 1721211
462 6611301
462 1712901
462 5612101
462 6712901
462 6422101
462 6522201
462 2711201
462 6712901
462 3522201
462 2511311
462 1612101
462 7622001
462 1622301
462 3523301
462 3722101
462 6711111
462 6711901
462 1711101
462 5711311
462 3522201
462 6722101
462 3422201
462 3722301
462 6512101
462 6722301
462 6612901
462 5712901
461 6512301
462 6712901
462 1721101
462 3722201
462 2722201
462 4521211
462 6722301
462 6721311
462 5612101
462 6413311
462 2612301
462 6622201
462 2612301
462 6722901
462 6722901
462 1712901
461 5512101
461 2612101
462 6522201
462 2722901
462 6522301
462 6722201
462 1612301
462 2712101
462 2722301
462 2612301
462 6711111
462 6722101
462 2722101
462 6612101
462 6722301
462 6721311
462 6522101
462 6722901
462 3621111
462 6722201
462 2722301
462 6722201
462 6712101
462 6512101
462 6512101
462 6711301
462 6721311
462 6722101
462 2712101
462 2712201
462 1612301
462 6721101
462 6711101
462 5711101
462 6722201
462 6721101
462 6622201
462 3721111
462 6722301
462 3522201
462 2622201
462 6421311
462 3522101
462 6511111
462 3422301
462 6721301
462 6621311
462 5612101
462 6511201
462 2722201
462 6722201
462 7722001
462 6722101
462 6622901
462 6722101
462 6712301
462 6612201
462 1512201
462 1712901
462 3722101
462 1712301
462 6721111
462 6611211
462 2512301
462 3322301
462 6612201
462 6722301
462 5612101
462 6722301
462 6321211
462 1722201
462 7722001
462 6712001
462 6711311
462 6721301
462 6622101
462 2712301
462 5612101
462 6722901
462 1612101
462 3622301
462 3622101
462 6722201
462 6712301
462 6622301
462 6522101
462 6622201
462 2722301
462 1712901
462 3722201
462 1722201
462 2722301
462 6712201
462 6711301
462 5711311
462 6712301
462 6721311
462 3622201
462 2712101
462 2622301
462 3322201
462 5612101
462 5712901
462 3522101
462 1611211
462 2712301
462 6312101
462 4622101
462 5712201
462 3421111
462 3622201
462 7622001
462 5712101
462 6722301
462 6721111
462 7622001
462 3622101
462 6712201
462 2712301
462 6712901
462 3422101
462 6612201
462 6512101
462 5712201
462 6712301
462 1622101
462 1722101
462 5711111
462 3722101
462 5612101
462 1522301
462 5711101
462 5719201
462 2712101
462 6722101
462 1722301
462 6712901
462 3722201
462 1712301
462 5712101
462 6712101
462 3722301
462 6722101
462 7622001
462 2612101
462 2722101
462 4422201
462 5711911
462 2422901
462 2612901
462 2722901
462 2712901
462 2711311
462 6621101
462 6622301
462 6729111
462 6722301
462 3622101
462 5512101
462 6712301
462 2712301
462 6722301
462 1712201
462 6722301
462 2712301
462 6712101
462 6712101
462 3722101
462 7722001
462 6621111
462 2612301
462 1622101
462 6622301
462 2722101
462 7722001
462 6511311
462 6722101
462 6622301
462 2712901
462 6722301
462 4421201
462 2722301
462 1712101
462 3622101
462 5712101
462 7522001
462 2722301
462 3722101
462 6522101
462 1411311
462 6621201
462 3422101
462 6512201
462 5612201
462 6512101
462 6512101
461 6321211
462 5712101
462 6712201
462 6722101
462 3722201
462 1722101
462 6712301
462 1612101
462 2722301
462 3621101
462 2712301
462 6522101
462 5612201
462 6711111
462 6522101
462 5712101
462 1722201
462 5712101
462 6512101
462 6612301
462 6622101
462 6711101
462 2722301
462 6722301
462 6622101
462 6712001
462 6722101
462 3722101
462 6722301
462 1722301
462 6612201
462 3422101
462 7622001
462 6622301
462 2712301
462 6722201
462 2712301
462 2612201
462 6712201
462 3622101
462 6721301
462 5711111
462 6611111
462 6712101
462 7522001
462 2622301
462 5611111
462 5711111
462 3622101
462 6722201
461 6712101
462 3622201
462 3622201
462 6622201
462 7522001
462 5712101
462 2512301
462 6622101
462 5612301
462 3721101
462 2712201
462 6621311
462 5712101
462 3722101
462 7622001
462 2622301
462 3721101
462 7622001
462 2622201
462 1622101
462 2712301
462 6622201
462 6721101
461 5512301
462 6611111
462 2622201
462 5712101
462 3522901
462 2712301
462 3422201
462 1712301
462 2712301
462 2712101
462 6712301
462 6622101
462 6622101
462 2512301
462 6611911
462 6612201
462 6721911
462 6712901
462 6712901
462 6712901
462 3621111
461 2512301
462 5712101
462 3722201
462 6511911
462 1622201
462 3722301
462 6621211
462 6622101
462 1722301
462 2612301
462 1712201
462 6622101
462 7622001
462 6721301
462 1712301
462 3522201
462 6622101
462 6712301
462 5712101
462 5712101
462 2711301
462 1722101
462 6712301
462 5712101
462 6712301
462 3622101
462 6511311
462 2712201
462 6712301
462 2622301
462 7722001
462 3422101
462 2722301
462 1522301
462 6512301
462 5612101
462 5512301
462 5611101
462 6712201
462 6422301
462 3522301
462 2711311
462 6712901
462 3622101
462 1712201
462 2512301
462 6711911
462 3622101
462 5612901
462 6621901
462 6722901
462 4322901
462 3522901
462 3722101
462 6622101
462 3521111
462 6612111
462 6722101
462 5612101
462 5712901
462 1522101
462 5612101
462 5712901
462 1622201
462 3622101
462 5711911
462 6622201
462 1622301
462 5712101
462 6411311
462 6512201
462 6612301
462 1622301
462 5612101
462 6511101
462 6622201
462 6612201
462 3722201
462 3722101
462 6212101
462 3622101
462 6722301
462 1711201
462 5712101
462 3423101
462 3722101
462 6712301
462 3722201
462 6712301
462 3722101
462 7422001
462 6522301
462 2722201
462 3521201
462 5612101
462 6522301
462 6711311
462 6612201
462 2412301
462 6512101
462 5712201
462 2712301
462 2712301
462 2722301
462 5712101
462 5611211
462 2612301
462 6721111
462 3722101
462 6622101
462 5612201
462 1622901
462 1712201
462 3622201
462 2622901
462 5711911
462 6612101
462 6712201
462 6721901
462 6711111
462 5612101
462 6722301
462 2712301
462 6712101
462 6712301
462 6512201
462 2512101
462 5612101
462 6712901
462 3622201
462 1712101
462 3622101
462 5612101
462 6622301
462 5612101
462 5612101
462 6412301
462 2722301
462 2722301
461 5719301
462 6622101
462 6622301
462 6722301
462 6722301
462 1722101
462 6621111
462 3721111
462 1721311
462 6622301
462 6721301
462 6712201
462 2712301
462 2622301
462 6411111
462 6622301
462 6722301
462 3729111
462 6622201
462 6612101
462 5612101
462 6512201
462 1712301
462 2511311
462 5612101
462 6622101
462 6522301
462 6522201
462 2722301
462 3722201
462 6721911
462 5712101
462 6711111
462 6521201
462 2612101
462 1611911
462 6721111
462 6712301
461 5712101
462 2722901
461 5712101
462 6712901
462 2611901
462 1612901
462 5619111
462 6722301
462 1722901
462 2622901
462 2722301
462 6722901
462 5712901
462 5712901
461 5712901