 51 6521111
 51 4723101
 51 1621301
 51 1711301
 51 6511201
 51 1721311
 51 6521301
 51 6621301
 51 6611301
 51 3521201
 51 6311101
 51 6421301
 51 6711001
 51 6711201
 51 5711101
 51 6711311
 51 6421101
 51 6713201
 51 6311101
 51 6621311
 51 5511111
 51 5611201
 51 3421201
 51 3721111
 51 6511101
 51 3521101
 51 6521211
 51 3421101
 51 2511301
 51 3721111
 51 6621101
 51 2711101
 51 6711301
 51 6521101
 51 2611201
 51 6411201
 51 6311201
 51 5611101
 51 6611901
 51 6411201
 51 2621201
 51 6611101
 51 6521111
 51 2513301
 51 6611101
 51 6711911
 51 6421101
 51 1511211
 51 6411101
 51 2511311
 51 3523101
 51 3521101
 51 7621001
 51 3629111
 51 5711101
 51 6713101
 51 1721201
 51 1711101
 51 3521301
 51 1612301
 51 6721101
 51 6511901
 51 6711901
 51 6619911
 51 6511101
 51 6711901
 51 2621301
 51 3521101
 51 6611301
 51 3323101
 51 6721301
 51 3421101
 51 3621911
 51 1522101
 51 6421201
 51 6111301
 51 6521101
 51 2611301
 51 1711301
 51 3621101
 51 6721101
 51 1721201
 51 6521911
 51 3521201
 51 6411301
 51 6521301
 51 6711311
 51 5511201
 51 6321101
 51 5611201
 51 6222301
 51 5611101
 51 6721201
 51 3521101
 51 7621001
 51 2621301
 51 3621111
 51 2721101
 51 1623201
 51 6621101
 51 2711201
 51 1721101
 51 2611111
 51 1611201
 51 6521201
 51 5713101
 51 6511101
 51 6521211
 51 2511101
 51 6521911
 51 2621301
 51 7521001
 51 5611101
 51 6723301
 51 6421101
 51 5511101
 51 6621301
 51 2711201
 51 5611201
 51 1621101
 51 2721301
 51 4321101
 51 5712101
 51 6411101
 51 6311101
 51 6313301
 51 6421101
 51 6321311
 51 6611211
 51 6711101
 51 3423201
 51 6711201
 51 6611111
 51 2711301
 51 6521201
 51 3521101
 51 6711101
 51 6511101
 51 6523111
 51 6621901
 51 5511101
 51 7421001
 51 3721101
 51 6721211
 51 1629211
 51 2723901
 51 6711301
 51 6711201
 51 6421101
 51 6621101
 51 6711201
 51 5611101
 51 6711111
 51 6521301
 51 6621211
 51 6311101
 51 3621101
 51 6721201
 51 6611301
 51 6421101
 51 6421101
 51 3421101
 51 5411101
 51 6721101
 51 7621001
 51 1521111
 51 5611101
 51 3721201
 51 6621111
 51 6511101
 51 1711101
 51 2721301
 51 2511301
 51 6421101
 51 6721101
 51 2721201
 51 5619101
 51 6611101
 51 5611101
 51 7421001
 51 3721101
 51 6421101
 51 3521101
 51 7621001
 51 5711111
 51 6721901
 51 1711301
 51 6721301
 51 2711101
 51 2721201
 51 6611111
 51 6521311
 51 6711101
 51 5512104
 51 5712104
 51 5711101
 51 6411101
 51 6711211
 51 5711101
 51 3521201
 51 6521301
 51 2711201
 51 6321101
 51 3721101
 51 6621201
 51 5511111
 51 6711301
 51 5711111
 51 3621101
 51 1711101
 51 6511101
 51 6721101
 51 6411101
 51 7621001
 51 3421101
 51 7521001
 51 7421001
 51 3421101
 51 3421201
 51 6121201
 51 6611201
 51 3521201
 51 6412101
 51 2622301
 51 5711101
 51 6721211
 51 6721911
 51 1721901
 51 5712101
 51 6721901
 51 6711301
 51 6713301
 51 1711101
 51 6711101
 51 3521201
 51 6511101
 51 3521101
 51 6411201
 51 6511301
 51 5711101
 51 3321101
 51 7421001
 51 1721301
 51 2511301
 51 5611101
 51 3621101
 51 6611201
 51 6621301
 51 6711101
 51 2621201
 51 6511301
 51 6621101
 51 7521001
 51 6321101
 51 3421101
 51 5611101
 51 3521201
 51 3621101
 51 2721301
 51 1611201
 51 6411201
 51 3521101
 51 3621201
 51 3421101
 51 6411101
 51 3721111
 51 6711301
 51 6511301
 51 2711301
 51 6721301
 51 1711101
 51 1411301
 51 1621301
 51 3721901
 51 3721101
 51 1411301
 51 5611101
 51 6611101
 51 5711201
 51 7421001
 51 3621201
 51 6721101
 51 6721301
 51 6611301
 51 1511301
 51 6311101
 51 6721111
 51 6521111
 51 5611111
 51 2711211
 51 6721101
 51 3321201
 51 6721101
 51 6721211
 51 6311301
 51 6511101
 51 6621101
 51 5611101
 51 6521311
 51 6311101
 51 6521111
 51 3721101
 51 3523211
 51 6321101
 51 6421101
 51 6621201
 51 5611101
 51 1621301
 51 6711301
 51 7521001
 51 6611201
 51 5611101
 51 3621101
 51 7621001
 51 5611111
 51 1721201
 51 5712111
 51 6711301
 51 5411101
 51 6421211
 51 6621301
 51 6511301
 51 6411101
 51 3421101
 51 5711101
 51 6721301
 51 1711901
 51 2721101
 51 7521001
 51 6721201
 51 6611901
 51 2621101
 51 6321111
 51 2711901
 51 7522001
 51 3422204
 51 3521101
 51 3521201
 51 6321101
 51 3523301
 51 6521201
 51 5611101
 51 5611101
 51 7521011
 51 6521211
 51 6521111
 51 1711911
 51 2511301
 51 6611301
 51 6611101
 51 6511901
 51 2711901
 51 2721301
 51 6721201
 51 2711101
 51 6721101
 51 2711301
 51 6621201
 51 3721201
 51 2712201
 51 6711111
 51 3721101
 51 3721201
 51 2721201
 51 5711111
 51 2721301
 51 3521201
 51 2721201
 51 3321101
 51 1721101
 51 1611101
 51 6311301
 51 6411101
 51 5711911
 51 6421311
 51 5712201
 51 6513301
 51 6111301
 51 3521201
 51 6521101
 51 2721301
 51 6611301
 51 7521011
 51 7521001
 51 3421101
 51 2621201
 51 3721101
 51 6421101
 51 6721101
 51 6411301
 51 2711301
 51 2721301
 51 6421201
 51 6711201
 51 6711101
 51 3521101
 51 5611101
 51 2713301
 51 1421101
 51 6711101
 51 6721101
 51 2522101
 51 6721101
 51 6711301
 51 3721111
 51 2721301
 51 2711301
 51 6321101
 51 6623301
 51 6711301
 51 5712201
 51 1711311
 51 6621101
 51 6521011
 51 5611101
 51 6711201
 51 1621201
 51 2711301
 51 3721101
 51 6711201
 51 6711111
 51 5611101
 51 1711101
 51 6621311
 51 6711301
 51 6621101
 51 6711301
 51 6712001
 51 7521001
 51 5711901
 51 2621201
 51 6411301
 51 6511201
 51 6621301
 51 1721301
 51 6611201
 51 5611101
 51 6522201
 51 6721111
 51 3721101
 51 6513301
 51 2711301
 51 5612101
 51 6711101
 51 3721101
 51 6523101
 51 7421001
 51 1521101
 51 6711111
 51 5611101
 51 4521201
 51 3721101
 51 6721001
 51 5611211
 51 6711301
 51 6721101
 51 6311101
 51 2511101
 51 6421211
 51 6711001
 51 1721101
 51 6721301
 51 6622201
 51 6311301
 51 6421301
 51 6311101
 51 6629101
 51 6629101
 51 6321101
 51 6521101
 51 5711101
 51 2711301
 51 6721201
 51 6511201
 51 6721201
 51 6321201
 51 6722101
 51 3722201
 51 2421304
 51 6621101
 51 6521111
 51 6711201
 51 2721201
 51 6511101
 51 6411101
 51 3721101
 51 3521101
 51 1521201
 51 5611101
 51 6721301
 51 3521201
 51 1711301
 51 6411111
 51 5711111
 51 6721901
 51 5711101
 51 6411201
 51 6721101
 51 3621101
 51 3521201
 51 1711211
 51 5611101
 51 6711201
 51 2721101
 51 2711201
 51 6311101
 51 7621001
 51 6711901
 51 2619301
 51 3721101
 51 6711301
 51 6511101
 51 3621101
 51 3421201
 51 6321201
 51 3721211
 51 6611101
 51 7621001
 51 1711101
 51 6711901
 51 2711301
 51 5711101
 51 6721901
 51 1711901
 51 6511901
 51 6519901
 51 6711101
 51 1511111
 52 2721101
 52 6421311
 51 6511301
 51 5711101
 52 3321101
 51 6121101
 52 2711201
 52 3521101
 52 7723001
 52 5711111
 51 3721101
 52 3721101
 52 2721101
 52 7721001
 52 3721201
 52 6321101
 52 6721301
 52 2611301
 52 3621101
 52 5711101
 52 6611101
 52 6711101
 52 6711101
 52 2711901
 52 6713101
 52 5611101
 52 3529201
 52 1421201
 51 3621101
 52 6711101
 52 3521101
 52 3421101
 52 6723301
 52 2611201
 52 6721101
 52 5611101
 52 5611101
 52 6721301
 52 6621104
 51 5712101
 51 6411101
 52 1711101
 52 6621301
 52 6712101
 52 6321101
 52 6421101
 52 7721001
 52 6521111
 52 1711101
 52 5612101
 52 6621301
 52 6721101
 52 6321101
 52 1421201
 52 6321101
 52 6511101
 52 4523201
 52 6721301
 52 5611101
 52 2711301
 52 2512201
 52 2711301
 52 6411101
 52 6723911
 51 5711111
 52 6711301
 52 6321101
 52 3521101
 52 3521201
 52 3521101
 52 3721101
 52 2721301
 52 6529111
 52 5512104
 52 6211301
 52 3521201
 52 6711101
 52 6521101
 52 6411101
 52 7521001
 52 3521201
 52 6321101
 52 3321201
 52 7722001
 52 6611101
 52 6621111
 52 2721101
 52 6712301
 52 4621201
 52 7723001
 52 5711111
 52 3721201
 52 6421101
 52 3421201
 52 6711111
 52 2711301
 52 6121301
 52 3521201
 52 6611301
 52 6329101
 52 2721301
 52 6621301
 52 3421201
 52 3721101
 52 2721304
 52 6611101
 52 2721301
 52 3621111
 52 1711201
 52 2721201
 52 6711301
 52 6711301
 51 6522201
 52 5711111
 52 1721201
 52 2721201
 52 6713201
 52 2721101
 52 6323201
 52 1511101
 52 2412101
 52 1411101
 51 6711901
 52 5511101
 51 6329101
 52 7621001
 52 5611111
 52 3721101
 52 3721101
 52 3621201
 51 6711901
 52 3621201
 52 5511201
 52 6711301
 51 2621911
 51 2721901
 52 6421101
 52 1511101
 52 6721111
 52 5711311
 51 1713901
 52 6629211
 52 2611301
 52 6611101
 51 3621311
 52 3621201
 52 3421201
 52 6511301
 52 3421101
 52 6621301
 52 3521201
 52 3521101
 52 3621101
 52 6611101
 52 6613201
 52 6421101
 52 6421101
 52 3721101
 52 3421201
 52 6311101
 52 3721101
 51 6711301
 52 7721001
 52 7421001
 52 3521101
 52 1621101
 52 2611901
 52 7623001
 52 3421104
 52 6721901
 52 6411101
 51 6411301
 52 1621201
 52 3721111
 52 6521101
 52 6329101
 52 6411101
 52 6411101
 52 1713101
 52 2711301
 52 6711101
 52 6321101
 52 6511101
 52 3421201
 52 6511201
 52 6721101
 52 6413311
 52 6721901
 52 6411301
 52 6711301
 52 6721301
 51 6611301
 52 3723201
 52 6711001
 51 5511101
 52 3421201
 52 6523301
 52 6613201
 52 6421101
 52 6721301
 52 2421201
 52 3521201
 52 6723101
 52 5711111
 52 3721311
 52 6611111
 52 4421101
 52 1621101
 52 6711201
 52 5611101
 51 6711201
 52 1411101
 52 6521201
 52 2523901
 52 6511101
 52 6721101
 52 5711101
 52 5611101
 52 3621101
 52 6611101
 52 6711101
 52 6711901
 52 2711201
 52 6711101
 52 2721101
 52 6721901
 52 4321101
 52 3723101
 52 3421101
 52 2521301
 52 6721901
 52 2721901
 52 6611901
 52 6721901
 52 1621101
 52 6711001
 52 6721901
 51 5712101
 52 3721201
 52 3521101
 52 3421101
 52 6411101
 52 6421101
 52 6321901
 52 1721211
 52 6721901
 52 3721101
 52 1711201
 52 2721201
 52 6721001
 52 7523001
 52 6621111
 52 6511301
 52 3721101
 52 6521111
 52 2721201
 52 6521101
 52 6311201
 52 3421101
 52 3621101
 52 2711101
 52 2421101
 52 6612201
 52 6711901
 52 6721901
 52 6311201
 52 2721201
 52 6411101
 52 6421101
 52 7421001
 52 3721111
 52 3721101
 52 5511201
 52 5711101
 52 5611101
 52 6511201
 52 3721101
 52 3721901
 52 6521311
 52 7722001
 52 6511101
 52 6711311
 52 6521301
 52 3421101
 52 6321101
 52 6711301
 52 6611301
 52 6321201
 52 3722104
 52 6611101
 52 6721101
 52 7521001
 52 6711901
 52 6711001
 52 5711101
 52 6411301
 52 5611101
 52 3729311
 52 6511101
 52 2721301
 52 7523001
 52 2621301
 52 6311201
 52 7521001
 52 7521011
 52 1721201
 52 2711101
 52 5711201
 52 6311101
 52 6723301
 52 6621101
 52 2711101
 52 6721911
 52 1611201
 52 6411201
 52 6721301
 52 3521101
 52 1611101
 52 6711301
 52 1721301
 52 7521001
 52 6511201
 52 6611111
 52 6521101
 52 6611301
 52 6222101
 52 6711901
 52 6411301
 52 6611111
 52 1611101
 52 6721901
 52 5611111
 52 6721101
 52 6311101
 52 3623201
 52 6721201
 52 6311101
 52 6511201
 52 6721201
 52 5711101
 52 6321111
 52 2521301
 52 6211201
 52 3521201
 52 7521001
 52 6611101
 52 6721201
 52 3421201
 52 7521001
 52 2711911
 52 2711901
 52 6419211
 52 6411101
 52 3521101
 52 6711301
 52 3723101
 52 6711011
 52 3421201
 52 3321111
 52 6521201
 52 6611901
 52 6721901
 52 6723901
 52 6711101
 52 3421201
 52 2611301
 52 1321301
 52 2721101
 52 6511201
 52 6311101
 52 2713901
 52 6712901
 52 7721001
 52 6711101
 52 3421101
 52 7521001
 52 3521201
 52 6721111
 52 6721301
 52 2411301
 52 1711301
 52 2611301
 52 2711301
 52 3621101
 52 7421001
 52 1721901
 52 6721911
 52 6711911
 52 6711201
 52 6721201
 52 6629201
 52 6421111
 52 6611901
 52 6421201
 52 2611301
 52 7521001
 52 3521201
 52 3521101
 52 6721101
 52 6521101
 52 7721011
 52 6311101
 52 3321201
 52 6311101
 52 6621911
 52 6721301
 52 6611301
 52 3721101
 52 6411101
 52 3521201
 52 7421001
 52 3421201
 52 6611101
 52 3721201
 52 1611301
 52 1711101
 52 3721101
 52 6721101
 52 6421201
 52 5711101
 52 6711301
 52 6722101
 52 6621101
 52 6711301
 52 2721901
 52 7621011
 52 3721111
 52 3621211
 52 6711101
 52 2721301
 52 2611301
 52 3521101
 52 6521201
 52 2721201
 52 7621001
 52 6721201
 52 2711101
 52 2711301
 52 6311101
 52 2523301
 52 6421211
 52 3521101
 52 6721901
 52 2611201
 52 5611101
 52 3521101
 52 2711101
 52 5711101
 52 3721101
 52 2611211
 52 3623101
 52 6611101
 52 6611201
 52 3421101
 52 7721011
 52 3721101
 52 2611101
 52 6211311
 52 3521201
 52 6311211
 52 6711911
 52 3721101
 51 5611201
 52 1723101
 52 6711101
 52 6711101
 52 3521101
 52 7721001
 52 5711101
 52 6721901
 52 7521001
 52 5711101
 52 3721301
 52 3721911
 52 1711201
 52 6611201
 52 3321101
 52 2723901
 52 2711201
 52 6721301
 52 3421101
 52 3521201
 52 6611201
 52 3521201
 52 6521101
 52 6721301
 52 6711301
 52 6321101
 52 6611301
 52 3521101
 52 6711111
 52 3721201
 52 6611101
 52 7721001
 52 3721201
 52 6711311
 52 6711301
 52 6711301
 52 3721211
 52 6721201
 52 2612301
 52 6611201
 52 7521001
 52 3621101
 52 2713301
 52 3621101
 52 6721301
 52 2611301
 52 6611001
 52 6611101
 52 6711201
 52 5411101
 51 6421101
 52 3421101
 52 6511301
 52 6311101
 52 6711011
 52 6411101
 52 7621001
 52 3523201
 52 6311101
 52 6221301
 52 1411101
 52 6611301
 52 6421101
 52 6711301
 52 6521301
 52 5611101
 52 6621101
 52 6321201
 52 6621101
 52 1721301
 52 6711201
 52 5711101
 52 3521101
 52 5711201
 52 7421001
 52 3721111
 52 7521001
 52 6422101
 52 2721201
 52 6611001
 52 6711101
 52 6611111
 52 3721101
 52 3721901
 52 4521901
 52 3521101
 52 6711301
 52 6521101
 52 7523001
 52 2421301
 52 6621201
 52 6711301
 52 2721301
 52 5711101
 52 6711301
 52 6711101
 52 6321101
 52 6613101
 52 6712201
 52 6521101
 52 2521301
 52 3521301
 52 7521011
 52 6611201
 52 3621101
 52 5611101
 52 6711101
 52 7721001
 52 2721201
 52 3721311
 52 3521111
 52 3721211
 52 1611201
 52 3521101
 52 6721201
 52 1521101
 52 6621201
 52 6111301
 52 3521101
 52 7521001
 52 6721101
 52 7621001
 52 6721301
 52 5711101
 52 5511101
 52 2521301
 52 6723101
 52 5711111
 52 6713201
 52 6611101
 52 6711311
 52 5711901
 52 6421101
 52 4721201
 52 1711901
 52 6721301
 52 6713301