531 7522001
531 4622101
531 6212301
531 6722101
531 6722301
531 6712201
531 6622201
531 3622301
531 6612101
531 3522101
531 1512101
531 6422201
531 6712201
531 6712301
531 6722301
531 6512101
531 6512201
531 6722301
531 3522101
531 3522101
531 5512901
531 2522301
531 3622101
531 2712301
531 3322201
531 6712101
531 2512301
531 6612101
531 6612301
531 1512201
531 2722101
531 6722301
531 1712101
531 5712201
531 5612101
531 2722901
531 5712101
531 3722201
531 3522101
531 1722201
531 6622301
531 5712101
531 6612301
531 6722301
531 6722301
531 1522201
531 6622101
531 6312101
531 6322301
531 1722101
531 1712201
531 3722101
531 6622201
531 6712101
531 6422901
531 2722201
531 2712201
531 2612301
531 3522101
531 1622201
531 5512201
531 1712201
531 5712101
531 6712301
531 1722101
531 1622301
531 6612101
531 7722001
531 1612901
531 2612101
531 3722101
531 6522101
531 2722201
531 6711901
531 3522201
531 6712101
531 6322301
531 6722901
531 6322101
531 6522101
531 6512101
531 6412301
531 3722101
531 5712201
531 6722201
531 6322101
531 2622301
531 2622901
531 5612101
531 6522101
531 6722101
531 1722101
531 4721201
531 6622301
531 5512101
531 2522301
531 6722301
531 5719201
531 1612201
531 6712301
531 1712101
531 1712301
531 2622201
531 6712101
531 2712201
531 7722001
531 2712301
531 5712101
531 6722101
531 3722101
531 6622101
531 7722001
531 6712101
531 1512201
531 6622301
531 6722101
531 6112101
531 3722101
531 6712901
531 2712201
531 3522101
531 5612101
531 3422201
531 7722001
531 6522101
531 3722101
531 1522201
531 5619101
531 3522101
531 3722201
531 6412101
531 2622101
531 6512301
531 1712101
531 6312901
531 6522301
531 6512101
531 2512301
531 2722101
531 1522101
531 3622101
531 6612301
531 5712101
531 3622201
531 1522301
531 6722301
531 5612101
531 1712201
531 2722301
531 6712901
531 5612101
531 6712301
531 2612201
531 6622301
531 6622301
531 6711311
531 6722901
531 6622901
531 6722301
531 2722201
531 6522101
531 6722301
531 5512101
531 5612201
531 5712101
531 5612101
531 5612101
531 5512101
531 2712301
531 2712201
531 6612301
531 6622901
531 3522201
531 2722201
531 2712201
531 3622201
531 5612101
531 7622001
531 3322301
531 5612101
531 5712101
531 3622101
531 6622901
531 4622101
531 2522201
531 5612101
531 6712201
531 1412101
531 1322201
531 5712101
531 2712101
531 1722101
531 3722201
531 1712201
531 6311311
531 5612101
531 6712301
531 5712101
531 6712201
531 1422301
531 6612201
531 5612101
531 6721301
531 6312101
531 3522101
531 1712101
531 5612201
531 5612101
531 5712101
531 3522201
531 5612101
531 7622001
531 1622301
531 1622301
531 6522101
531 3522201
531 6712201
531 2712201
531 5712101
531 4522101
531 5712101
531 6712201
531 5712101
531 1322901
531 6712101
531 6712301
531 5712201
531 1712301
531 6612101
531 2512301
531 6712101
531 3622301
531 4422101
531 7622001
531 3422101
531 6512201
531 6712101
531 2712301
531 5712101
531 6622301
531 5612101
531 6722101
531 1612901
531 6612101
531 6712001
531 7622001
531 6612101
531 6722201
531 2712901
531 3622201
531 2612201
531 5712201
531 6522101
531 1712201
531 6522201
531 5412101
531 1512201
531 7722001
531 6422301
531 3522101
531 3721101
531 7722001
531 2712301
531 4622201
531 1512101
531 2712101
531 2612201
531 3722101
531 6722101
531 3722101
531 2522301
531 2713301
531 6612301
531 3622201
531 1422101
531 5712201
531 4622101
531 2722201
531 3522101
531 6612001
531 6622101
531 6622301
531 6622301
531 6312301
531 2712301
531 5612101
531 2711301
531 1712901
531 4521101
531 6322901
531 6612101
531 2612301
531 6722101
531 2622301
531 5512101
531 2722301
531 6722301
531 6422201
531 5712101
531 1612901
531 6712101
531 1722201
531 5712101
531 6712301
531 6622901
531 3622101
531 2722101
531 2712201
531 6612901
531 5712101
531 1522301
531 3722101
531 1712301
531 6712301
531 6712001
531 2612301
531 6612201
531 6512201
531 5512101
531 5612301
531 6712301
531 3722101
531 6712001
531 3622201
531 6712101
531 6612301
531 5712101
531 6412901
531 2512301
531 2422301
531 6622201
531 3722101
531 4422201
531 5712101
531 2622301
531 5612101
531 6321101
531 5612101
531 6312301
531 3722201
531 3622101
531 3722101
531 6622901
531 5712101
531 2522301
531 1612101
531 5712901
531 5711901
531 5712901
531 5612901
531 7522001
531 2722201
531 2622201
531 6712201
531 1712901
531 3422201
531 6522201
531 6722901
531 6522201
531 5712101
531 5612101
531 5712101
531 6712301
531 6612201
531 2612301
531 5712101
531 5612201
531 5712101
531 5712901
531 5712101
531 6612101
531 6612201
531 2612101
531 6712101
531 2712201
531 6712101
531 3621101
531 4722101
531 5712101
531 6612301
531 6722201
531 3722101
531 6712901
531 3722101
531 2612201
531 5712101
531 6422101
531 6712201
531 6712101
531 6422101
531 3522101
531 5719101
531 5719101
531 2722301
531 5712101
531 5712101
531 5712101
531 5712101
531 2712901
531 3622101
531 1612101
531 5712101
531 5612101
531 6722201
531 5612101
531 2722301
531 6422101
531 6612301
531 3522101
531 2712301
531 6712001
531 6722301
531 3622201
531 5712101
531 6712101
531 3622101
531 6722201
531 3722101
531 6622301
531 2722101
531 5712101
531 2712301
531 3722101
531 6722301
531 1722101
531 5712101
531 7622001
531 7622001
531 1622201
531 6722901
531 6612101
531 6722101
531 5612101
531 2722301
531 6622101
531 5712101
531 6722101
531 2722301
531 1712201
531 2712101
531 3522201
531 5512201
531 1522301
531 3522901
531 3622201
531 6722101
531 5612101
531 3622201
531 1712201
531 6722901
531 6722101
531 2722301
531 6712201
531 7722001
531 6712301
531 6612101
531 6612901
531 5712101
531 6612201
531 5612101
531 5612101
531 2712301
531 5712101
531 5712901
531 6522101
531 5612101
531 1522201
531 3522201
531 6722301
531 5712101
531 6522201
531 4422101
531 6522101
531 3722201
531 6722101
531 2711301
531 1722201
531 3622301
531 6712301
531 6722201
531 3622201
531 5612101
531 3522201
531 5612101
531 3622101
531 3322201
531 1722101
531 3722201
531 4322201
531 3722101
531 1722101
531 3722101
531 2712101
531 5612101
531 6712301
531 3722101
531 2722301
531 1412301
531 6712301
531 4322201
531 1712101
531 1712101
531 6622301
531 2722301
531 2712901
531 6512301
531 5612101
531 5612201
531 6622201
531 6622301
531 6512201
531 5612201
531 1512201
531 7522001
531 6612301
531 5712101
531 1422901
531 6622101
531 6512301
531 5612101
531 6712301
531 6622201
531 5712101
531 5612101
531 3522301
531 7622001
531 2512301
531 3622201
531 6622101
531 6722901
531 7622001
531 6712301
531 2612301
531 1612201
531 2722301
531 6712301
531 6722101
531 6712301
531 5512101
531 3722301
531 6712001
531 5619101
531 6422301
531 6522901
531 6412201
531 2512101
531 6722201
531 6722001
531 6712101
531 5712101
531 6722101
531 2712201
531 5619101
531 3522101
531 6722301
531 5712101
531 5612101
531 6722101
531 2712301
531 7622001
531 2722301
531 6712301
531 6712201
531 6612201
531 6722901
531 2722201
531 6522101
531 1712101
531 3722101
531 5712101
531 5712201
531 3422201
531 1719101
531 1722101
531 6612201
531 6712901
531 5712901
531 5712901
531 2722301
531 6722901
531 6722301
531 6722301
531 6722301
531 5512101
531 6712101
531 2711301
531 7522001
531 6712301
531 2512301
531 2712201
531 5712301
531 1622101
531 2712201
531 6712301
531 5512201
531 1722201
531 6611301
531 3622201
531 2712301
531 6722101
531 3722101
531 6621101
531 5512101
531 5612201
531 6522901
531 6722101
531 5612101
531 6722201
531 2712301
531 3622101
531 2712201
531 3722101
531 6612101
531 5612201
531 1722201
531 3722101
531 5612301
531 1512201
531 2722101
531 6512201
531 6712201
531 3722101
531 5712101
531 6522301
531 6622901
531 6412301
531 6622101
531 6612301
531 3722101
531 1712301
531 5711111
531 5712201
531 6622301
531 6522201
531 3522101
531 5712101
531 6722101
531 6522301
531 1722301
531 5712101
531 1522301
531 1712101
531 3522201
531 1729101
531 2612301
531 2622301
531 5712101
531 1722201
531 6722101
531 3622101
531 6722301
531 6722301
531 5712101
531 5711911
531 5712101
531 3622101
531 1522201
531 1522201
531 3722101
531 2522301
531 2612301
531 4421111
531 6722101
531 6711211
531 1512201
531 6622101
531 2722101
531 6722301
531 6522301
531 3622301
531 6422301
531 3522101
531 6722301
531 6722101
531 2721101
531 5712901
531 5612101
531 1722101
531 5612101
531 5512101
531 6522101
531 1712301
531 1512901
531 5612101
531 3622101
531 6322101
531 3622201
531 1722101
531 1612301
531 2712301
531 5612101
531 5512101
531 7722001
531 3722101
531 5512101
531 6711201
531 1522101
531 6712201
531 1512301
531 6512301
531 5712101
531 6722201
531 6612201
531 2712901
531 6722901
531 6722901
531 2722901
531 6712201
531 1612101
531 2512301
531 5612101
531 6622301
531 3622301
531 6722101
531 2622301
531 5712101
531 5612101
531 6612301
531 5612201
531 2712101
531 6712901
531 6422101
531 5712101
531 3722201
531 6722301
531 5612101
531 2722201
531 6712201
531 6712101
531 6722901
531 2722201
531 5612101
531 4522101
531 3522101
531 6612101
531 1722101
531 2512101
531 5712201
531 1512101
531 5712101
531 6622301
531 3522201
531 1722201
531 5612101
531 5612101
531 3722101
531 6722101
531 2712301
531 5712901
531 5712101
531 6722101
531 3622101
531 6712101
531 3622101
531 2612301
531 2522201
531 6712901
531 6512301
531 2612201
531 5712101
531 6512301
531 2712301
531 2722311
531 1712301
531 3522101
531 5612101
531 6712901
531 6312301
531 6612101
531 2612301
531 6622301
531 5711111
531 5712101
531 5712101
531 2622301
531 6722101
531 6722101
531 1612301
531 1722101
531 6722201
531 5712101
531 6712101
531 6622201
531 5612101
531 5712101
531 2712301
531 6712001
531 3522101
531 5612101
531 5612101
531 5611101
531 2522301
531 3722301
531 5712101
531 5712101
531 3522101
531 6622101
531 6612201
531 6512201
531 3522201
531 6611911
531 2722101
531 2712301
531 6512101
531 5612901
531 1612201
531 5612101
531 5712101
531 6712901
531 2612101
531 5612101
531 1712301
531 2722101
531 3529101
531 6512101
531 3622101
531 6622101
531 6612901
531 5612101
531 6722201
531 6312101
531 1722201
531 2612301
531 3722101
531 2712201
531 2622101
531 2722201
531 5619101
531 3522101
531 6329101
531 7521011
531 5712101
531 7622001
531 1412201
531 6322901
531 3722201
531 6722301
531 5712101
531 1712101
531 6722901
531 3722901
531 2722901
531 5712901
531 6722901
531 3722201
531 1722301
531 3622201
531 1722301
531 2612301
531 1722201
531 5712301
531 2712201
531 7722001
531 1722301
531 6712101
531 1612901
531 1712301
531 6722201
531 2712901
531 6612201
531 1712201
531 2611301
531 6721001
531 6712101
531 6612301
531 7722001
532 6722101
532 7522001
531 2622301
532 3622201
532 6622201
532 6119301
531 6722101
532 5712101
532 3522201
532 6219301
531 5712101
532 2712301
531 7522001
531 3422201
532 2722301
531 6712301
531 1622101
531 3722101
532 3622101
532 2712301
532 5712101
532 6522101
532 2722301
532 5512301
531 6212101
531 1412201
532 1412901
531 6611201
531 2612301
532 2611201
532 6712901
531 6712301
531 6722101
531 5612101
531 5712101
531 5612101
532 5612301
532 3722101
532 3722101
532 2712201
532 5712101
531 3722201
532 3522201
532 6522901
532 4722201
532 6622301
531 2612301
532 3722201
532 6522201
532 2412301
532 6711111
532 7422001
532 5712101
532 6512101
532 6712301
532 6612301
532 6522101
532 6622101
532 2722101
532 1622101
532 1722201
532 2612101
532 3622101
532 6312201
531 2622201
532 2612301
532 7722001
531 1522301
531 5612101
531 1612201
531 6722001
531 1722201
532 1622101
532 6712201
532 2512301
532 6522301
532 7622001
532 6712201
532 5712101
532 6612201
532 6512301
532 6622101
532 6522301
532 3722201
532 2622301
531 5712201
532 3722101
532 6712901
532 2722301
532 2722301
532 3422101
532 6412201
532 1512101
532 6622201
532 6522101
532 6712301
532 3522101
532 6622101
532 1722101
532 2712301
532 5712101
532 3622101
532 5612201
532 6422201
532 6622301
532 5612101
532 2612301
532 6622101
532 5612201
532 6712201
532 5712101
532 6722901
532 7429001
532 6721301
532 7722001
532 2722201
532 1512201
532 2712301
532 3522201
532 5712101
532 6712101
532 1722201
532 1712201
532 1712201
532 4622301
532 3622101
532 1622201
532 3722201
532 7722001
532 3622201
532 6722201
532 5512102
532 7722001
531 2622301
532 5712101
532 6612201
532 3722301
532 2722301
532 6712201
532 6422201
532 6322301
532 1612201
532 2722301
532 2712201
532 2712301
532 6112301
531 6712301
532 5712101
532 7722001
531 1722901
532 6711201
532 5712101
532 6711301
532 6722201
532 5712101
532 2712901
532 6512201
532 6622301
532 5712101
532 6712301
532 5712101
531 6612901
532 5712101
532 6522201
531 2612201
532 5612101
532 6722201
532 5712101
532 3622101
532 6722301
532 2712301
532 5512101
532 2712301
532 5612101
532 3522201
532 5512101
532 6622101
532 5612101
532 2712301
532 6722101
532 6722301
532 5712101
531 2722901
532 5712101
532 5512201
532 1512201
532 3622101
531 5712101
531 5619101
531 5712201
532 3722301
532 6722101
532 6722101
532 3722201
531 6722901
531 6612901
532 7722001
532 3322201
532 6722901
532 3522201
532 6712301
532 5612101
532 5712101
532 6712301
532 6622201
532 1612201
532 5712101
532 6622201
532 2712301
532 5612101
532 6722101
532 5712101
531 6712901
531 1722901
531 6722901
531 2721901
531 3722901
531 2612901
532 6522101
532 6722201
532 1722101
532 6722301
532 5512101
532 6512101
532 6622101
532 2612301
532 2712101
532 6622101
532 2612101
532 6722301
532 6512101
532 6622301
532 3322101
532 6521111
532 5712101
532 5712101
532 3622301
532 3622201
532 3722101
532 7622001
532 2712301
532 1612201
532 5712101
532 6612301
532 6622301
532 1712301
532 2711911
532 2512301
532 1712101
532 2722101
532 4622201
532 6722201
532 6522201
532 5712101
532 2712201
532 6712301
532 2722301
532 3623201
532 2612101
532 2722301
532 6622201
532 6322301
532 6722301
532 3622101
532 6612201
532 2712101
532 6322101
532 6722201
532 1722201
532 6712101
532 7722001
532 2622201
532 3522101
532 1722201
532 2712301
532 6322101
532 6622301
532 6512201
532 5612101
532 6222101
532 6722301
532 1512301
532 6722301
532 3622201
532 6622901
532 5712101
532 3622201
532 2712301
532 6722301
532 6722101
532 5712101
532 5612101
532 2722901
532 3422101
532 2622201
532 6512301
532 6622101
532 5712101
532 1722201
532 6612201
532 3722301
532 3622101
532 5512301
532 5712101
532 5712101
532 7622001
532 3522101
532 6722901
532 5712101
532 6722301
532 2612301
532 5712101
532 6722201
532 6612301
532 5712101
532 2712301
532 5512101
532 6612201
532 6622201
532 1722201
532 6622101
532 7422001
532 1712301
532 6622101
532 6612301
532 2712901
532 5712101
532 5712101
532 6623201
532 7722001
532 3622201
532 6712201
532 6712301
532 6612301
532 3722301
532 6412301
532 3622101
532 6712101
532 3722101
532 6712101
532 3622101
532 5612101
532 6522301
532 1522201
532 3722101
532 3622101
531 2522101
532 2612201
532 2622301
532 2722301
532 3722101
532 1722201
532 2712101
531 6612301
532 2722201
532 3522101
532 5612101
532 6722001
532 6622301
532 5612101
532 6622101
532 5612201
532 5712101
532 2712301
532 6422101
532 5612101
532 6712201
532 3622201
532 7722001
532 5612201
532 5712101
532 5712101
532 6622101
532 3622201
532 6722101
532 1712301
532 3722101
532 3522201
532 3422101
532 2712301
532 5612101
532 2712901
532 6722901
532 6622901
532 6712901
532 6712901
532 6712901
531 6512301
532 6622101
532 4622101
532 2722901
532 6712901
532 3622901
532 5512101
532 3722201
532 6712301
532 6312301
532 5712101
532 3722101
532 2612201
532 5612101
532 5712101
532 6722901
532 1712101
532 3622201
532 6612101
532 7723001
532 6522901
532 3422111
532 6422211
532 3722101
532 5712101
532 2712301
532 5612101
532 6612201
532 5712101
532 2722201
531 6612301
532 6622101
532 6712301
532 2622201
532 6512101
532 3722101
532 3722101
532 7722001
532 6712301
532 3522201
532 3722301
532 2612301
532 5712101
532 6522201
532 6712301
532 6722001
532 3622101
532 6722301
532 5612101
532 5612101
532 6512101
532 4422201
532 6322301
532 6422201
532 1622101
532 6712001
532 2622201
532 7622001
532 6712101
532 5712101
532 3722101
532 1622101
532 6722301
532 3722201
532 1622301
532 2612301
532 6722201
532 2622201
532 3722101
532 3722101
532 6722101
532 2722301
532 3522101
532 3722101
532 2722201
532 6722101
532 6512201
532 4522301
532 5712101
532 5612101
532 6722301
532 6622301
532 2522901
532 6612101
532 6622301
532 6722101
532 2722301
532 3722101
532 6712301
532 6622301
532 2722301
532 1522101
532 5712101
532 6722101
532 6522301
532 6711911
532 5612301
532 6522101
532 5712101
532 6712201
532 7722001
532 6612201
532 2712301
532 2522301
532 5712101
532 5712101
532 2622101
532 7722001
532 6422101
532 3522101
532 6622301
532 6722201
532 1622201
532 6711101
532 2722301
532 6622901
532 1712201
532 1612301
532 2612301
532 1512301
532 6512101
532 1712201
532 3722201
532 2722301
532 6612101
532 6312101
532 1512301
532 5612101
532 3622101
532 6722301
532 6522101
531 6722301
532 7522001
532 3622201
532 5712101
532 6722201
532 1622101
532 6711011
532 2722301
532 6611201
532 7622001
532 6712301
532 6712201
532 5712301
532 5611211
532 2712301
532 6712101
532 2722301
532 6712001
532 1722101
532 6611301
532 6722101
532 3622101
532 6612301
532 2622101
532 6712101
532 6712301
532 6722301
532 2712301
532 5712101
532 3622201
532 6722101
532 3622101
532 6112101
532 6712901
532 6612901
532 6712901
532 5712901
532 7422001
532 5712101
532 6612201
532 5612101
532 3722101
532 6712201
532 6612201
532 3522301
532 6712201
532 6422101
532 1712901
532 6612901
532 6722901
532 3722101
532 6712301
532 3522201
532 3722101
532 6712101
532 1712101
532 2722301
532 6712901
532 2712101
532 1712101
532 6712101
532 6721111
532 2712301
532 5713101
532 5712101
532 5711111
532 6512101
532 6422101
532 2722301
532 6322301
532 6622101
532 3622201
532 6612101
532 6622101
532 6612201
532 3622101
532 2712101
532 1712201
532 3622101
532 6322101
532 6722101
532 5612101
532 4722901
532 3422201
532 6522201
532 5612101
532 2622301
532 6712301
532 6522101
532 4422301
532 2512201
532 6422101
532 3322301
532 6522101
532 6522301
532 5712301
532 7722001
532 5512101
532 6722901
532 5712101
532 1512101
532 1722901
532 7522011
532 6312301
532 6722301
532 6712901
532 3722101
532 2522301
532 6712101
532 5412101
532 3722101
532 6512101
532 6622101
532 6722301
532 3622201
532 6621211
532 6312301
532 2722301
532 2712301
532 5712101
532 1712101
532 5512101
532 5712101
532 3622101
532 3722101
532 7722001
532 3722101
532 2612201
532 6722301
532 6722101
532 2712201
532 6722301
532 6322301
532 6612301
532 6522301
532 6519301
532 6522301
532 6722901
532 2512301
532 2622301
532 3622201
532 6622201
532 6722301
532 1612201
532 3722201
532 1722101
532 6512101
532 1612101
532 2722301
532 2612301
532 3622301
532 6722201
532 5712101
532 5712901
532 3722201
532 2722301
532 6722201
532 6712901
532 3722101
532 1612201
532 1512301
532 6622301
532 3422101
532 6612101
532 3622201
532 6712201
532 2612301
532 1622101
532 6322101
532 3722101
532 6722201
532 3722201
532 6312101
532 6611301
532 6622301
532 6512901
532 6722101
532 5612201
532 2622301
532 1622301
532 5712101
532 2712101
532 5612301
531 5512301
532 5712201
531 6411911
532 6712301
532 2622301
532 4522301
532 6722101
531 6622301
532 2622301
532 6722101
532 3722301
532 2522301
532 7722001
532 6712301
532 5712101
532 2712301
532 5712901
532 1712901
532 2712901
532 6712901
532 3722101
532 6722301
532 6722101
532 3522201
532 1612101
532 6412301
532 6712301
532 6712101
532 3422101
532 7722001
532 6712901
532 2712301
532 2522201
532 3722101
532 7722001
532 6722201
532 3722101
532 2722201
532 6622101
532 6712101
532 6712101
532 6612301
532 3422101
532 6612101
532 6622201
532 5712101
532 2612301
532 2722201
532 6522201
532 6712101
532 3522101
532 3522101
532 2622301
532 3622201
532 3722101
532 5612201
532 6712101
532 2512201
532 6312301
532 6722201
532 6722901
532 2712301
532 2722301
532 2712101
532 6612201
532 2722301
532 1612201
532 3722101
532 6622101
532 5712101
532 6722201
532 1722901
532 5712301
532 2722101
532 6712301
532 3722201
532 6722101
532 1722201
532 2722301
532 6712101
532 5712101
532 5612101
532 2722301
532 6712101
532 3622201
532 3722201
532 6712301
532 1712201
532 1522901
532 6712301
532 6512301
532 2712301
532 6722301
532 5712101
532 5712101
532 3722301
532 3722901
532 6722101
532 5512101
532 2612301
532 2722301
532 1712101
532 6722301
532 3522101
532 3522201
532 2712101
532 5612101
532 5612101
532 6612201
532 2622301
532 6722901
532 2721301
532 7622001
532 6722101
532 6722101
532 2712301
532 3622101
532 7522001
532 6722301
532 5712101
532 1412201
532 5712301
532 6712301
532 7622001
532 3722201
532 5512101
532 2722101
532 6722901
532 7722001
532 3722101
532 5712101
532 1722301
532 6722101
532 6722901
532 1722901
532 3722101
532 7622001
532 6612901
532 1712901
532 1712901
532 6722901
532 2712901
532 5611101
532 2722301
532 6712201
532 5611301
532 5712201
532 2612901
532 3722901
532 5712901
532 5712901
532 6712901
532 3722101
532 7622001
532 5612101
532 6511311
532 7722001
532 2612301
532 5712101
532 2622301
532 2712301
532 2612301
532 5712101
532 3722101
532 5712101
532 6612101
532 5612201
532 6722101
532 2712301
532 2712201
532 5712311
532 3622201
532 3622201
532 2512201
532 5512101
532 6522101
532 5512111
532 6412301
532 2712301
532 2712301
532 6622101
532 6722301
532 3722101
532 3622101
532 3322101
532 5512101
532 3522101
532 2522301
532 5512301
532 6712301
532 3622101
532 1522101
532 5712101
532 1722101
532 6722301
532 2712301
532 2722301
532 3722101
532 6722301
532 6722301
532 7722001
532 6712301
532 3722101
532 2622301
532 6512301
532 2612301
532 7722001
532 7522001
532 1622301
532 1622101
532 5712301
532 1622301
532 6722901
532 2722101
532 6712201
532 2712301
532 6622101
532 6512301
531 6522301
532 2712301
531 5712101
532 6712301
532 6722301
532 6722301
532 6722201
532 5612101
531 1612101
532 3622101
532 6622301
532 2512901
532 1712201
532 6722901
532 5712101
532 6722301
532 2522301
531 6422301
532 1722901
532 6712101
532 6711201
532 5612101
532 6612901
532 6713901