541 5512301
541 6522101
541 2712301
541 1712101
541 6522301
541 2522301
541 2522301
541 2622201
541 3422101
541 1612301
541 5719901
541 5712101
541 2722301
541 1512101
541 6522301
541 5711911
541 2721301
541 6722301
541 6722101
541 6522101
541 3622201
541 2622101
541 6612201
541 2712301
541 2622201
541 6312301
541 3322101
541 2722301
541 1612301
541 6422201
541 3722101
541 3322101
541 4522101
541 3622101
541 2512301
541 5712101
541 3522301
541 5712101
541 3322201
541 6722301
541 6722301
541 1622901
541 3622301
541 6722101
541 6422101
541 5612201
541 3522101
541 6312301
541 3722101
541 5612101
541 5612101
541 2712201
541 6512301
541 5612101
541 6712201
541 6712301
541 6722901
541 6322101
541 1712201
541 6612301
541 1712201
541 6611311
541 2622301
541 1712101
541 6722201
541 5712101
541 2622201
541 6722101
541 7722001
541 1712101
541 6722101
541 6711101
541 5712101
541 2612301
541 6622901
541 5612101
541 2712901
541 6322101
541 6722901
541 3522201
541 2712301
541 5612101
541 6722301
541 3422201
541 2612901
541 2722301
541 6722301
541 5712101
541 3622201
541 6712301
541 3422201
541 3722201
541 1622101
541 3722301
541 3522301
542 6722301
542 1422201
542 6312901
541 6612901
542 6722301
542 3721101
542 6722101
542 2622901
542 4422201
542 4622101
542 6312301
542 6422201
542 3322101
542 3522101
542 2712201
542 6712201
542 3322201
542 6711201
542 7722001
542 2622201
542 6722301
542 6522901
541 5612101
542 2511201
542 6622101
542 6322101
542 6422201
542 5612101
542 2722301
542 3422101
542 1722201
542 1712101
542 1722101
542 6712301
542 2712201
542 6622901
542 5712101
541 6622301
542 3522101
542 6722101
542 6712301
542 2722301
542 7622001
542 6612101
542 6722101
542 4522201
542 6622101
542 2712101
542 3722301
542 2622301
542 6622101
542 6522201
542 3522201
542 6712101
542 6612101
542 6612201
542 2522301
542 6522301
542 6622901
542 6622101
542 5512201
542 3622101
542 2522301
542 5712101
542 6422201
542 3722101
542 2312901
542 6711901
542 6722301
542 5712101
542 6712301
542 1722101
542 6521301
542 5712301
542 5612101
542 5712101
542 6722201
542 6722301
542 6722301
542 7522001
542 2712101
542 6722301
542 6512101
542 1712901
542 6522301
542 6622901
542 3722101
542 6712901
542 2712201
542 6712301
542 1712201
542 2622301
542 2712301
542 1622901
542 3422101
542 6622201
542 3422301
542 6522301
542 6612201
542 3722101
542 5719901
542 6522101
542 3522301
542 3522301
542 5712301
542 6512301
542 3422201
542 2712301
542 6722301
542 6612201
542 1622301
542 5712901