571 6711311
571 6721201
571 1321111
571 3721101
571 1721101
571 7621001
571 2611301
571 1721101
571 1721101
571 7721001
571 2621301
571 6621101
571 6711101
571 3521111
571 6721101
571 6521101
571 2711101
571 6721201
571 2621301
571 6721301
571 1611111
571 5711301
571 2711201
571 6721101
571 6521101
571 5611201
571 6711201
571 6711901
571 1721301
571 1721101
571 4321111
571 2711211
571 6511211
571 3521101
571 6621111
571 1513201
571 2411311
571 5711101
571 6711911
571 6521211
571 5711111
571 2621201
571 1711201
571 1711901
571 5611201
571 6611211
571 6621101
571 6711211
571 2711101
571 6611101
571 3521111
571 2711311
571 5711101
571 6511901
571 6521311
571 5711101
571 5711111
571 6721301
571 2711101
571 1411201
571 5511111
571 5611101
571 2611301
571 3721311
571 6221311
571 6721201
571 3621211
571 3521201
571 3621101
571 5611101
571 2711301
571 6611101
571 6721301
571 3621211
571 2523301
571 2611101
571 5711101
571 5711101
571 5711101
571 6321311
571 6511101
571 3721101
571 3521211
571 3521901
571 2611301
571 5711301
571 6721311
571 6711301
571 2711101
571 1711901
571 5711111
571 6611101
571 5611111
571 3721201
571 3421211
571 5719101
571 6521101
571 1621111
571 3721101
571 6711001
571 2521301
571 6721911
571 5711101
571 3621101
571 3721301
571 6511101
571 6711311
571 1721201
571 2711301
571 5611111
571 1711201
571 2611301
571 5711101
571 1611201
571 6611211
571 1721101
571 6611201
571 3721111
571 2711301
571 6411211
571 6511101
571 6721311
571 3421201
571 6621211
571 1711101
571 6711301
571 6721301
571 3721101
571 3721101
571 4421101
571 5711901
571 6611311
571 3621201
571 6711101
571 5711111
571 6711911
571 6721901
571 5711301
571 2711301
571 3721301
571 6721101
571 6411111
571 2721301
571 6711201
571 6721301
571 6621111
571 6321111
571 1511301
571 2721101
571 2711901
571 6721911
571 1711111
571 1611301
571 6511111
571 6521211
571 3621211
571 6611301
571 5711111
571 1721201
571 6721901
571 3721201
571 6721101
571 6511111
571 6721911
571 2521311
571 3721901
571 6721901
571 6721901
571 6711901
571 6611101
571 1623101
571 6711101
571 6623211
571 6721101
571 3721201
571 2711101
571 6621111
571 6621111
571 6413101
571 6711301
571 5711101
571 6521111
571 7721011
571 3721111
571 2711201
571 6721101
571 5711111
571 6521911
571 7521011
571 2721101
571 5711111
571 6721301
571 6411101
571 6721211
571 7621011
571 6511301
571 6721101
571 1311111
571 1629111
571 5711101
571 5411111
571 3521111
571 6721301
571 2711301
571 6721301
571 5611101
571 6611111
571 6711301
572 6611901
572 6721311
572 6611901
572 6521101
572 6429111
572 2721301
572 3621301
571 6411211
571 5711301
572 6311311
572 6711101
572 6721301
572 3621201
572 6719301
572 6211311
572 6729911
572 3721101
572 6621311
572 5711301
572 7621001
572 5611911
572 6711101
572 6721301
572 6721201
572 6721301
572 3721101
572 1721101
572 3621201
572 6421211
571 6711311
572 1721101
572 1721101
572 3421111
572 3721101
572 6529111
572 2711201
572 5719101
572 6721301
572 6321201
572 5612101
571 5511101
572 1511101
572 1711101
571 2621301
572 1711901
572 3721101
572 2621301
571 6721901
572 6621101
572 6611101
572 2711111
572 1611211
572 2721301
572 6321111
571 6611901
571 6721301
572 6621111
572 3721201
572 6311311
572 5613101
572 1711101
572 6721101
572 1721101
572 3421201
572 1711101
572 6621901
572 5711201
572 6611311
572 6721211
572 5711111
572 7621011
572 5711111
572 3521111
572 5611111
572 7623001
572 6711211
572 1612201
572 6311111
572 6521111
572 7721011
572 6721201
572 6611211
572 6721311
572 6721101
572 6721101
572 5611101
572 2721301
572 6711111
572 6711901
572 5711101
572 2711301
572 6711101
572 6711311
572 6711101
572 3721111
572 2613201
572 1323201
572 3521101
572 3721111
572 1711201
572 6521301
572 1711101
572 5711101
572 6711311
572 6721901
572 6321111
572 6321111
572 6721301
572 2721101
572 6421211
572 6411311
572 3721101
572 2721301
572 6621101
572 6321211
572 6321111
572 4421211
572 6611101
572 6611211
572 7621001
572 6721101
572 4421111
572 7521001
572 6311311
572 3721301
572 6611301
572 5611111
572 5711101
572 5711111
572 6711311
572 6721101
572 6721211
572 3621201
572 5611111
572 6721101
572 6721311
572 3521111
572 3721211
572 6721111
572 1313301
572 6621201
572 6521311
572 3721101
572 1711111
572 6611111
572 6211311
572 6111201
572 5511211
572 5719111
572 6611201
572 6711311
572 2713201
572 5611111
572 6511111
572 6411111
572 1711101
572 6711201
572 2711201
572 6611311
572 6711301
572 6711201
572 6711301
572 6211101
572 6321211
572 6711311
572 6711201
572 2521111
572 7621011
572 6711111
572 6111111
572 6611211
572 1711211
572 6511201
572 1719111
572 3721301
572 3522101
572 6711201
572 6411211
572 6319111
572 1611311
572 6711311
572 1321111
572 1711201
572 3521111
572 6721201
572 3421911
572 1721311
572 6711901
572 6711101
572 1711211
572 6521311
572 6711111
572 7621011
572 6711111
572 6721201
572 6511101
572 1721201
572 3521111
572 6721301
572 6711011
572 6321211
572 5611211
572 5611111
572 5711101
572 6621111
572 6629111
572 5711311
572 6521911
572 4521211
572 3521111
572 6411111
572 3421211
572 6521311
572 6711301
572 6721211
572 7621011
572 6721911