591 6721111
591 6521101
591 5711111
591 3621111
591 5511101
591 3721101
591 4421101
591 3721201
591 6321211
591 6511911
591 6711211
591 6721301
591 6621101
591 1711101
591 6713301
591 5612101
591 5511101
591 3721101
591 3523101
591 6721111
591 6721101
591 5711111
591 6523301
591 6711101
591 1713201
591 5611101
591 1523201
591 6613201
591 1711211
591 3521211
591 6711211
591 3521101
591 5711211
591 6721201
591 6721301
591 5611101
591 6223301
591 2711301
591 2711101
591 6721101
591 6712101
591 2711101
591 3521211
591 6611911
591 1722201
591 1421311
591 6611301
591 6711301
591 6221211
591 3623101
591 6713901
591 3621201
591 3421101
591 1711301
591 4721311
591 6721301
591 6413101
591 6222201
591 3523101
591 3523101
591 6321111
591 6411301
591 6723301
591 1721101
591 3521111
591 6721111
591 5611111
591 2721211
591 2621901
591 5711101
591 3521101
591 3621111
591 2523301
591 6711301
591 6611911
591 6711111
591 1711111
591 5611111
591 2613301
591 1411101
591 6621101
591 6111201
591 6511301
591 3521101
591 6611111
591 6711111
591 1721101
591 6611101
591 3621111
591 6711201
591 3721101
591 6621301
591 5711111
591 1611101
591 6521311
591 6721311
591 1611101
591 6722001
591 6321201
591 6511311
591 4421211
591 1611101
591 6713301
591 2511201
591 6711201
591 6713901
591 5613101
591 6523101
591 6722101
591 2613101
591 5711111
591 2611201
591 6712301
591 6721011
591 1711211
591 2721211
591 6611101
591 7421011
591 2621101
591 6611911
591 6721901
591 2711911
591 6521111
591 3721101
591 3721101
591 5711101
591 1511201
591 6511301
591 6721311
591 3523201
591 5611111
591 6711211
591 5711211
591 6721901
591 6223301
591 3721101
591 6513901
591 1421211
591 2621301
591 1713301
591 6522101
591 6521111
591 6429211
591 2521301
591 6711301
591 6711301
591 3721101
591 5511111
591 6711911
591 6711101
591 3521201
591 2721911
591 3523101
591 5511111
591 2721201
591 6522301
591 6611111
591 6521101
591 6721111
591 1511211
591 1611101
591 6711301
591 6711311
591 5511101
591 5511111
591 3521111
591 5511201
591 6611211
591 6511301
591 5711111
591 2721301
591 1621911
591 6411211
591 6611311
591 5711111
591 2721211
591 6513101
591 6711101
591 6321201
591 6721211
591 6621111
591 3522201
591 6711201
591 1711101
591 1721901
591 6611301
591 2721311
591 6721101
591 2721301
591 6713301
591 5611101
591 1621111
591 1711101
591 6523201
592 1621211
592 6721301
591 6711101
591 6711101
592 1521201
592 6721311
591 6521911
592 6511111
591 6721901
592 3721201
592 6421301
591 5711101
592 6711111
592 2513301
592 2621301
592 6721301
592 6322301
592 4521201
591 6711111
592 3421111
592 6721911
592 3721101
592 6511311
592 5611101
592 5511111
592 6511201
592 6511101
592 6623101
592 2711311
592 3421111
592 1621301
592 5711111
592 7723001
592 6723901
592 3721201
592 6721111
592 2511201
592 6511101
592 6621201
592 6613301
592 2711301
592 3421911
591 3721201
592 6411101
592 2711201
592 1619201
592 3523101
592 6721111
592 6411111
591 2711311
592 1721201
592 2621301
592 5611111
591 3721901
591 6119311
592 6612101
592 5711101
592 7523001
592 3523101
591 5711901
592 6111301
592 5711101
592 2511301
592 6711111
592 6421101
592 6511111
592 3621101
592 6721301
592 5711111
592 6411301
592 3721111
592 3521211
592 6323101
591 4621101
592 6611111
592 5611111
592 6611111
592 6211311
592 1421301
592 6722301
592 6621101
592 6713101
592 6321211
592 6721311
592 2721301
592 1711201
592 2621311
592 6613201
592 3423101
592 6711911
592 2721301
592 6711901
592 6621211
592 6221311
592 6411011
592 5711111
592 6511201
592 6611111
592 5511111
592 1511311
592 5611111
592 2711901
592 1511201
592 6213301
592 3423201
592 6721101
592 6613301
592 6721001
592 7521001
592 6621101
592 6613101
592 4721211
592 3521311
592 2713201
592 6611111
592 6713001
592 6713301
592 4721111
592 2721301
592 6721111
592 7721001
592 6711201
592 6721111
592 6721211
592 6411311
592 6611901
592 7621011
592 6423101
592 3721111
592 1721911
592 1721311
592 6511211
592 1611311
592 6711311
592 6521211
592 6329311
592 6721101
592 6421311
592 3622201
592 7622001
592 6511111
592 3521211
592 2511301
592 6121301
592 6321111
592 6511201
592 6611311
592 6221311
592 6511111
592 4621211
592 2623301
592 6611201
592 6711301
592 6311111
592 6323101
592 2521111
592 6721901
592 6713901
592 1711901
592 6611911
591 6611911
592 2721201
592 6521911
592 6611301
592 4423201
592 6713201
592 6711311
592 3421101
592 6721201
592 4523301
592 7721001
592 3721101
592 6723901
592 3621211
592 2721311
592 6723101
592 1419311
592 6711311
592 3623101
592 6623201
592 6611301
592 1621201
592 2623301
592 5611101
592 5713101
592 6711101
592 7523001
592 6711111
592 3723201
592 7723001
592 5711111
592 6521311
592 5711101
592 6711101
592 1621201
592 6513201
592 6611211
592 2711101
592 7721001
592 3721101
592 5511111
592 3721201
592 6511211
592 6421111
592 5611311
592 6711311
592 6711211
592 5611111
592 2611301
592 6711301
592 6613301
592 6311311
592 6711011
592 5611111
592 6713901
592 6711201
592 1421111
592 6611101
592 3621111
592 6711101
592 6711901
592 6621301
592 6523101
592 3521211
592 2711311
592 1711301
592 6721311
592 6411211
592 6721311
592 1611311
592 6713101
592 6311111
592 3621111
592 1711111
592 6711211
592 6722301
592 1521311
592 2611301
592 6611101
592 5611101
592 3621911
592 1521211
592 6719911
592 6721301
592 2621311
592 3623201
592 3623201
592 2711301
592 6611201
592 6711101
592 6711001
592 3621211
592 2511201
592 1623101
592 6523101
592 1313201
592 6723301
592 2721211
592 6611001
592 6621911
592 6511311
592 6711901
592 6511111
592 6711301
592 4321111
592 6321211
592 6721311
592 6521201
592 6611111
592 5611211
592 6711111
592 6421111
592 6611201
592 6711301
592 1523201
592 6711201
592 1611901