 61 6321101
 61 6721101
 61 1611111
 61 6311101
 61 5511201
 61 1621101
 61 5511101
 61 5711201
 61 3521101
 61 3722301
 61 6721101
 61 6711301
 61 6523201
 61 6721301
 61 6411211
 61 6421101
 61 1721101
 61 6721301
 61 6511101
 61 3721101
 61 1711201
 61 6711301
 61 6621101
 61 1611101
 61 2721101
 61 3721101
 61 3521101
 61 6311101
 61 6621301
 61 6621101
 61 5611111
 61 6411101
 61 6521301
 61 3423101
 61 5711101
 61 2711301
 61 6321201
 61 1721101
 61 2721101
 61 6311311
 61 3721111
 61 7622001
 61 6621101
 61 6621101
 61 6711101
 61 5711201
 61 5711101
 61 6521101
 61 6421101
 61 6721301
 61 2721301
 61 6521301
 61 6511101
 61 6421101
 61 3721101
 61 6521301
 61 6411101
 61 2711301
 61 3721101
 61 3721201
 61 6512301
 61 2712301
 61 1411211
 61 7722001
 61 3521101
 61 6621201
 61 3521201
 61 6711101
 61 2711201
 61 5711101
 61 2512301
 61 6311111
 61 3421201
 61 6711101
 61 6711011
 61 1521211
 61 2611301
 61 2723301
 61 6311301
 61 1721301
 61 6421101
 61 6411201
 61 6421301
 61 6421101
 61 5611201
 61 3521101
 61 3521101
 61 6419201
 61 6311301
 61 6711101
 61 6321101
 61 6711101
 61 6421301
 61 6511301
 61 5611301
 61 3721101
 61 7621011
 61 1711101
 61 3721101
 61 6712301
 61 1711101
 61 6721901
 61 6711101
 61 7521001
 61 7521001
 61 7521001
 61 3521101
 61 2711101
 61 1711201
 61 5711101
 61 5511101
 61 6311101
 61 3723201
 61 3723101
 61 6611101
 61 6411101
 61 6329101
 61 2721211
 61 6721301
 61 6511101
 61 6621301
 61 6722101
 61 5612901
 61 6511101
 61 3522201
 61 6311101
 61 6621301
 61 6721101
 61 6321101
 61 6411201
 61 6311101
 61 1721101
 61 6711201
 61 2721101
 61 6511101
 61 7521001
 61 6721301
 61 6411301
 61 6521101
 61 5511101
 61 2721201
 61 6511201
 61 6711111
 61 4329101
 61 1721201
 61 6321101
 61 2612301
 61 3721101
 61 6322101
 61 6721001
 61 3421101
 61 6711301
 61 7621001
 61 2721201
 61 2511301
 61 7721001
 61 2721201
 61 3721201
 61 2721201
 61 2721201
 61 6723301
 61 3321201
 61 6311101
 61 6611111
 61 7621001
 61 3721101
 61 5713101
 61 6511101
 61 6711101
 61 6721201
 61 3622201
 61 5711101
 61 5711101
 61 6721101
 61 6511201
 61 7421011
 61 7621001
 61 2711201
 61 3321201
 61 6512101
 61 6121101
 61 6121101
 61 6711201
 61 6721301
 61 5611101
 61 6611101
 61 6721301
 61 2621311
 61 1611201
 61 5519101
 61 2621201
 61 5712101
 61 6721201
 61 2721101
 61 6611301
 61 1611201
 61 1611201
 61 6719211
 61 6412201
 61 6623101
 61 6711001
 61 6613201
 61 1711101
 61 6721101
 61 3721201
 61 3721101
 61 6621101
 61 2721201
 61 5712101
 61 1721101
 61 1721201
 61 1721301
 61 3621101
 61 6721101
 61 3521101
 61 5711101
 61 6321301
 61 6621101
 61 3421101
 61 3521101
 61 6411101
 61 6611101
 61 3521101
 61 4521301
 61 6721101
 61 6511101
 61 3721101
 61 6521301
 61 3421111
 61 3721301
 61 1621201
 61 5611101
 61 6511301
 61 6721201
 61 6721101
 61 1621101
 61 6611901
 61 7521001
 61 3421201
 61 3723101
 61 6421111
 61 6411301
 61 5711101
 61 3721101
 61 3621101
 61 3521101
 61 1723101
 61 5711201
 61 6721301
 61 2722201
 61 6411111
 61 6311911
 61 6311911
 61 2721301
 61 6721101
 61 6711201
 61 2721301
 61 7629011
 61 6611301
 61 6411301
 61 2722301
 61 5611101
 61 2711201
 61 3522101
 61 6411101
 61 1511111
 61 6711101
 61 3321201
 61 2711101
 61 6711101
 61 7421001
 61 1511201
 61 6611101
 61 3421201
 61 3522201
 61 6411201
 61 6421101
 61 6711901
 61 2711301
 61 2611301
 61 6411301
 61 6721101
 61 6711101
 61 6721301
 61 5611101
 61 5712101
 61 2721301
 61 5611101
 61 6611201
 61 5712101
 61 6621101
 61 5611101
 61 6721101
 61 6721301
 61 6411301
 61 6721101
 61 3721101
 61 3521201
 61 3421101
 61 3721101
 61 1711101
 61 6421101
 61 7421001
 61 7421001
 61 6711301
 61 6311301
 61 6721301
 61 5711101
 61 7421001
 61 2621301
 61 5711111
 61 6511101
 61 5711101
 61 6511911
 61 1511201
 61 1711201
 61 5611101
 61 6311101
 61 7621001
 61 7721001
 61 2721101
 61 2721101
 61 3721201
 61 3421201
 61 6411101
 61 6411101
 61 6711201
 61 7721001
 61 2711101
 61 6721211
 61 3723101
 61 6419101
 61 6721101
 61 3522201
 61 5711101
 61 6411911
 61 5719201
 61 6611101
 61 6611101
 61 6711001
 61 6721101
 61 5611101
 61 2721301
 61 5711101
 61 6711201
 61 6711201
 61 5611101
 61 6611101
 61 3721101
 61 6711301
 61 3723101
 61 1713101
 61 5711111
 61 3521201
 61 6721301
 61 3621301
 61 5711101
 61 3721101
 61 6621101
 61 6511201
 61 7621001
 61 7421001
 61 6511101
 61 6711311
 61 6511101
 61 6611101
 61 5611101
 61 1621201
 61 5711101
 61 6721301
 61 6622201
 61 6421301
 61 1721311
 61 3323101
 61 6721101
 61 6311201
 61 2621301
 61 7621001
 61 6723301
 61 3721201
 61 6621301
 61 6711101
 61 1711301
 61 7721001
 61 7521001
 61 3621101
 61 3521101
 61 6611101
 61 2621301
 61 5711101
 61 5711101
 61 6611101
 61 5711101
 61 6711001
 61 2711301
 61 6721101
 61 2721301
 61 6711101
 61 4623101
 61 6611901
 61 5611101
 61 1721301
 61 3621201
 61 7621001
 61 3523101
 61 6311101
 61 3621101
 61 6321111
 61 6421201
 61 7721001
 61 6623101
 61 6211111
 61 6413101
 61 6411101
 61 2622201
 61 6711111
 61 6621201
 61 6311101
 61 1721301
 61 6411201
 61 5611101
 61 6511201
 61 3421301
 61 5511101
 61 6211301
 61 7521001
 61 5612101
 61 2721101
 61 6321301
 61 6612311
 61 6621301
 61 2621301
 61 2711301
 61 6721301
 61 6411201
 61 6721101
 61 2721111
 61 3621101
 61 6311201
 61 3421101
 61 3521101
 61 7621001
 61 6311201
 61 6711301
 61 6611301
 61 6721101
 61 6321111
 61 6721101
 61 6713201
 61 3721101
 61 6711301
 61 6721311
 61 6711101
 61 2712301
 61 2722101
 61 5711101
 61 6411111
 61 3521201
 61 3421201
 61 6311301
 61 6711001
 61 7421001
 61 6722201
 61 3421201
 61 1711101
 61 3621101
 61 6721301
 61 5611101
 61 7722001
 61 7421001
 61 2711201
 61 3421201
 61 6721301
 61 5711101
 61 5711101
 61 2611301
 61 2621301
 61 6721201
 61 6711301
 61 3721101
 61 6721201
 61 1711101
 61 6711101
 61 7429001
 61 5611101
 61 5711101
 61 6421201
 61 5711101
 61 6611201
 61 1711201
 61 3721101
 61 1512201
 61 6721101
 61 1511201
 61 5611101
 61 7721001
 61 3723101
 61 3521101
 61 6421101
 61 5711101
 61 3521101
 61 6611201
 61 2721101
 61 6421101
 61 6321101
 61 6321101
 61 6721201
 61 6422301
 61 6411101
 61 6511201
 61 6311201
 61 1711101
 61 2711101
 61 3621201
 61 6411201
 61 3621101
 61 5711201
 61 6311201
 61 3321201
 61 7521001
 61 2711301
 61 1721101
 61 1721101
 61 6421901
 61 6721101
 61 4321101
 61 6611101
 61 6721101
 61 6711101
 61 6711301
 61 2511301
 61 2721301
 61 6721101
 61 3721101
 61 6711301
 61 6611101
 61 6511101
 61 2721101
 61 6411101
 61 1711201
 61 1711201
 61 7421001
 61 6612301
 61 6311201
 61 6721301
 61 1721101
 61 2721301
 61 6721901
 61 6311301
 61 5711101
 61 5611101
 61 5611101
 61 6511301
 61 3721201
 61 5512201
 61 3721101
 61 3721101
 61 6411101
 61 5511201
 61 6711101
 61 1711201
 61 6311101
 61 6311101
 61 7421001
 61 5611101
 61 5711101
 61 5711901
 61 6511901
 61 6711101
 61 7721001
 61 6711201
 61 6721901
 61 2621901
 61 1711901
 61 1711901
 61 2511901
 61 6711301
 61 3721901
 61 6721301
 61 1521201
 61 1711901
 61 2721901
 61 6721901
 61 6721901
 61 6721901
 61 6613301
 61 6721901
 61 1711301
 61 6713101
 61 6611901
 61 6711901
 61 3721101
 61 6621201
 61 6511101
 61 6321101
 61 3421201
 61 7521001
 61 6711301
 61 6721101
 61 6411311
 61 3721111
 61 6511301
 61 6321201
 61 3621101
 61 6321201
 61 6721101
 61 3621211
 61 6711101
 61 6721301
 61 3621101
 61 3521211
 61 6611101
 61 5611201
 61 5612201
 61 6711101
 61 6511201
 61 2621101
 61 4321101
 61 6511301
 61 3521101
 61 3721101
 61 7721001
 61 6321101
 61 5611101
 61 6611301
 61 6711101
 61 5711101
 61 5611101
 61 6411201
 61 6321101
 61 6311201
 61 6711201
 61 6713101
 61 6721101
 61 2711101
 61 6511101
 61 6611101
 61 5719101
 61 5719101
 61 6721201
 61 1721101
 61 6721211
 61 6611301
 61 5712301
 61 6711101
 61 6711201
 61 6511211
 61 6321101
 61 2611201
 61 1711201
 61 6721311
 61 6323201
 61 1721201
 61 5713101
 61 2721901
 61 6419911
 61 3721101
 61 2721201
 61 6312301
 61 5611101
 61 6521201
 61 6411201
 61 6711211
 61 6511201
 61 6521101
 61 6411101
 61 3723101
 61 3621101
 61 7621001
 61 6311111
 61 6711101
 61 6711001
 61 1721101
 61 1721101
 61 2721101
 61 6621201
 61 6721101
 61 6721101
 61 6711101
 61 6321201
 61 2721101
 61 6521101
 61 7421001
 61 3421101
 61 6721211
 61 6721201
 61 6313101
 61 2512101
 61 6711111
 61 6711101
 61 2512301
 61 5712301
 61 6729001
 61 6719901
 61 6719001
 61 6621201
 61 5611101
 61 1621301
 61 2511301
 61 6711101
 61 3621101
 61 1721201
 61 6321101
 61 6721301
 61 6321101
 61 1711101
 61 6421201
 61 3621201
 61 1721301
 61 7621001
 61 1411201
 61 5611201
 61 3721211
 61 5711101
 61 2511301
 61 6611001
 61 5711201
 61 6522101
 61 6721101
 61 6411201
 61 6711201
 61 3621101
 61 5611301
 61 3721101
 61 6621101
 61 6721301
 61 6511101
 61 5611101
 61 1721101
 61 3721201
 61 1412101
 61 6711201
 61 5711101
 61 3722201
 61 1713301
 61 5712101
 61 6511201
 61 2711201
 61 6511201
 61 3721301
 61 6721001
 61 6721201
 61 6611101
 61 6421101
 61 2621301
 61 3721101
 61 3329201
 61 6721101
 61 5711101
 61 2711201
 61 6421111
 61 6512101
 61 6511101
 61 6421301
 61 6611201
 61 2713101
 61 1723301
 61 5411101
 61 6321101
 61 7621001
 61 6611101
 61 6411301
 61 6711001
 61 6711201
 61 1721101
 61 6511301
 61 1611101
 61 1611101
 61 1611101
 61 2721311
 61 6721301
 61 1721301
 61 3721301
 61 6711201
 61 2521301
 61 2711301
 61 6711311
 61 5713201
 61 3723201
 61 5511101
 61 6721101
 61 6711101
 61 6711001
 61 3621101
 61 5411101
 61 6721301
 61 7521001
 61 6621301
 61 6721101
 61 6711301
 61 6512301
 61 6711211
 61 6711901
 61 6711301
 61 6512101
 61 6711101
 61 6611901
 61 5511101
 61 3722201
 61 5711101
 61 6311101
 61 6621111
 61 3721101
 61 6521201
 61 6621101
 61 5711101
 61 3721101
 61 6612301
 61 6721101
 61 7421001
 61 6311101
 61 1611101
 61 6712301
 61 6721301
 61 6311301
 61 5711101
 61 1521201
 61 7621001
 61 3621201
 61 1621201
 61 2721301
 61 3721101
 61 3421101
 61 7721001
 61 7421001
 61 3521101
 61 3521101
 61 3721101
 61 3421101
 61 5611101
 61 6311101
 61 6611211
 61 3421101
 61 6321101
 61 1611301
 61 6611111
 61 6711211
 61 2721101
 61 3721101
 61 5711101
 61 5711201
 61 6311301
 61 3523201
 61 2711901
 61 5711901
 61 6711901
 61 2721901
 61 6721901
 61 6711901
 61 6711301
 61 2721901
 61 2711901
 61 6721901
 61 5713901
 61 2611911
 61 5711201
 61 6523101
 61 1721101
 61 1521101
 61 5611101
 61 6721301
 61 6613101
 61 1611201
 61 2721101
 61 6711301
 61 6311201
 61 6721301
 61 6723201
 61 2711301
 61 7321001
 61 5611101
 61 6711101
 61 6621101
 61 6421101
 61 3722101
 61 3421101
 61 2511201
 61 6711101
 61 5611101
 61 5611111
 61 3622101
 61 6411301
 61 6411201
 61 3621901
 61 6611101
 61 6421101
 61 6612101
 61 1711211
 61 1411201
 61 6511101
 61 5611101
 61 6421101
 61 2621101
 61 6621301
 61 1712901
 61 2711901
 61 6721301
 61 6711101
 61 3721201
 61 6323901
 61 6321101
 61 6413001
 61 6723901
 61 6311301
 61 6111201
 61 3522101
 61 6621301
 61 6311201
 61 7621001
 61 5711101
 61 7723001
 61 6712101
 61 5611201
 61 2611301
 61 6711101
 61 3521101
 61 7521001
 61 6311101
 61 6711301
 61 6421101
 61 6311101
 61 5711101
 61 6521111
 61 6311201
 61 6521101
 61 6712301
 61 7523001
 61 7722001
 61 6713101
 61 6421201
 61 6623101
 61 2621201
 61 3721201
 61 1611201
 61 5711101
 61 6411101
 61 7521001
 61 7521001
 61 6621101
 61 5511101
 61 1421201
 61 3621101
 61 7621001
 61 5711101
 61 6721201
 61 5611101
 61 6721101
 61 6311101
 61 3521101
 61 3521101
 61 1711301
 61 3621101
 61 3521201
 61 5711101
 61 6311101
 61 6611901
 61 6721111
 61 6621111
 61 1621111
 61 6511311
 61 6611301
 61 6611111
 61 2721201
 61 3421101
 61 2621101
 61 6511201
 61 1711101
 61 5711101
 61 3521101
 61 6321101
 61 6321101
 61 6511211
 61 1711201
 61 6521101
 61 6511111
 61 6721301
 61 5613101
 61 6711311
 61 6321101
 61 5711101
 61 6311101
 61 6621101
 61 3721201
 61 2622101
 61 1721101
 61 6321901
 61 2511301
 61 6521901
 61 3321201
 61 4321901
 61 6711101
 61 6521101
 61 6721101
 61 5711111
 61 5611101
 61 6521201
 61 6711301
 61 2721301
 61 6711201
 61 6721201
 61 3521101
 61 3721101
 61 5711101
 61 5611101
 61 5411101
 61 6321101
 61 6711001
 61 2711101
 61 1713101
 61 6629901
 61 7721001
 61 6611201
 61 2621301
 61 1711101
 61 6721301
 61 1611201
 61 1721201
 61 7521001
 61 6711001
 61 3721101
 61 2711201
 61 2722201
 61 6311301
 61 6721201
 61 4721101
 61 6711201
 61 6611201
 61 6723101
 61 3621201
 61 6721101
 61 6321111
 61 6711101
 61 5512201
 61 3721101
 61 6411201
 61 5611101
 61 6721101
 61 1611101
 61 6721201
 61 3621101
 61 6311101
 61 3421101
 61 3721101
 61 1321301
 61 6721301
 61 6729201
 61 6511201
 61 6711101
 61 3721101
 61 2621101
 61 6621101
 61 3521101
 61 3421201
 61 3623101
 61 3421101
 61 3521101
 61 6621301
 61 2721201
 61 7621001
 61 6511101
 61 6421111
 61 6421211
 61 6711301
 61 6611101
 61 2721301
 61 1629101
 61 6721101
 61 2711301
 61 5711101
 61 2611301
 61 6421101
 61 1711201
 61 6721301
 61 6312101
 61 3721301
 61 3721301
 61 2721201
 61 3721101
 61 6521101
 61 1721201
 61 6721201
 61 6711301
 61 3721101
 61 6721101
 61 3721101
 61 2711201
 61 6321301
 61 6411101
 61 1711201
 61 6721301
 61 6711301
 61 3721111
 61 3721911
 61 2612201
 61 2611301
 61 7721001
 61 3722201
 61 1713101
 61 6711301
 61 6711101
 61 5711101
 61 2711301
 61 5611201
 61 5711101
 61 6711201
 61 1611101
 61 2721201
 61 1711101
 61 6721101
 61 6611301
 61 6721301
 61 6611101
 61 6611101
 61 6611201
 61 6711101
 61 6711901
 61 6523301
 61 5711111
 61 6321101
 61 2711201
 61 6721211
 61 2711201
 61 6321101
 61 6511111
 61 5611101
 61 6721101
 61 6711301
 61 6411101
 61 6411201
 61 6721201
 61 5711101
 61 3721201
 61 1511301
 61 3621101
 61 1711201
 61 6711001
 61 3721101
 61 6711301
 61 2611311
 61 6523101
 61 6611301
 61 6721101
 61 7621001
 61 6421101
 61 6421101
 61 6411111
 61 6721301
 61 3721901
 61 6721901
 61 5711901
 61 6711901
 61 3721101
 61 6711101
 61 4322101
 61 6721201
 61 6721201
 61 7621001
 61 7621001
 61 6322301
 61 2721901
 61 6721301
 61 2711201
 61 6713101
 61 6411101
 61 1611311
 61 7721001
 61 7723001
 61 3421201
 61 1711101
 61 3521101
 61 1721101
 61 6521101
 61 6711201
 61 5511101
 61 6611101
 61 1711301
 61 6411101
 61 5511201
 61 5613101
 61 5511101
 61 6311101
 61 6711201
 61 6612101
 61 3721101
 61 3421201
 61 6713301
 61 6721301
 61 1721101
 61 6711301
 61 1721101
 61 6711101
 61 5611101
 61 5611201
 61 2711201
 61 6711301
 61 6423101
 61 6721211
 61 6321201
 61 6711101
 61 6521101
 61 3421201
 61 3721101
 61 3521101
 61 6511101
 61 6711311
 61 6711311
 61 6721301
 61 3721101
 61 1711301
 61 1711301
 61 1721301
 61 2711301
 61 2511301
 61 2611301
 61 6711301
 61 1721101
 61 6521311
 61 6711101
 61 6623301
 61 6721211
 61 3721201
 61 6721201
 61 6621101
 61 6411301
 61 1721101
 61 3421201
 61 3721201
 61 7721001
 61 3523101
 61 6611101
 61 5711101
 61 1723301
 61 6611301
 61 3721101
 61 6611301
 61 6311901
 61 3621201
 61 6711101
 61 6721201
 61 6311101
 61 6311101
 61 1721201
 61 6712101
 61 6421101
 61 6411101
 61 6321101
 61 7621001
 61 6411101
 61 7621001
 61 6111901
 61 6221101
 61 6511101
 61 6411101
 61 2711301
 61 6711101
 61 6311201
 61 5711101
 61 6721301
 61 3721101
 61 6721111
 61 6511201
 61 6611901
 61 5611201
 61 6621201
 61 6711101
 61 3721111
 61 6721301
 61 6721201
 61 6511201
 61 1721201
 61 3621101
 61 3521301
 61 3621101
 61 3721101
 61 6711201
 61 2721301
 61 1521101
 61 6711001
 61 5519101
 61 2621101
 61 6611301
 61 5711301
 61 6413101
 61 6411111
 61 3421201
 61 1711101
 61 3621201
 61 3521101
 61 6711101
 61 5711201
 61 5611101
 61 6422101
 61 1711101
 61 6611101
 61 6711101
 61 3521301
 61 7621001
 61 5711101
 61 5611101
 61 6711201
 61 6711901
 61 1711211
 61 3521201
 61 6711111
 61 6321101
 61 5611101
 61 6422201
 61 6621101
 61 6611111
 61 7521001
 61 7421001
 61 7421001
 61 6721101
 61 6611101
 61 6721101
 61 6421101
 61 6311301
 61 3421101
 61 7621001
 61 3721101
 61 6611101
 61 6713201
 61 3322201
 61 5711101
 61 7721001
 61 5712101
 61 6511901
 61 6429111
 61 3721101
 61 3721101
 61 6629111
 61 6611301
 61 6311101
 61 6711111
 61 6711901
 61 3621101
 61 2621301
 61 1611101
 61 6621301
 61 3621101
 61 2711301
 61 6511301
 61 1721201
 61 6721101
 61 6511201
 61 4521301
 61 6511101
 61 6319101
 61 3721201
 61 4721101
 61 3721301
 61 6611901
 61 3721101
 61 5711101
 61 6411101
 61 2721101
 61 6621101
 61 6521201
 61 6721201
 61 3521101
 61 6711301
 61 6321201
 61 6311101
 61 3421101
 61 3621111
 61 6419101
 61 7523001
 61 3721101
 61 7721001
 61 3621101
 61 6321101
 61 3721101
 61 3521101
 61 3521201
 61 3721101
 61 6611301
 61 6721101
 61 6511101
 61 6311101
 61 6611201
 61 7521001
 61 2711201
 61 5511101
 61 2512311
 61 6311301
 61 2722101
 61 1711301
 61 6721901
 61 5711901
 61 6311101
 61 6611001
 61 3621111
 61 6711301
 61 3621311
 61 2713301
 61 1721901
 61 6613301
 61 6419111
 61 2721301
 61 6721301
 61 6611301
 61 2713301
 61 6311101
 61 7621001
 61 5711101
 61 5711101
 61 1711311
 61 5711101
 61 5611101
 61 2711201
 61 5511901
 61 6711901
 61 6619101
 61 2612311
 61 6511301
 61 6721301
 61 5711901
 61 6621901
 61 5711901
 61 6722901
 61 6713901
 61 6622901
 61 2711901
 61 6321101
 61 6321101
 61 5711101
 61 6411901
 61 6419901
 61 6519901
 61 6429101
 61 5611101
 62 6521101
 62 5711101
 62 3721101
 61 1611101
 62 6721901
 61 6711101
 62 1411101
 62 1522301
 62 6311301
 61 7521001
 61 3521101
 62 3721101
 62 1711301
 62 6621201
 62 1721201
 62 6511201
 62 6421101
 61 3521101
 62 2611301
 61 2711301
 62 5611201
 61 6621301
 62 6622101
 62 3721201
 62 3721101
 62 3423101
 61 3421101
 62 1521101
 62 6712901
 62 6721301
 62 1411101
 61 6721301
 61 2721301
 61 2612101
 61 1421101
 61 6511101
 61 6522101
 62 7723001
 61 5711101
 62 6321201
 62 7321001
 61 5711101
 62 6711111
 62 6411301
 62 6311201
 62 3321201
 61 3621201
 62 3721101
 62 2611211
 62 3722101
 62 2721301
 62 6621101
 62 6421101
 62 6621101
 62 3421201
 62 6611101
 62 5711201
 62 7621001
 62 6721201
 61 6311101
 62 6321101
 62 6421101
 61 6611301
 62 1611101
 62 6111101
 62 6411101
 62 5711101
 62 1711101
 62 6611101
 62 1621211
 62 3521101
 62 6421101
 61 6611901
 62 6411101
 62 5711101
 62 2721101
 62 3421101
 62 3621101
 62 7622001
 62 3521201
 62 7521001
 62 6721201
 62 6521201
 62 6621101
 62 2721301
 62 3621201
 61 6721101
 62 6711101
 62 6711011
 62 6711301
 62 2721301
 62 6611011
 62 3721101
 62 6321101
 62 6711301
 62 6721311
 62 6711901
 62 2521301
 62 1723101
 62 2721301
 62 6722201
 62 6311101
 62 6611201
 62 5713101
 61 7722001
 62 6721101
 62 6611101
 62 6421101
 62 6421201
 62 7621001
 62 2712301
 62 3621101
 62 6511101
 62 3621101
 62 6521101
 62 6521101
 62 6421101
 62 6311201
 62 3721101
 62 5712101
 62 5711101
 62 5611101
 61 6721901
 62 5712101
 62 6411111
 62 2721301
 62 3721101
 62 3721101
 62 3723101
 62 6711301
 62 6711101
 62 6311101
 62 1721101
 62 6711201
 62 1723101
 62 6721301
 62 2721301
 62 2621301
 62 1721211
 62 6611901
 62 6321101
 62 6321101
 62 6712201
 62 1721201
 62 6329201
 62 6723201
 62 6721101
 62 6311101
 62 6721101
 62 2721301
 62 3621101
 62 6611101
 62 6711001
 62 6722101
 62 6411101
 61 6711101
 62 5711101
 62 1521201
 62 1722301
 62 6721201
 62 7721001
 62 1411301
 62 6411211
 62 6611001
 62 6721201
 62 2621301
 62 6721201
 62 2711101
 62 6722201
 62 7723001
 62 1721201
 62 6511101
 62 6711101
 62 6711201
 62 6711201
 62 1721901
 62 6711201
 62 5512101
 62 6611301
 62 6612901
 62 6721101
 62 2721301
 61 3621201
 62 6621201
 62 5711101
 62 6311901
 62 6411201
 62 6721301
 62 6721101
 62 7521001
 62 6321101
 62 6421301
 62 6321301
 61 6621301
 62 6721101
 62 3721101
 62 7521001
 62 3621101
 62 3521201
 62 6321201
 62 5611201
 62 6721201
 62 1711301
 62 3521201
 62 5511101
 62 3521201
 62 4422101
 62 6713201
 62 5711901
 61 6611301
 62 6621101
 62 7721001
 62 6611101
 62 3421101
 62 2711201
 62 3521101
 62 5611101
 62 5711111
 62 2721201
 62 7521001
 62 6511301
 62 6521101
 62 6211311
 62 7621001
 62 6711101
 62 6321101
 62 3721101
 62 3721101
 62 2512301
 62 5711101
 62 1421101
 62 3721101
 62 7621001
 62 3622201
 62 3621201
 62 6421201
 61 3521101
 62 6721301
 62 3621201
 62 5711101
 62 5611101
 61 6721901
 62 1721201
 62 1721101
 62 3621111
 62 6721301
 62 1411101
 62 5719111
 62 1721101
 62 5511101
 62 1722301
 62 4321101
 62 5511101
 62 6511301
 62 3721101
 62 3721111
 62 5711101
 62 5711101
 62 6721101
 62 6711301
 62 6521101
 62 6121101
 62 3721101
 62 6421101
 62 3423101
 62 3621101
 62 6611301
 62 3721201
 62 6711201
 62 6421101
 62 6421301
 61 3721301
 62 6721101
 62 6621101
 62 5711101
 62 6321901
 62 6722301
 62 6321101
 62 6521311
 62 2721101
 62 6721101
 62 6721101
 62 2721301
 62 4721301
 62 3621201
 62 6621101
 62 6411101
 62 6311101
 62 3721101
 62 1311101
 62 6521101
 62 3521201
 62 3621201
 62 3521101
 62 2711211
 62 6711101
 61 6721101
 61 6721101
 62 3721101
 61 2721901
 61 2711901
 61 6713901
 62 5611201
 62 5711101
 62 7421001
 62 1721201
 62 3321101
 62 7522001
 62 5611201
 62 7621004
 62 3421101
 61 2721901
 62 6719111
 61 2721901
 61 6711901
 61 2723901
 61 6721901
 62 6721301
 62 6721301
 62 7629001
 62 6721901
 62 3721101
 62 3721101
 62 1711101
 62 6711301
 61 6721301
 61 6711901
 61 2721901
 61 6722901
 62 3721201
 62 6611201
 62 7721001
 62 7721011
 62 2321301
 62 7521001
 62 2521101
 62 6611201
 62 6712101
 62 3721101
 62 6511301
 62 7521001
 62 6311201
 62 6512201
 62 5411101
 62 2711901
 62 5612101
 62 5711201
 62 1611201
 62 5612301
 61 2721301
 62 6411201
 62 3723101
 62 7421001
 62 6521101
 62 6611101
 61 5712101
 62 6711001
 62 6421101
 62 6713201
 62 6721201
 61 6319201
 62 5711101
 62 6719101
 62 6711101
 62 6411101
 62 6611101
 62 2711101
 62 6611201
 62 6521101
 62 5511101
 62 1611301
 62 6711301
 62 2511301
 62 6622101
 62 6319101
 61 6611901
 62 2711201
 62 6311101
 61 1613901
 62 5611101
 62 3621101
 62 6721101
 62 5711201
 61 6611301
 62 2712301
 62 6511201
 62 6621101
 62 2721301
 62 6521101
 62 3621101
 62 3521101
 62 6611301
 62 6611301
 62 6711301
 62 2621201
 62 6711101
 62 2721301
 62 6711101
 62 6611201
 62 6711111
 62 2721301
 62 5711301
 62 6721111
 62 6311101
 62 6721301
 62 6511201
 62 5711101
 62 6712201
 62 7621001
 62 3521101
 62 5611101
 62 6721301
 62 3621201
 62 6611101
 62 5711101
 62 6411101
 62 3721101
 62 5711101
 62 6611101
 62 6711001
 62 6621101
 62 3721201
 62 6321201
 62 6711201
 62 6621101
 62 6329101
 62 6311101
 62 6421101
 62 6429101
 62 6421101
 62 6321101
 62 3722101
 62 6721311
 62 3721101
 61 7721001
 62 6721101
 62 6711001
 62 6711201
 62 6411901
 62 3521201
 62 7722001
 62 3521301
 62 3721101
 62 6411211
 62 6711101
 62 1622101
 62 6711101
 62 3721101
 62 6721301
 62 6721101
 62 6721301
 62 1721111
 62 6411301
 62 6721301
 62 3721101
 62 3421101
 62 6721001
 62 6321201
 62 3421111
 62 6621101
 62 3721101
 62 6721301
 62 6611301
 62 6621301
 62 6721101
 62 6722201
 62 6711911
 62 6721311
 62 2711301
 62 7721001
 62 3521201
 62 5511101
 62 2721101
 62 6521301
 62 6711301
 62 6421101
 62 6511101
 62 6321101
 62 1621301
 62 6421101
 62 3521101
 62 7521001
 62 6511101
 62 3522201
 62 7522001
 62 3721101
 62 6411101
 62 3621101
 62 6611201
 62 6721201
 62 6711001
 62 6321101
 62 6711101
 62 6721301
 62 2622301
 62 6721201
 62 3421101
 62 6711901
 62 2721301
 62 2711101
 62 6711301
 62 6711301
 62 3721201
 62 6411101
 62 3721101
 62 5711101
 62 6621201
 62 6621101
 62 6711201
 62 3621101
 62 3721101
 61 6321301
 62 6711101
 62 6711301
 62 5711201
 62 6511101
 62 5713101
 62 6511901
 62 5512101
 62 5719111
 62 6721201
 62 5611101
 62 1721201
 62 6721101
 62 3721101
 62 7721001
 62 7421001
 62 6321101
 62 3421201
 62 6622201
 62 1721101
 62 2622201
 62 6611201
 62 7621001
 62 6611301
 62 1721101
 62 3721101
 62 6711301
 62 5711101
 61 5611901
 61 6721101
 62 2711301
 62 6511901
 62 1411301
 62 1721901
 62 6721101
 62 6511901
 62 6511211
 62 6721201
 62 6321101
 62 3721101
 62 6611301
 62 6721101
 62 6611101
 62 2711901
 62 6329211
 62 6511901
 62 2721101
 62 6711001
 62 6711201
 62 1721201
 62 1711201
 62 6711901
 62 6511901
 62 6711311
 62 3623101
 62 1721901
 62 6711201
 62 6721201
 62 1311211
 62 6311201
 62 5711101
 62 3622201
 62 6721111
 62 3721101
 62 3721101
 62 6711101
 62 6711101
 62 3721301
 61 6511301
 62 6721111
 62 7521001
 62 7621001
 62 6421201
 62 6211301
 62 5711201
 62 6311101
 62 1411301
 62 5611101
 62 6721101
 62 6321101
 62 6329101
 62 6511101
 62 6721101
 62 6411101
 62 2711301
 62 3721201
 62 6321101
 62 1711101
 62 6622301
 62 3721101
 62 1721201
 62 6721201
 62 6711301
 62 7723001
 62 6311101
 62 5611201
 62 5711101
 62 2711901
 62 6711901
 62 5612101
 62 3621201
 62 6511201
 62 5512201
 62 3721101
 62 2711301
 62 6311101
 62 3521101
 62 3722101
 62 6411101
 62 3321201
 62 1722201
 62 6322101
 62 6721101
 62 6721101
 62 5711101
 62 6521301
 62 2711101
 62 6511311
 62 6522901
 62 6611201
 62 1711201
 62 1711201
 62 2713301
 62 1713301
 62 6711111
 62 6711101
 62 2713301
 62 2721901
 62 2711901
 62 3321101
 62 3721111
 62 3721201
 62 7721001
 61 6612301
 61 6711101
 62 4321201
 62 5711101
 62 3721101
 62 6721201
 62 6711301
 62 6321201
 62 3621301
 62 6421301
 62 6312101
 62 6411101
 62 5711201
 62 6411101
 62 6611301
 62 6721101
 62 6421211
 62 6611201
 62 6711901
 62 1521301
 62 6721901
 62 6721901
 62 6711301
 62 6721101
 62 6721101
 62 3521111
 62 6621101
 62 6321101
 62 6711101
 62 5411301
 62 6721901
 62 3421201
 62 3621101
 62 7621001
 62 3521201
 62 3521101
 62 3721101
 62 5611201
 62 2611301
 62 6711001
 62 6421301
 62 6521201
 62 6721301
 62 7721001
 62 7721011
 62 6729201
 62 6723201
 62 3723201
 62 3723101
 62 6711301
 62 6611101
 62 5511101
 62 1711301
 62 6712001
 62 3721101
 62 3721101
 62 6411101
 62 3421101
 62 3621201
 62 6713101
 62 6311201
 62 6721301
 62 2611301
 62 3721201
 62 2421201
 62 3521101
 62 3621301
 62 5511211
 62 5711101
 62 5711101
 62 6711001
 62 3721101
 62 6711101
 62 1321201
 62 5711111
 62 6711201
 62 1611101
 62 6711301
 62 6729301
 62 3721101
 62 3721201
 62 2721301
 62 6711101
 62 2621101
 62 6611101
 62 3521101
 62 6621101
 62 3421101
 62 6611001
 62 6111101
 62 3721111
 62 5711101
 62 7721001
 62 2721201
 62 6721311
 62 6621301
 62 6321201
 62 5711111
 62 2321101
 62 5611111
 62 5711201
 61 5711104
 62 5611101
 62 5511201
 62 5611201
 62 6621101
 62 6611101
 62 2711301
 62 6321101
 62 6321201
 62 6311101
 62 7521001
 62 6521101
 62 3721101
 62 6721201
 62 6511101
 62 6611301
 62 3621101
 62 6621101
 62 6311101
 62 6711101
 62 5711101
 62 6712001
 62 6611101
 62 6421201
 62 7621001
 62 3721101
 62 5711101
 62 6711201
 62 6721301
 62 6321301
 62 3721101
 62 6611301
 62 6321101
 62 6711311
 62 6723301
 62 3621111
 62 2711301
 62 6712101
 62 6721101
 62 2711301
 62 2712301
 62 5711101
 62 1411201
 62 6721301
 62 6711101
 62 6711201
 62 6521301
 62 6721101
 62 6321201
 62 7421001
 62 1721201
 62 6611001
 62 5711101
 62 3721301
 62 6629101
 62 2721101
 62 6722101
 62 6711101
 62 6711101
 62 6411101
 62 6621001
 62 6612301
 62 3621101
 62 6611101
 62 6721301
 62 6311111
 62 6311101
 62 2711301
 62 3721101
 62 6721201
 62 6622301
 62 7721001
 62 6712201
 62 6511311
 62 6511301
 62 6711201
 62 6421101
 62 6511101
 62 6321101
 62 6311201
 62 4321101
 62 6611101
 62 6511101
 62 1711901
 62 6721101
 62 6321101
 62 6321101
 62 2711311
 62 6722301
 62 6611101
 62 6721901
 62 2711101
 62 5711101
 62 5611111
 62 3623111
 62 6711101
 62 2711301
 62 6721101
 62 6721101
 62 6711201
 62 6723201
 62 6711301
 62 6721301
 62 6721301
 62 6711201
 62 6411301
 62 6711301
 62 3621201
 62 5612201
 62 3723201
 62 3723101
 62 2621101
 62 6511201
 62 3521101
 62 3421101
 62 1721201
 62 5511101
 62 6611101
 62 6611201
 62 6611301
 62 6711101
 62 6711001
 62 7521001
 62 2621101
 62 6411101
 62 7521001
 62 6521201
 62 6421101
 62 7521001
 62 7521001
 62 7621001
 62 3521201
 62 3621201
 62 1723201
 62 6721911
 62 6411301
 62 6411201
 62 3421111
 62 6622201
 62 3521211
 62 6311301
 62 3521101
 62 1311301
 62 6323101
 62 6721301
 62 2721101
 62 2721211
 62 6321101
 62 6421911
 62 5711101
 62 2711301
 62 6411101
 62 6711101
 62 6611201
 62 6721301
 62 7622001
 62 6611101
 62 5611101
 62 5711101
 62 2721301
 62 6721301
 62 3521201
 62 1311101
 62 1311101
 62 6711301
 62 2613201
 62 7721001
 62 6511101
 62 6721101
 62 6721301
 62 7421011
 62 3721101
 62 2721101
 62 6421111
 62 6711101
 62 3623101
 62 5611101
 62 7621001
 62 7721001
 62 6421101
 62 6721101
 62 7721001
 62 7521001
 62 6611201
 62 6621101
 62 6321101
 62 6621201
 62 6711301
 62 6611301
 62 1711201
 62 6711101
 62 6511001
 62 1611901
 62 5711101
 62 6321201
 62 5711101
 62 1721101
 62 6711201
 62 1521301
 62 1411201
 62 6611101
 62 6521201
 62 6721301
 62 1411101
 62 3421101
 62 2711101
 62 6711301
 62 1711201
 62 5511111
 62 2721301
 62 2611201
 62 6711001
 62 6511101
 62 6621101
 62 6111301
 62 6611101
 62 6711301
 62 2711901
 62 6711901
 61 2512901
 61 6711301
 62 6311101
 62 2621101
 62 6721101
 62 5713101
 62 6611101
 62 7721001
 62 3521201
 62 3521101
 62 7521001
 62 5611201
 62 1421301
 62 1521201
 62 3721101
 62 6311101
 62 6511101
 62 6711101
 62 2711301
 62 5711111
 62 6511101
 62 6721101
 62 2711301
 62 6721101
 62 6411101
 62 6521101
 62 6721201
 62 6721101
 62 6311201
 62 2711101
 62 6721301
 62 3421301
 62 3721101
 62 5711101
 62 6311101
 62 6621011
 62 6611201
 62 6711301
 62 7421001
 62 6711901
 62 6611101
 62 6421101
 62 1511311
 62 5611301
 62 6521111
 62 2721301
 62 6311101
 62 6511101
 62 6411101
 62 5611101
 62 2721101
 62 6711101
 62 6721301
 62 6722901
 62 6711311
 62 2721101
 62 6711301
 62 4421301
 62 6321101
 62 6621001
 62 3721101
 62 3721101
 62 6611101
 62 3723201
 62 2721101
 62 4521101
 62 3621101
 62 2711301
 62 6711101
 62 6611201
 62 6411301
 62 6711301
 62 5711101
 62 2711311
 62 6711101
 62 5611101
 62 1722301
 62 6611101
 62 6721301
 62 6721301
 62 2721101
 62 1611201
 62 1521101
 62 1721101
 62 3721301
 62 6711101
 62 1711901
 62 6721101
 62 6311301
 62 6319101
 62 6311101
 62 6721101
 62 6421101
 62 2721301
 62 6321301
 62 6521211
 62 2712301
 62 6721301
 62 3721901
 62 6721201
 62 6621101
 62 2721301
 62 6711301
 62 5711901
 62 6711101
 62 3721101
 62 1511301
 62 2721101
 62 5511101
 62 3721101
 62 6621101
 62 3621201
 62 7721001
 62 6721301
 62 5711111
 62 3621101
 62 6713201
 62 6321201
 62 6421111
 62 2711101
 62 6721301
 62 6521101
 62 6411201
 62 6723301
 62 6321101
 62 6511101
 62 5711111
 62 6721001
 62 3621101
 62 3721101
 62 6621201
 62 6721111
 62 5719101
 62 1723301
 62 6611301
 62 6421201
 62 6711001
 62 6721011
 62 3721101
 62 6721101
 62 6321201
 62 6311111
 62 6711301
 62 3721101
 62 3721201
 62 7421001
 62 7521001
 62 1711311
 62 3621101
 62 6511301
 62 1711211
 62 6611301
 62 2611301
 62 6311301
 62 1611101
 62 2711301
 62 1613101
 62 7723001
 62 6611101
 62 6311101
 62 5411101
 62 6321101
 62 6711101
 62 1421101
 62 6711101
 62 6711101
 62 6521101
 62 6711301
 62 6711201
 62 5711101
 62 5611101
 62 6521101
 62 6713301
 62 1721211
 62 5711101
 62 6721301
 62 6721301
 62 3321201
 62 6611201
 62 6311301
 62 6612101
 62 6712101
 62 6711101
 62 6721301
 62 2611301
 62 3321301
 62 3421101
 62 3521101
 62 5511101
 61 6711301
 62 6421101
 62 6321201
 62 2621301
 62 4321101
 62 6311301
 62 6411101
 62 3521101
 62 3521201
 62 7421001
 62 6612301
 62 6511101
 62 1711301
 62 7521001
 62 3721101
 62 6721901
 62 2723101
 62 2611301
 62 6711301
 62 6721301
 62 6711201
 62 2621111
 62 7621001
 62 6321201
 62 6421201
 62 6421301
 62 3721101
 62 3721201
 62 6711101
 62 6611101
 62 6611201
 62 2521301
 62 6721201
 62 6711101
 62 2721101
 62 6721201
 62 6111101
 62 3721101
 62 1712101
 62 1611201
 62 7721001
 62 3721101
 62 3621101
 62 3521101
 62 6611101
 62 6711211
 62 6712101
 62 1622201
 62 6723101
 62 2612201
 62 5711101
 62 5711101
 62 5711301
 62 5711301
 62 6521311
 62 2721311
 62 2711301
 62 6721301
 62 6511301
 62 6711201
 62 6711301
 62 6611201
 62 6711201
 61 5612301
 62 1521301
 62 1712101
 62 6611301
 62 6622201
 62 6721101
 62 3721101
 62 7421001
 62 2711311
 62 6613301
 62 5711101
 62 6721311
 62 6711101
 62 5713101
 62 7521001
 62 2721201
 62 6721301
 62 6629101
 62 2721301
 62 2721301
 62 3722901
 62 2721901
 61 2711901
 62 6711901
 62 6622101
 62 6611301
 62 6421201
 62 5711101
 62 3421101
 62 6722301
 62 2611301
 62 6612101
 62 4721201
 62 3621101
 62 6311101
 62 2611301
 62 5413101
 62 7521001
 62 6611001
 62 1421201
 62 6321101
 62 6511201
 62 6421101
 62 6611301
 62 6511101
 62 6411101
 62 6421101
 62 3521101
 62 7521001
 62 3521101
 62 6621301
 62 6611101
 62 7521001
 62 5611111
 62 2711101
 62 3521101
 62 3721101
 62 7721001
 62 6521311
 62 6321201
 62 6511101
 62 6411201
 62 3421101
 62 6721101
 62 3721101
 62 7521001
 62 5612101
 62 7521001
 62 6721101
 62 6721301
 62 6421101
 62 6711301
 62 2711301
 62 6712101
 62 2721101
 62 6721301
 62 6621111
 62 6721301
 62 6721101
 62 6711101
 62 6311101
 62 6411101
 62 6711101
 62 6721101
 62 6621101
 62 6511101
 62 6611311
 62 1721201
 62 1521211
 62 6711901
 62 2713101
 62 1711211
 62 6721101
 62 7721001
 62 2622101
 62 6711101
 62 6713301
 62 1723201
 62 6722201
 62 6611111
 62 3721101
 62 6721911
 62 6711301
 62 1711101
 62 6622101
 62 6621301
 62 6721301
 62 1611101
 62 3721101
 62 6511901
 62 3721211
 62 3421301
 62 2711301
 62 6621201
 61 6411901
 62 6321901
 62 6721901
 62 7721001
 62 7721001
 62 2611301
 62 7421011
 62 6711301
 62 6612301
 62 3621201
 62 3321101
 62 6321101
 62 3521101
 62 6721201
 62 6711101
 62 6711201
 62 5711101
 62 6411201
 62 5611101
 62 5611101
 62 6711201
 62 6721101
 62 5711201
 62 6711001
 62 1613301
 62 6311201
 61 6711911
 62 6721301
 62 6412201
 62 3621111
 62 6722301
 62 6323311
 62 6611201
 62 6311201
 62 6611101
 62 6721301
 62 6721301
 62 6521101
 62 1611101
 62 6711201
 62 6611201
 62 5611101
 62 6721101
 62 6723201
 62 3621101
 62 5711301
 62 6721101
 62 6521301
 62 6711301
 62 6321201
 62 1711101
 62 6611301
 62 6711101
 62 6511314
 62 1612301
 62 6721101
 62 6712101
 62 2711101
 62 7721001
 62 1622101
 62 5711101
 62 6411101
 62 3521101
 62 6721101
 62 3421201
 62 3721101
 62 6621101
 62 4621101
 62 6511101
 62 3521201
 62 7521001
 62 6521301
 62 6611301
 62 3423101
 62 6721301
 62 6411101
 62 6621201
 62 3621211
 62 6411101
 62 6311211
 62 6621901
 62 5711101
 62 6413101
 62 2712301
 62 6313301
 62 1721201
 62 7621001
 62 2623201
 62 6711301
 62 6721201
 62 3723101
 62 2711101
 62 6721101
 62 5411101
 62 6421101
 62 6711301
 62 6621201
 62 6711301
 62 3721101
 62 3423101
 62 6711101
 62 2711201
 62 6721201
 62 6721311
 62 3423201
 62 6721211
 62 7722001
 62 6321101
 62 3423101
 62 7521001
 62 6721901
 62 6721201
 62 2721101
 62 6711101
 62 6511301
 62 6521201
 62 1721101
 62 6421101
 62 1511101
 62 5711211
 62 6721901
 62 2621301
 62 6312301
 62 6721911
 62 6721311
 62 3621101
 62 2721901
 62 6711901
 62 6611101
 62 2723901
 62 1721201
 62 7421001
 62 6721101
 62 3521101
 62 6311101
 62 3721101
 62 3321201
 62 5511101
 62 5511101
 62 6321201
 62 6721901
 62 6711301
 62 6721101
 62 6721101
 62 2711301
 62 1521201
 62 6311101
 62 6321101
 62 6711201
 62 4321101
 62 6711901
 62 6721301
 62 6511201
 62 6711201
 62 6323201
 62 3721201
 62 3721211
 62 6421101
 62 3621201
 62 1711301
 62 1621101
 62 3721301
 62 3721201
 62 2721201
 62 2721201
 62 6521301
 62 6523301
 62 6611101
 62 6711301
 62 6511301
 62 6711101
 62 6311301
 62 6711301
 62 6621201
 62 5611101
 62 5711101
 62 2611301
 62 6711101
 62 6421301
 62 2511301
 62 2722301
 62 1711201
 62 7622001
 62 3721201
 62 3421201
 62 6621101
 62 6421201
 62 6611304
 62 3521101
 62 1612101
 62 1511101
 62 3623201
 62 6521201
 62 1721201
 62 2721301
 62 5513211
 62 2721101
 62 6311101
 62 6521301
 62 2713101
 62 2713301
 62 5711101
 62 6721201
 62 1711101
 62 6711201
 62 6611201
 62 6511301
 62 6723301
 62 3521101
 62 6711111
 62 6321201
 62 6311101
 62 6511201
 62 7721001
 62 6522201
 62 3721101
 62 2722301
 62 2612301
 62 3722101
 62 1721101
 62 6721301
 62 6612101
 62 5511101
 62 5711201
 62 6613201
 62 6522201
 62 6721301
 62 6721301
 62 3323201
 62 6521301
 62 6711301
 62 6711101
 62 4721201
 62 6611311
 61 6521314
 62 6511301
 62 5711101
 62 6422101
 62 6712101
 62 6421301
 62 5611101
 62 2711911
 62 2711101
 62 6521301
 62 5711101
 61 3321201
 62 1521101
 62 6421101
 62 6721311
 61 6621311
 62 6411101
 62 6713101
 62 6712301
 62 2711301
 62 6721301
 62 5711101
 62 6711901
 62 6721901
 62 2711901
 62 5711901
 62 1611911