651 6711001
651 6412101
651 2611201
651 6721901
651 7629001
651 6621301
651 6511111
651 6721301
651 7521001
651 6611301
651 6321211
651 6721101
651 6711201
651 6511101
651 3721101
651 6621101
651 6721301
651 6721301
651 6711301
651 6511311
651 2621101
651 6721901
651 2711201
651 1711201
651 6711311
651 6721101
651 2721301
651 6611101
651 1711201
651 6721101
651 3721301
651 2721301
651 6721101
651 3721101
651 3521111
651 5511101
651 5511111
651 3521111
651 6511201
651 6621111
651 6511911
651 2721311
651 1721201
651 3721901
651 1511101
651 1721101
651 5713101
651 1721101
651 6211101
651 3621101
651 1721101
651 6711901
651 1711201
651 3521201
651 6711211
651 6121311
651 6711001
651 4521111
651 6711101
651 6711101
651 6711901
651 3621101
651 6621311
651 5611111
651 6521101
651 1612201
651 6711211
651 3721201
651 6211311
651 6421201
651 5611111
651 6421201
651 6621101
651 6711101
651 1721101
651 6421111
651 3721201
651 5711101
651 5611101
651 6621111
651 2621101
651 6511311
651 3721111
651 6721101
651 5711311
651 6611901
651 5711201
651 3521101
651 6721101
651 6311311
651 5711211
651 6421111
651 6411111
651 6621301
651 1721201
651 6722301
651 6721301
651 6621101
651 2721301
651 6521111
651 6521201
651 3621111
651 6621301
651 6321311
651 5611101
651 6611101
651 3421111
651 6611111
651 6721201
651 6321211
651 6722001
651 2722201
651 6511111
651 6521101
651 6721211
651 4329111
651 3721301
651 1721301
651 3721101
651 7521001
651 3321211
651 5711101
651 6611111
651 6711301
651 2711201
651 6721301
651 2721301
651 6711001
651 7521001
651 6711301
651 1721201
651 6311311
651 7521001
651 1611201
651 2621301
651 6721301
651 6521911
651 6621111
651 2711111
651 1711311
651 6421101
651 6511211
651 5711101
651 6721311
651 1711101
651 6721101
651 5612101
651 1721101
651 6711901
651 6711211
651 3721101
651 5711111
651 1511211
651 6711101
651 6711101
651 5711101
651 5611211
651 6722101
651 6722201
651 6311101
651 6711911
651 5711211
651 6711311
651 6429911
651 6711201
651 2321311
651 6511311
651 5711101
651 6711101
651 1611301
651 2611301
651 6612201
651 5711101
651 5511201
651 6521311
651 5711101
651 2711301
651 6711101
651 5511101
651 6622301
651 6621311
651 3521211
651 6611901
651 6621111
651 6621111
651 2611201
651 5711101
651 6621111
651 4621311
651 2711301
651 2721901
651 6521101
651 3321211
651 6721901
651 6229111
651 5711101
651 7621011
651 6721111
651 3521211
651 5611101
651 6721901
651 6421111
651 1711101
651 5719101
651 6723301
651 3721201
651 2721301
651 3721101
651 6611111
651 2621301
651 5511311
651 5711111
651 6511211
651 3621201
651 6611911
651 5711111
651 3521211
651 6611301
651 3721201
651 6611101
651 6411311
651 6621111
651 6411111
651 4721101
651 6711201
651 5611101
651 6721211
651 5711101
651 6711201
651 2721101
651 6311111
651 6721211
651 6721101
651 6721101
651 4321111
651 6629911
651 6711001
651 6711911
651 6421201
651 5611301
651 6411101
651 1611311
651 6611911
651 6721201
651 6521101
651 1721101
651 1711301
651 6711211
651 1611211
651 5711101
651 3521111
651 6711101
651 1711111
651 2711301
651 6721201
651 6721201
651 1721101
651 2711101
651 6721101
651 1711101
651 6721301
651 5611111
651 6711011
651 6711901
651 3521201
651 5711111
651 6711201
651 6711101
651 6621201
651 1721901
651 7521001
651 6721111
651 3621101
651 3721101
651 6721001
651 1611111
651 1721201
651 6412201
651 1721101
651 5611101
651 5611111
651 1721101
651 3721101
651 6321111
651 5711101
651 2721901
651 2711301
651 6511111
651 6321111
651 6721911
651 6721311
651 5711101
651 3321211
651 6621201
651 3621211
651 6511101
651 6711301
651 5711101
651 1621311
651 6419111
651 6711201
651 5612201
651 1711901
651 6711911
651 6721301
651 6711301
651 2721301
651 3721101
651 3321211
651 6421111
651 7621011
651 6521201
651 6611101
651 6621211
651 6421111
651 6711301
651 6711101
651 3721301
651 6511111
651 2611311
651 6721211
651 2621301
651 2721301
651 5712101
651 6621101
651 6321101
651 1511211
651 2711301
651 2611301
651 6611301
651 6711311
651 6521911
651 3521101
651 2721301
651 6511311
651 5711101
651 6711101
651 6721901
651 1721101
651 3529111
651 6421211
651 2721201
651 3521311
651 6311111
651 3721211
651 3721211
651 6721101
651 2521101
651 6511301
651 6611101
651 3721311
651 6121311
651 1721101
651 6711901
651 3421211
651 6711301
651 3721101
651 6721201
651 6721111
651 6421211
651 1711301
651 1611201
651 6711311
651 6311911
651 1511101
651 2711301
651 6521301
651 6611301
651 6721211
651 6711101
651 6721211
651 6711111
651 6311211
651 6711201
651 5711111
651 6711911
651 6411911
651 5711101
651 6321311
651 2711311
651 6721901
651 6411911
651 6721901
651 6721901
651 3721901
651 6721911
651 1721901
651 3521211
651 6411111
651 7621001
651 1711211
651 6711311
651 3421111
651 7521001
651 4521911
651 1721101
651 6729301
651 6419311
651 6311211
651 6721201
651 6511001
651 6629201
651 2511301
651 6611301
651 5711111
651 6611311
651 3721211
651 6521211
651 3721201
651 6621201
651 6311311
651 2611301
651 2711301
651 6329101
651 1721201
651 6411311
651 6721311
651 6621301
651 2721301
651 3521211
651 5511111
651 6621111
651 1511111
651 6211311
651 6411111
651 6711311
651 5712101
651 6721101
651 6522301
651 2621301
651 7521011
651 3621111
651 6321311
651 3721101
651 6621301
651 6521211
651 6529111
651 2721301
651 6711901
651 3421201
651 6421211
651 6611201
651 6711111
651 6711301
651 1611211
651 6421101
651 5611111
651 5511111
651 6711111
651 2621311
651 6721101
651 5611201
651 6711311
651 2711301
651 3721111
651 6629101
651 2722201
651 1721201
651 6711901
651 6721911
652 5611111
651 3621111
651 2421101
652 6711311
652 6711101
652 6311111
651 5712101
652 6621301
652 7721011
652 7521001
651 1721201
651 6722101
652 3421111
652 6711301
652 2711101
651 3721101
651 5611101
652 6511101
652 1711101
652 2711201
652 5711101
652 2721301
652 4521311
652 1621111
651 6722201
652 6721111
651 6621301
652 3421211
652 3721111
652 1521111
652 1611101
652 1621301
651 7521011
652 1712201
652 5711101
652 6721111
652 1621111
652 6621301
652 1721201
652 2721111
652 6721301
652 6621101
652 1721311
652 6621211
652 6421211
652 5711111
652 6711301
652 6521211
652 7521011
652 6511211
652 5711101
652 2611301
652 6622201
652 6612201
652 6711301
652 6721301
652 6721301
652 6721101
652 3421111
652 6411111
652 5611111
652 6512101
652 6122111
652 3621101
652 6711301
652 3721201
652 1521101
652 6311311
652 5611111
652 6721211
652 6729101
652 1521911
652 6512201
652 6311211
652 6611101
652 4421111
652 6521211
652 2711311
652 2711311
651 5711901
652 6412301
652 6521311
652 6511211
651 6411311
652 1711211
652 3721101
652 3721101
651 5719911
651 3421911
652 5711101
652 2711311
652 2721301
652 6129311
652 6721301
652 3621111
652 6521201
652 6611301
652 5711101
652 6619211
652 3521211
652 6611201
652 2711301
652 1511301
652 6621901
651 1611111
651 6721101
652 7621011
652 3421211
652 6521111
652 3621211
652 6721301
652 5612101
652 6721311
652 1711211
652 6721901
652 1611201
652 5511211
651 6721101
651 6722901
652 6721001
651 6721301
652 2711201
652 6611201
652 6711201
652 6711911
651 1721901
652 1721211
652 6421111
652 6521111
652 2511301
651 6721301
652 1621111
652 6611101
652 1321111
652 3521101
652 7521001
652 5512101
652 5712901
651 6721911
652 1721101
651 6522901
652 2711311
651 6521911
651 6721901
652 5611111
652 6721301
652 2721201
651 6421311
652 6721301
652 2721311
652 6711011
652 6511111
652 6711311
652 2611311
652 6721311
652 1711211
652 5711211
652 5511101
652 5711111
652 6621111
651 1711311
652 6711111
652 6711301
652 6721111
652 2521311
652 6611201
652 6729111
651 2721101
652 6511301
652 3621211
652 6321111
652 3521211
652 5611111
652 5711111
652 6611211
652 3621111
652 6711311
652 6711211
652 6711201
652 6711301
652 3721301
652 6111311
652 5512101
652 6719211
652 5719111
652 3721111
652 6529911
652 5611101
652 5511111
652 6721101
652 6621111
652 6311301
652 7721011
652 6721111
652 6711311
652 6411011
652 6611311
652 6722301
652 3722201
652 6512211
651 1721301
652 6611201
652 3721201
652 6721111
652 3529201
652 3722101
652 6711311
652 6711101
652 6611211
652 6711301
652 6621111
652 6111111
652 3421211
652 6321311
652 1711101
652 6722101
652 5711101
652 6621201
652 6511301
652 1721211
652 6511201
652 5711101
652 1511101
652 1319111
652 5711101
652 2522301
652 3522201
652 1613311
652 7721001
652 6611901
652 2712901
652 3722101
652 6519311
652 7521011
652 5711111
652 1721201
652 6711301
652 6711101
652 3421111
652 6621111
651 6621111
652 3721101
652 3621201
652 2721301
652 6621311
652 6721901
652 6421111
652 6721201
652 2711201
652 5711101
652 5612201
652 6711101
652 1711301
652 6321111
652 2621111
652 1511111
652 6611101
652 2711301
652 6311311
652 5711101
652 6721911
652 6419001
652 6711311
652 6611111
652 6721301
652 1722101
652 3721201
652 6711101
652 6522101
652 5611101
652 6611301
652 1712201
652 6721101
652 7721001
652 6711301
652 6621211
652 6321111
652 5711111
652 6711301
652 5712101
652 6621301
652 6621301
652 3621211
652 5611111
652 6121911
652 7721001
652 6721901
652 2721301
652 6721301
652 3721211
652 6711301
652 3321211
652 1723101
652 3622101
652 5611211
652 6711201
652 2711301
652 6721201
651 6521311
652 5711101
652 5511101
652 5611101
652 1711101
652 6711201
652 6711101
652 2611311
652 6611111
652 6721101
652 1521111
652 2711211
652 6319311
652 7621011
652 5611201
652 3721201
652 5611111
652 3621101
652 1721101
652 6721101
652 4621101
652 4621111
652 6611101
652 6711911
652 6521311
652 6421211
652 1711301
652 1712301
652 5711911
652 6711111
652 6621111
652 5711111
652 4321211
652 2621311
652 1721111
652 6621201
652 6621111
652 6311101
652 5712101
652 7521011
652 3521101
652 3622111
652 1611301
652 2713201
652 6611211
652 6711311
652 1519311
652 6712201
652 6719911
652 6711911
652 2711901
652 6421911
652 6311311
652 1511201
652 1711211
652 5712901
652 6711901
652 3721101
652 1721111
652 6721911
652 6311111
652 6721911
652 5512101
652 1319111
652 6711311
652 4321211
652 6622101
652 6211311
652 3721211
652 5619211
652 6712101
652 7422001
652 4422201
652 7721011
652 3721111
652 3621111
652 6711111
652 6721111
652 6721211
651 6721301
651 6721301
652 2711201
652 3721101
652 7521011
652 2521311
652 2721101
652 6711211
652 6722301
652 6521101
652 5711101
652 1611301
652 6511311
652 6411111
652 6721301
652 6711101
652 6721311
652 6711101
652 2711301
652 6611111
652 3721111
652 6421111
652 4421111
652 6711201
652 6511311
652 1721101
652 5712301
652 6711311
652 1611301
652 4722301
652 7621011
652 3621211
652 6321111
652 6621211
652 6721311
652 6721201
652 5719911
652 6321111
652 6611101
652 7429011
652 3521211
652 6711201
652 3521111
652 6511111
652 7721001
652 6521311
652 1711211
652 6611311
652 5711111
652 6711911
652 1721311
652 6611311
652 4521211
652 3521111
652 3521111
652 3521111
652 5611101
652 6511111
652 3621211
652 6611211
652 6711101
652 6511211
652 7621001
652 6121311
652 6112301
652 6721311
652 3621101
652 6521111
652 6711911
652 3722101
652 3721301
652 3721101
652 6621301
652 1711911
652 1721901
652 2711301
652 1621101
652 2721301
652 2711101
652 6711101
652 5611101
652 6711101
652 6611311
652 6722301
652 1521111
652 6712101
652 6721311
652 6712001
652 6721101
652 3529211
652 6722301
652 2711901
652 6712301
651 6712301
652 2721201
652 6621101
652 6411911
652 6321211
652 5711101
652 2721301
652 5711111
652 6721101
652 6711111
652 7521001
652 3521111
652 1321111
652 5613111
652 6621301
652 3721101
652 1719111
652 6611101
652 7721001
652 6711211
652 6321111
652 6321211
652 7521011
652 2711311
652 6621311
652 5711901
652 1711901
652 6221311
652 5611111
652 2611311
652 7621001
652 6611311
652 5711101
652 3621111
652 1721201
652 3721201
652 5611111
652 5711111
652 6611211
652 6611201
652 6721111
652 1521211
652 1721311
652 5611111
652 6722301
652 6721311
652 6511201
652 3721201
652 6721301
652 3621111
652 6321211
652 4421211
652 5611111
652 6711311
652 6711301
652 3721201
652 2721301
652 4521201
652 5711311
652 6721911
652 5611101
652 1621901
652 6611911
652 3721101
652 2722101
652 2711901
652 5711901
652 6411111
652 6521111
652 6721901
652 2721101
652 5711111
652 1721211
652 5711111
652 6711111
652 6711111
652 1411311
652 6521311
652 6711111
652 5611111
652 6721101
652 6511211
652 1721111
652 3621111
652 3621111
652 6721201
652 3521211
652 6321111
652 5611211
652 6621011
652 6421311
652 2719311
652 3621111
652 6521311
652 6721211
652 5711101
652 5611101
652 5711111
652 3621111
652 3521211
652 3521311
652 2711311
652 2721301
652 6311111
652 2722201
652 6512901
652 2521311
652 5511111
652 6611901
652 3421211
652 3621111
652 6711901
652 2712901
652 6711901
652 3722901