681 3422101
681 6712101
681 2722301
681 5512101
681 1722201
681 3722111
681 6712101
681 3522201
681 5712101
681 6722201
681 7522001
681 6612201
681 6622101
681 7722001
681 6722101
681 6422101
681 2712301
681 3622101
681 5712101
681 3522101
681 1612101
681 2622101
681 1612101
681 1722301
681 1612201
681 6612301
681 1622301
681 6522201
681 6712101
681 6622201
681 6722101
681 6721301
681 3622101
681 6312101
681 6522301
681 4722201
681 5712101
681 3722101
681 4522101
681 5712101
681 1622301
681 6622101
681 3522101
681 6612101
681 6622301
681 5612101
681 2512301
681 2712101
681 2722201
681 3422101
681 3722101
681 3622101
681 6722101
681 2612301
681 2612901
681 6712301
681 5612901
681 5712101
681 6722901
681 5612101
681 5412101
681 5712101
681 2612901
681 6722101
681 3522201
681 3722101
681 6722101
681 4422101
681 2522101
681 5712101
681 6612301
681 6712301
681 6712301
681 3622101
681 1712301
681 6622101
681 6722201
681 6712301
681 6712101
681 6712101
681 1522101
681 5712101
681 6322301
681 6512301
681 2722101
681 7522001
681 6612101
681 6722301
681 2722301
681 5712101
681 6712201
681 6112101
681 2712301
681 6722101
681 6722101
681 6612901
681 3722201
681 5712101
681 3722901
681 2612301
681 6722201
681 6512101
681 6712201
681 6712201
681 6522901
681 6612301
681 6712901
681 2722301
681 1522101
681 6722101
681 6312201
681 6512101
681 2512201
681 6722101
681 6522901
681 2712201
681 2722301
681 6621301
681 5612101
681 6622101
681 6712101
681 5712301
681 2712301
681 5612101
681 5612201
681 6522301
681 6522301
681 1622301
681 6722901
681 6722101
681 6422101
681 6622101
681 6712101
681 6612301
681 6522101
681 6512201
681 6412301
681 5512101
681 5612101
681 4522201
681 5712101
681 6722901
681 5712901
681 6712301
681 5612101
681 6212101
681 6522301
681 7722001
681 3722101
681 3722201
681 6622201
681 5712901
681 3722101
681 1712101
681 3722101
681 6512201
681 3522101
681 1522101
681 6722301
681 6512301
681 3622201
681 6622301
681 6512201
681 5612901
681 5712101
681 2712101
681 1722301
681 5712101
681 2522101
681 2712301
681 3522101
681 2722101
681 5612301
681 2722201
681 6612101
681 6722101
681 7722001
681 3722901
681 6722301
681 6522101
681 2712101
681 6612201
681 2712201
681 6612101
681 6722301
681 6712301
681 6712901
681 3722101
681 3422301
681 3622101
681 3722201
681 2722201
681 5712101
681 3722101
681 6722101
681 2712201
681 2712301
681 1522101
681 3622201
681 1712301
681 1722301
681 7522001
681 2712301
681 6512101
681 6622901
681 2512901
681 6712101
681 2712101
681 6512101
681 1622201
681 2712101
681 1612101
681 2712101
681 2722301
681 5712101
681 5612101
681 5712101
681 5712101
681 1712101
681 5712101
681 6412201
681 6622101
681 3422201
681 5712101
681 2622301
681 6612301
681 3622101
681 5612101
681 2722201
681 1722901
681 3722101
681 2712301
681 6122301
681 2722301
681 6322301
681 6722301
681 1722201
681 1722301
681 6622101
681 6722101
681 2522201
681 2712301
681 2712101
681 2712201
681 1622201
681 5712101
681 6512101
681 2422201
681 7622001
681 6712301
681 2712201
681 2612301
681 3422201
681 6622101
681 2721301
681 6722301
681 2622301
681 6612301
681 3522301
681 6712201
681 6722101
681 1622201
681 3522201
681 6412301
681 2722301
681 6721301
681 6522101
681 3622901
681 6722101
681 6522901
681 3322201
681 3522101
681 6712101
681 6712101
681 6522301
681 1722301
681 6722201
681 3722101
681 3522101
681 5612301
681 3722101
681 1712201
681 6512901
681 2622901
681 2722901
681 5612101
681 6712201
681 6322901
681 2722901
681 2722901
681 2722901
681 5612101
681 2512301
681 2722901
681 5712901
681 2612901
681 6722901
681 5612101
681 5612101
681 5612201
681 6612201
681 1712301
681 2612201
681 6512901
681 6512201
681 7522001
681 5712101
681 1712101
681 6712101
681 1612101
681 6612101
681 6712101
681 1712101
681 5712101
681 5712101
681 6612301
681 5712101
681 6612101
681 6612101
681 5712301
681 6722101
681 6512301
681 2712201
681 7722001
681 6612301
681 2722301
681 6712301
681 4522901
681 7722001
681 3622201
681 6721201
681 2712201
681 1712301
681 6322101
681 2612301
681 5719101
681 6422901
681 6722301
681 6712301
681 1722301
681 7522001
681 6512301
681 2522301
681 2622101
681 2412301
681 6729101
681 6712901
681 3722201
681 2512301
681 6412101
681 3722201
681 6722101
681 1622201
681 5612901
681 6622101
681 2612301
681 1722101
681 6722201
681 6712201
681 1722201
681 3722301
681 5712101
681 6722201
681 3622101
681 6522301
681 2612301
681 6712301
681 5712201
681 1612201
681 2612301
681 3622201
681 7622001
681 3622201
681 6122101
681 6522101
681 6722101
681 5611101
681 3522101
681 5712101
681 1522201
681 5512101
681 2722301
681 5712101
681 2712301
681 6522101
681 1722104
681 2712301
681 6612301
681 2712101
681 6712301
681 3722101
681 6512101
681 5312101
681 6522301
681 6622201
681 6212101
681 4722101
681 6722101
681 6722901
681 1722201
681 1712901
681 5612301
681 2612301
681 5712101
681 5612101
681 2612101
681 2622301
681 1712101
681 6622201
681 2712201
681 2712301
681 5611101
681 5712101
681 6422901
681 1522301
681 6712101
681 6712101
681 1712101
681 2622201
681 3422301
681 7622001
681 2722901
681 3722101
681 2512301
681 5612101
681 6522101
681 5712201
681 6721201
681 4622201
681 6622201
681 6522301
681 6712301
681 5712101
681 2712201
681 6712101
681 6612101
681 6612101
681 5612101
681 4422101
681 6712101
681 6412101
681 7722001
681 2612301
681 3522201
681 3722101
681 6712301
681 3722301
681 6422301
681 3522201
681 6512201
681 3522201
681 5712101
681 5612104
681 2712301
681 6712901
681 5712301
681 6622101
681 6712101
681 5712101
681 1712201
681 5712101
681 5712101
681 6512201
681 6612201
681 6322301
681 5711301
681 6322301
681 7722001
681 5512201
681 5611101
681 1712101
681 6712901
681 6622901
681 6712101
681 6422101
681 5712101
681 2612301
681 2612301
681 2512901
681 3522201
681 4622301
681 4522201
681 6712301
681 2712201
681 2522901
681 5712301
681 6312901
681 6522901
681 6712301
681 2712901
681 6612901
681 6622901
681 6712901
681 6512901
681 2612901
681 2612901
681 2722901
681 6722301
681 6122101
681 7622001
681 2712201
681 3522201
681 6722901
681 3622301
681 6712901
681 6612901
681 6622301
681 6511201
681 5712101
681 2522301
681 1722101
681 3722101
681 1722201
681 6222301
681 6412101
681 1712201
681 3722101
681 6722101
681 3622201
681 1722901
681 6412101
681 2512301
681 2712201
681 2612301
681 6722201
681 2712301
681 6722201
681 6712101
681 7722001
681 6712201
681 3722201
681 7522001
681 2522301
681 6722101
681 6722901
681 6722301
681 2722301
681 2712301
681 6712301
681 6522101
681 6712301
681 2722301
681 5712101
681 6712201
681 2722201
681 2722901
681 6622301
681 5712101
681 2622201
681 2612201
681 6722201
681 3522101
681 6512301
681 6722101
681 2522301
681 3422201
681 5712101
681 2712201
681 6712301
681 6722901
681 3522101
681 6712101
681 1722901
681 6712301
681 2722201
681 6712901
681 1622301
681 5712101
681 5612101
681 6722301
681 3622201
681 2712201
681 6522201
681 6622201
681 2712101
681 4722301
681 3622101
681 3622201
681 6612301
681 6512101
681 1712101
681 6722101
681 6722101
681 6722901
681 3622201
681 6712901
681 5712901
681 5612901
681 2522901
681 5712901
681 5712101
681 5712101
681 3722901
681 6722901
681 5612101
681 5612101
681 3722101
681 6722101
681 5712101
681 1612101
681 2622201
681 5712901
681 1722901
681 6712101
681 1712901
681 6612901
681 5612301
681 5712101
681 5712101
681 1422901
681 6722901
681 7522001
681 6712301
681 1722301
681 1722301
681 5612301
681 6712101
681 6712901
681 6722101
681 6722101
681 6712301
681 6411911
681 2612201
681 6611201
681 3522101
681 1712201
681 3722201
681 3622101
681 5712201
681 6212201
681 5612201
681 2712101
681 2722101
681 6721301
681 6722101
681 6511201
681 6512101
681 5712301
681 6422101
681 6622301
681 6422101
681 2712101
681 3322201
681 4522201
681 2622301
681 5512101
681 3522301
681 3722201
681 5512901
681 6512301
681 6622901
681 3522101
681 2721901
681 6512901
681 2722901
681 2622901
681 6712901
681 5712901
681 6512201
681 2511301
681 2722301
681 6722301
681 6512901
681 5712101
681 6712201
681 6612301
681 6512301
681 6622301
681 7722001
681 6722101
681 6712101
681 6712301
681 2722201
681 6622101
681 6122201
681 3622101
681 6322301
681 2722301
681 1512301
681 6712101
681 6712301
681 6522301
681 2712101
681 2512201
681 6522201
681 6512301
681 5612101
681 6722201
681 5719101
681 2722101
681 2712301
681 2722301
681 2712201
681 3522101
681 2712201
681 3722101
681 5612201
681 2712201
681 2712201
681 6722901
681 5711211
681 6422101
681 5612101
681 6412901
681 2712301
681 7722001
681 6722101
681 5612101
681 2722301
681 6421101
681 6622101
681 5712301
681 5612201
681 2612301
681 6722101
681 6712301
681 6612001
681 6522101
681 3722104
681 6312301
681 6622301
681 7522001
681 6622201
681 2622101
681 6612101
681 6712301
681 6712301
681 6622301
681 6522301
681 3722101
681 7622001
681 1722101
681 1722201
681 1722201
681 6722301
681 5712101
681 3422201
681 2722301
681 2712301
681 5712101
681 6722301
681 3622101
681 1722301
681 5512101
681 7722001
681 5712101
681 6722301
681 1622201
681 5712101
681 2612301
681 6622301
681 5612101
681 6722101
681 2722301
681 6619101
681 6622301
681 3522101
681 5619101
681 6722201
681 5712101
681 6722301
681 1712301
681 6722301
681 3422201
681 5512101
681 5512101
681 4422201
681 2712901
681 6722901
681 6722301
681 2712901
681 2612901
681 6522901
681 6712901
681 1722901
681 3722901
681 6712901
681 6712901
681 2622301
681 6622901
681 6612301
682 6622201
681 2612201
681 2622301
682 6422201
682 6312201
681 6612301
682 2711201
682 5712201
681 6522301
682 1622301
682 3722101
681 2612201
682 6712301
682 6712001
682 2722201
682 3722201
682 3522101
682 3722201
682 3722101
682 6712211
682 1722201
682 2512101
681 5712101
681 6712201
681 7622001
681 6522101
681 1712201
681 5512101
682 3722101
681 6322301
682 6622101
682 6422101
682 6512901
682 1312201
681 6712201
682 3422201
681 6712101
681 2622201
681 1512201
682 3722301
682 6729001
682 2512201
681 1722101
682 6722301
682 6621901
682 6712001
682 2722301
682 6612001
682 3722101
681 2422301
682 3322101
681 5712101
682 6512201
682 2722301
682 2712101
682 2711301
682 6322301
682 6412201
682 1712201
682 1422301
682 6712101
682 1512101
682 7422001
682 5612101
682 6722301
682 6322201
682 3722201
682 6622301
682 2422201
682 3622101
681 5712901
682 2712301
682 6712304
682 5712101
682 4729201
682 2629101
682 6622101
682 3722101
682 7522001
682 3322201
682 6622301
682 3622201
682 3722101
682 6712201
682 6622201
682 1712201
682 2612301
681 3522301
682 1322301
682 5712101
682 5612101
682 3622101
682 6612901
682 1722201
682 7622001
682 6612101
682 6622301
682 4622301
681 5512101
681 3722301
681 1722301
681 3522101
681 5712101
681 4522101
682 3722101
682 7722001
682 2722101
682 6622201
682 6322301
682 2712301
681 6722301
681 5612201
682 1722101
681 2722101
681 1722101
681 1612301
681 2622301
681 3622201
681 5612901
681 2712201
682 4422201
681 2712101
682 6312201
682 5512101
682 6722301
682 5712101
682 2722301
682 6612301
682 2522201
682 2622201
681 2412301
682 1612201
682 5512101
682 2712301
682 6512901
682 6622301
682 1512101
682 5512101
682 6512101
682 2722101
682 3322201
682 3322301
682 6722201
682 1712101
682 5612101
682 2712101
682 1712101
682 6622301
682 1712201
682 6712101
682 2712201
682 6722101
682 5612101
681 5612101
682 1312901
682 6612301
682 6422101
681 2722101
682 5712101
682 1712201
682 3522101
682 2612301
682 6612901
682 2512201
682 6612001
682 3622101
682 3622101
682 3722101
682 2722101
682 7622001
681 6612901
682 5612101
681 6722901
682 2722101
682 6522901
682 6612101
682 6422301
682 2612301
681 6622101
682 6612201
681 6712201
682 5712101
682 6622301
682 3522201
681 6712901
682 1722101
682 2612301
682 2612301
682 2722301
682 6622201
682 2712101
682 1522101
682 3622201
682 6622101
682 6711301
681 6712901
681 2712901
681 6612901
681 3722901
681 6722901
681 2712901
682 2622301
682 2522301
682 2512301
682 6722901
682 5712101
682 3722301
682 3722101
681 6612301
682 3722101
682 6422301
682 6522301
682 3722901
682 3722901
681 5612101
682 6722101
681 2612901
681 6412901
682 6512101
682 2412301
682 2722201
682 2722101
682 6312301
682 6411301
682 6512301
682 4422201
681 2522301
682 6512301
682 1612101
682 4522101
681 2722101
682 2722301
682 6612201
682 6712901
682 6712201
682 5612201
682 3622101
682 6622101
682 5712101
682 6722301
682 6722101
682 2612301
682 2622301
682 1722101
682 6722001
682 4722301
682 3522201
682 2612201
682 6622901
682 3522101
682 1712201
682 2722201
682 3522101
682 6712301
682 5712101
682 1712201
682 3722201
682 3622101
682 2722101
682 6622101
682 1712101
682 3722101
682 2722201
682 1722201
682 6712101
682 6622301
682 3722101
682 3722101
682 6722301
682 2612201
682 6722201
682 6612901
682 6722901
682 6512301
682 6712101
682 5512101
682 6512901
682 6622301
682 6622301
682 3722101
682 6722301
682 6722101
681 6712301
682 1722901
682 6722301
682 6722101
682 5712101
682 3722101
682 3322101
682 2612301
682 6722301
682 2512101
682 6722101
682 2712101
682 6722101
682 6612301
682 3622201
682 5612101
682 6412301
682 5612101
682 3622301
682 1722101
682 5712101
682 5712301
682 6712201
682 6612901
682 6722901
682 6712101
682 6612101
682 2712301
681 6712301
682 7522001
682 2712101
682 5612101
682 2722201
682 1712101
682 1622301
682 6712201
681 1712901
682 6712001
682 6612101
682 2613211
682 6422301
682 6722901
682 6612201
682 1612301
682 2622101
682 2712301
682 6412901
682 2712201
682 6312201
682 3622201
682 6722101
682 2612201
682 6622201
682 6712901
682 2722301
682 2722201
682 6712301
682 3622101
682 5512101
682 6712101
682 1722101
682 1712301
682 1712301
682 3622201
682 6322301
682 2722301
682 5612101
682 5612101
682 1612901
682 6712901
681 5712101
681 6712101
681 5712101
682 1612301
682 3622101
682 5712901
682 2712901
682 6612901
682 5712901
682 6722101
682 6722101
682 4522201
682 6222301
682 1612101
682 6712901
682 2712301
682 7622001
682 6612901
682 3722101
682 6522201
682 3622301
682 6322301
682 6712201
682 5612201
682 6622301
682 2722101
682 6622201
682 6722201
682 6722301
682 6312201
682 6622101
682 1722201
682 1722301
682 6712101
682 6322101
682 5612101
682 6612301
682 3722101
682 3522201
682 6612301
682 3622301
682 3722201
682 4422101
682 6612901
682 3522104
682 6722301
682 6622101
682 1612201
682 1712301
682 6712901
682 3722101
682 3722101
682 5611201
682 2722301
682 6712301
682 6722301
682 2512201
682 3722301
681 6612901
682 2612201
682 6622101
682 6512201
682 6612301
682 3622201
682 1612201
682 6621301
682 5712101
682 1712901
682 5712101
682 6612101
682 1712901
682 6612101
682 1512101
682 3622101
682 3622201
682 6512101
682 6522101
682 6712301
682 5612201
682 3722201
682 6722301
682 5612101
682 6722301
682 2522301
682 6622301
682 2622101
682 6722101
682 7322001
682 1212101
682 5612301
682 6722201
682 5712101
682 6722301
682 6722201
682 7722001
682 6712301
682 6712301
682 3722101
682 6512101
682 6712101
682 5712101
682 4522201
682 6712301
682 6522901
682 6722301
682 6722201
682 6622101
682 2512301
682 1722201
682 6612301
682 3722901
682 4322101
682 6312101
682 6722201
682 1612301
682 6712201
682 2712301
682 6712101
682 6622101
682 6622101
682 5612101
682 5712101
682 6512101
682 5612101
682 2712201
682 2612201
682 5712101
682 7722001
682 3722101
682 1712304
682 6712301
682 5712101
682 6612301
682 7622001
682 3522201
682 3522201
682 6612101
682 2522301
682 6612101
682 2712301
682 3422101
682 3722301
682 5712101
682 1622201
682 3622101
682 5612101
682 3522101
682 6722201
682 6712901
682 6622101
682 6722201
682 3522101
682 1322101
682 6322101
682 6612301
682 2712301
681 6722301
682 4622201
682 2722901
682 6612301
682 6612901
682 1712901
682 2622901
682 2712901
682 6622201
682 2722101
682 6722301
682 3422101
682 3322201
682 6612301
682 6712901
682 2612301
682 3522201
682 2722901
682 1612901
682 6712901
682 6722301
682 6722001
682 5512101
682 6512301
682 6722301
682 6722101
682 3522101
682 4622211
682 3422201
682 1612301
682 2722301
682 6522101
682 6722301
682 6712101
682 4422301
682 6712101
682 6721211
682 1712301
682 6522201
682 2622201
682 2722301
682 5612101
682 5612201
682 6412101
682 6621101
682 2522301
682 2522301
682 3722101
682 3722301
682 6712201
682 6612101
682 7722001
682 6622301
682 2612301
682 2522301
682 5512301
682 5712101
682 2612201
682 5512101
682 5712101
682 6722201
682 1712301
682 3322201
682 5612101
682 6422101
682 2622301
682 6612201
682 3422101
682 6712201
682 1712201
682 6722301
682 7422011
682 2622301
682 5612101
681 1522201
682 6412901
682 6612201
682 6622901
682 3722101
682 6722301
682 6722104
682 3722101
682 3722301
682 1522101
682 2722301
682 3722101
682 1612301
682 5712101
682 3522201
682 4622101
681 2712201
682 2612301
682 1712101
682 6622101
682 2522201
682 3722101
682 7722001
682 1712301
682 6712101
682 6722301
682 2722301
682 6312301
682 6722101
682 6612201
682 5612101
682 1722201
682 6722201
682 2712201
682 1722101
682 6721301
682 6622201
682 2612201
682 5712101
682 2622301
682 3622201
682 6722101
682 6722201
682 6722101
682 6322101
682 3522101
682 6512901
682 2612301
682 6722101
682 1722201
682 6522901
682 2522901
682 2722901
682 6612201
682 2712301
682 3722101
682 3722101
682 5712101
682 2612201
682 2612301
682 6712901
682 6712301
682 6622101
682 6321301
682 2712101
682 6722301
682 7622001
682 2612301
682 2512201
682 5611101
682 6612301
682 5612301
682 6722201
682 3622101
682 3622101
682 6622101
682 6622301
682 3422201
682 7422001
682 6722101
682 6722301
682 6722301
682 3622201
682 6422301
682 5612101
682 6722001
682 6722101
682 1712101
682 6622101
682 6612301
682 5712301
682 5712301
682 2612301
682 6722101
682 6722301
682 6722101
682 5612101
682 2722301
682 2722301
682 2622201
682 6612901
682 6712301
682 1712101
682 2612301
682 3722201
682 1612301
682 6712101
682 1622201
682 2612301
682 7522001
682 6712301
682 4422301
682 1622201
682 6712301
682 5612301
682 6512301
682 6612301
682 6612301
682 2612201
682 6512201
682 5612101
682 5612101
682 6522201
682 2622101
682 3622101
682 5712201
682 1722301
682 2712301
682 2712901
682 1612101
682 6622301
682 5512101
682 3722101
682 6612301
682 5612101
682 6612301
682 6522301
682 2522301
682 3622101
682 1722301
682 5612201
682 2512301
682 2612301
682 6522201
682 6712301
682 6422311
682 6612201
682 6522901
682 1612301
682 2612101
682 1722201
682 5712301
682 2612901
682 6612901
682 6722901
682 6712901
682 6612101
682 7622001
682 6612201
682 2722901
682 3622201
682 1612201
682 6722101
682 6422101
682 3722101
682 5719901
682 6612301
682 6722101
682 6722901
682 6722301
682 1522101
682 1612101
682 6612301
682 5712101
682 5512101
682 3722101
682 2722301
682 3622301
682 2712301
682 6622301
682 1511211
682 1612101
682 6722301
682 2712201
682 2612301
682 6712901
682 2622301
682 6422301
682 5612101
682 2722101
682 6722101
682 5512101
682 7722001
682 2722301
682 2612201
682 6712201
682 1712201
682 6512901
682 6522301
682 5612201
682 7522001
682 5712101
682 6612101
682 6722301
682 6712001
682 1712201
682 6712301
682 6522101
682 6712301
682 6612901
682 1722301
682 5712901
682 6722901
682 6422901
682 5712901
682 6722301