691 3722101
691 6712101
691 6722201
691 2722101
691 2622301
691 1722101
691 6612101
691 6712101
691 6212301
691 5712101
691 6712201
691 6722201
691 6612101
691 3721201
691 2712301
691 6712301
691 6622101
691 3722301
691 1712301
691 3722301
691 2712301
691 6412201
691 1721201
691 6712301
691 6712301
691 1712201
691 1612301
691 5712301
691 5711101
691 5612101
691 6712101
691 5712101
691 2712101
691 6722901
691 6722201
691 6512301
691 6512201
691 2712201
691 6722101
691 6722201
691 3722201
691 7722001
691 5512101
691 4522101
691 2712201
691 6612101
691 6412901
691 6512101
691 5513101
691 5612101
691 5712101
691 1612901
691 6422201
691 6712101
691 6722201
691 2722201
691 2712301
691 6722101
691 3622901
691 6712301
691 2712301
691 6712301
691 4322101
691 6522301
691 3722101
691 3522301
691 5712101
691 6722101
691 5512101
691 6722301
691 2612201
691 1722101
691 3722301
691 3722301
691 5712201
691 7622001
691 6722301
691 2522301
691 3622201
691 2722101
691 5512101
691 6522101
691 5712201
691 1612301
691 6722301
691 7522001
691 5712101
691 2712201
691 6712301
691 6722101
691 1522201
691 3622201
691 1422201
691 6412301
691 6722101
691 5512101
691 3622101
691 4522201
691 1722201
691 6722201
691 6722201
691 5512101
691 6722301
691 6312201
691 1712901
691 1712101
691 3722101
691 2712201
691 6612901
691 6422901
691 5712101
691 2512301
691 6722101
691 6722101
691 6711111
691 6622901
691 1522101
691 1722101
691 6722301
691 2622301
691 2722301
691 1722101
691 1622301
691 3722301
691 5712101
691 2622201
691 1721201
691 3722301
691 6612301
691 5712101
691 2712301
691 6722201
691 6522101
691 3622101
691 6722301
691 2712101
691 6722101
691 2522201
691 6722201
691 2622301
691 6712301
691 6322201
691 1722101
691 2622301
691 5612101
691 6622301
691 2612301
691 6722901
691 4522101
691 2712201
691 7622001
691 5612201
691 5612101
691 3722201
691 6712301
691 6712301
691 3622101
691 2512201
691 6622301
691 2622301
691 6722301
691 2721201
691 6612301
691 6522201
691 2622301
691 2622201
691 6722201
691 5612301
691 6622901
691 2722201
691 2612301
691 1712201
691 5712201
691 5612101
691 5512101
691 6512101
691 1512901
691 6722201
691 6522201
691 6422301
691 1612201
691 6422101
691 6512301
691 6712101
691 3722101
691 1722301
691 6722301
691 6522101
691 3722101
691 5712101
691 1522201
691 7522001
691 3522201
691 1622201
691 1522301
691 3622301
691 3722101
691 5712101
691 7622001
691 6622111
691 6712301
691 5612101
691 5612101
691 5612101
691 6723201
691 6612201
691 2612301
691 6712301
691 3722101
691 6722101
691 6722301
691 7622001
691 6622201
691 4322101
691 1712201
691 6722301
691 6612301
691 2622301
691 1712301
691 3722201
691 2722101
691 2522301
691 6722101
691 6612201
691 1722101
691 3422101
691 1622101
691 5712101
691 5612301
691 3522101
691 4522101
691 2722301
691 1722301
691 6722101
691 1622201
691 6612101
691 6612101
691 3722101
691 1612101
691 7622001
691 1722301
691 3622901
691 1612301
691 5612101
691 6512201
691 2612301
691 6712301
691 2512201
691 3422201
691 3622201
691 5712101
691 2722101
691 6712301
691 3722301
691 2722301
691 6112301
691 6722201
691 6722201
691 3722301
691 6612301
691 2712301
691 6712301
691 7622001
691 6712101
691 2712201
691 6722301
691 5712101
691 6712101
691 3522101
691 1712101
691 2712301
691 2722301
691 1612101
691 2622201
691 2712301
691 3522201
691 1722101
691 1722101
691 1722101
691 3322201
691 6722301
691 5512201
691 3722101
691 7622001
691 6422101
691 6422101
691 6712101
691 6722101
691 2722101
691 7422001
691 1422101
691 1512101
691 1522101
691 5512101
691 3422101
691 6722301
691 1712101
691 1622201
691 6612301
691 5612201
691 6512301
691 6622101
691 3722101
691 2712301
691 6722101
691 2722301
691 6612201
691 6722101
691 6312301
691 5612101
691 6712101
691 4622101
691 6622101
691 6422301
691 6122901
691 3722301
691 6412304
691 6722301
691 2712301
691 6712301
691 5612101
691 6612301
691 5712101
691 3622201
691 2622301
691 2622301
691 5612101
691 6722101
691 6712101
691 1712301
691 1711101
691 1612101
691 2722301
691 6612101
691 6412101
691 2712301
691 6722101
691 5712101
691 6222101
691 1622301
691 3722201
691 3722201
691 6612101
691 5712301
691 6712101
691 5712101
691 3722101
691 1522201
691 6712301
691 1721101
691 6622301
691 6712201
691 5712101
691 5712901
691 2512301
691 6612301
691 6612101
691 5712901
691 6622101
691 3622101
691 3622201
691 6512101
691 6722101
691 5712901
691 1522201
691 3622201
691 3522301
691 5612101
691 2612301
691 3522101
691 3522101
691 6722901
691 6712901
691 6722901
691 6711901
691 6712301
691 6712901
691 1522901
691 6722901
691 6622901
691 2722901
691 6622901
691 6712301
691 6622901
691 6722101
691 5712901
691 2712901
691 5612101
691 6612201
691 5612101
691 5612101
691 2612201
691 5712101
691 2712901
691 6712301
691 5712201
691 5712301
691 6612901
691 6712101
691 5712901
691 5712101
691 5712301
691 6522101
691 2712301
691 5612101
691 2722201
691 5712901
691 2722201
691 6422301
691 1712901
691 3722304
691 1722901
691 5712101
691 2712201
691 5712101
691 6412301
691 1622301
691 6622301
691 6722101
691 6522301
691 5612101
691 5712201
691 6722301
691 6612901
691 5712101
691 6622901
691 6612301
691 6522901
691 1622101
691 6512301
691 6612901
691 1312301
691 6722901
691 3722201
691 3722101
691 1722901
691 2722301
691 6722301
691 3722301
691 5612101
691 3722101
691 1722201
691 5612101
691 5712101
691 2712301
691 6522201
691 3522201
691 5612301
691 5712101
691 6722301
691 1612301
691 5612101
691 2722301
691 5612201
691 6522101
691 1722101
691 6722301
691 6622301
691 6722301
691 6622104
691 6722101
691 6722301
691 6722901
691 6722301
691 6722301
691 5612101
691 6722301
691 2622101
691 3522101
691 6512101
691 6612301
691 6712101
691 6722201
691 4722301
691 6512911
691 1712201
691 1722301
691 3522101
691 2512301
691 1722101
691 6712201
691 4722201
691 3721101
691 1722101
691 3422201
691 3722101
691 1712301
691 6712301
691 6622201
691 6722201
691 2712101
691 7722001
691 3722201
691 6722201
691 6512201
691 5512101
691 1712101
691 4422101
691 2522301
691 6412201
691 2622201
691 6712101
691 1322301
691 6722001
691 5612101
691 1712201
691 6612101
691 6622901
691 6622301
691 5512101
691 4322201
691 1712301
691 6622301
691 2722301
691 6612101
691 1712301
691 5712101
691 3422101
691 6612901
691 2722101
691 2712301
691 4322201
691 5612101
691 6722101
691 3522101
691 3722201
691 1422101
691 2522201
691 2712201
691 2722301
691 3422201
691 3722101
691 5612101
691 6722901
691 7522001
691 1522201
691 3622101
691 6512901
691 5712101
691 6522101
691 3622104
691 6212201
691 6522101
691 5612101
691 5712101
691 1612301
691 3622101
691 6622201
691 2722201
691 6112301
691 3422101
691 6712301
691 6712901
691 2712901
691 6622101
691 5712101
691 6622101
691 6722301
691 6512301
691 6312301
691 6612301
691 3522201
691 3722101
691 6322201
691 6512101
691 6712001
691 5612101
691 5612101
691 5712101
691 2512201
691 1713201
691 3722201
691 6712301
691 6722901
691 4622201
691 4522201
691 2712201
691 5712101
691 6712101
691 1712201
691 7622001
691 2622301
691 2612301
691 3722101
691 6722901
691 6722301
691 5612301
691 2722301
691 6512201
691 6722901
691 2512301
691 6412301
691 6722101
691 1612104
691 6422211
691 2712301
691 7622001
691 6722901
691 7722001
691 6722201
691 2622101
691 2612301
691 6721301
691 3522201
691 6612301
691 6712301
691 2722301
691 5612201
691 6522101
691 3722101
691 5712101
691 6611301
691 2712901
691 6722301
691 6622901
691 2722301
691 6722901
691 2712301
691 2612901
691 5712901
691 6722901
691 2712901
691 6512901
691 6722901
691 6722901
691 6722901
691 2512901
691 1712901
691 5712901
691 2722901
691 1722901
691 6722901
691 5712901
691 3722101
691 5612101
691 7722001
691 6512301
691 6712301
691 7622001
691 3622101
691 2722301
691 6512901
691 6722901
691 6512201
691 3622201
691 5612201
691 5712101
691 6712301
691 6512201
691 6612201
691 3722201
691 3722201
691 5612101
691 3722101
691 1722101
691 6722101
691 1522101
691 6612101
691 3722301
691 6522301
691 5712101
691 2712301
691 3622101
691 6721901
691 2622201
691 6522301
691 6712301
691 6712301
691 2712301
691 6522201
691 1722201
691 3522101
691 5612101
691 7622001
691 5712101
691 6722101
691 6522101
691 1612101
691 2712101
691 3721101
691 2722201
691 6722101
691 2722201
691 6522301
691 6722901
691 2512301
691 6622201
691 6722101
691 6612901
691 6722101
691 5712101
691 6622101
691 6712201
691 4722901
691 6722201
691 6712201
691 6629101
691 2522101
691 3622101
691 2722301
691 2722301
691 6712201
691 1712201
691 6712101
691 6622201
691 2722301
691 6612201
691 5712101
691 6612301
691 6712901
691 3722201
691 6622101
691 1722301
691 5612101
691 2612101
691 6522301
691 6722301
691 6712201
691 2722301
691 3722201
691 7722001
691 6622101
691 3722201
691 3722101
691 6622301
691 3522101
691 5712101
691 3522101
691 1722101
691 5712901
691 1712101
691 6722101
691 5612901
691 3622101
691 3722101
691 2722901
691 1722101
691 6712301
691 4721201
691 2712201
691 3722201
691 3722101
691 1712101
691 3522101
691 5512201
691 3722201
691 2621111
691 2621311
691 5612101
691 2622301
691 6522201
691 6412201
691 6612301
691 3622101
691 2612201
691 5612101
691 5612101
691 1712101
691 5712101
691 6722101
691 6522301
691 6622301
691 6622201
691 6512301
691 3522101
691 2522301
691 6712901
691 6722201
691 6622201
691 1622101
691 5612101
691 2522301
691 6712201
691 6612201
691 2622301
691 3422201
691 6612301
691 6712201
691 5612101
691 5612101
691 6712901
691 6712901
691 6712301
691 5712901
691 6712301
691 6412301
691 3522201
691 2712901
691 6612301
691 7722001
691 6612101
691 6622101
691 6722101
691 2712101
691 2512901
691 5712901
691 6612901
691 3622101
691 6522301
691 6522301
691 5612101
691 6622301
691 6612301
691 6712301
691 2722101
691 3622101
691 2622301
691 6722101
691 6312301
691 6422201
691 6722301
691 6712201
691 6712001
691 6522101
691 2722301
691 3722101
691 6612201
691 6422101
691 6622201
691 6322101
691 6722201
691 6722201
691 2522301
691 5612101
691 6712901
691 6722001
691 6722901
691 6512901
691 2712101
691 6722301
691 6612901
691 6712101
691 1712101
691 6712901
691 6422101
691 5612201
691 5612101
691 5712101
691 5712101
691 5612101
691 1722201
691 6612301
691 2512301
691 1512301
691 7722001
691 3722201
691 1622201
691 2722301
691 3722101
691 2712301
691 2722201
691 2712301
691 3422201
691 6612304
691 6722201
691 6722101
691 3422101
691 6712301
691 4422201
691 2712301
691 3722301
691 5512101
691 7729001
691 2722201
691 6112201
691 3622101
691 6722201
691 5612101
691 6522301
691 6512901
691 6422101
691 6522301
691 6622201
691 3722201
691 6722101
691 2512301
691 5712101
691 1722111
691 6522101
691 6522201
691 2722301
691 6522101
691 5712101
691 7722001
691 5512101
691 1722101
691 6222101
691 3722101
691 2722301
691 5612101
691 1722301
691 6322201
691 6722901
691 3722301
691 3722101
691 6412201
691 6712201
691 6612301
691 6722101
691 2612301
691 5712901
691 6622101
691 5612101
691 6622001
691 2722901
691 5612101
691 1712101
691 7722001
691 6722301
691 2512201
691 6722101
691 6722101
691 2722201
691 7722001
691 6712201
691 6722101
691 6722301
691 2722301
691 6712301
691 5712101
691 6722101
691 3722201
691 5612101
691 6522201
691 6522101
691 6712101
691 7622001
691 6512301
691 5612101
691 6712001
691 6612301
691 5512101
691 5712101
691 6322101
691 5711101
691 6712901
691 3722101
691 6712301
691 6612901
691 6712901
691 1712201
691 2512301
691 5712901
691 5712901
691 5711211
691 3622101
691 6722301
691 5612104
691 2612101
692 2712301
692 6722301
692 2722301
692 6512301
692 6722301
692 3722101
691 2722201
692 5511101
692 5712201
691 3622101
691 5612101
692 2711901
691 6712301
692 4522101
691 1722301
691 6612201
692 6622101
692 2522301
692 6212101
692 6612301
692 6722301
692 1612101
692 6612201
692 5512201
692 3622101
691 3722201
691 3722101
691 6722101
691 1712201
691 2512301
691 6712101
691 3722301
691 1712201
692 3722201
692 1722201
692 6722101
691 6712101
692 6712901
692 6612301
692 1722301
691 6712301
692 6712101
692 5712101
692 6712201
692 6512301
692 6512101
691 5612101
691 6612301
691 6712301
691 6512301
691 6612101
692 6712901
691 7722001
692 7622001
692 3722301
692 3622101
692 7622001
692 2622201
692 5512101
691 3622201
692 6622201
691 6612201
692 6612101
692 6722201
692 6622301
692 6612101
692 2712301
692 6512201
692 6712301
692 3622201
692 2512301
692 6522101
691 2722301
691 4522201
691 1722301
692 6522901
692 3522201
692 6712301
692 1722301
692 3622101
692 6722101
692 6722901
691 3522301
691 3522301
692 6722301
692 6722301
691 1711301
691 1622201
692 6612301
692 5712101
692 6722901
692 1722101
691 1612901
692 3522101
692 6422201
692 1712301
691 5612101
692 6612301
692 6722101
692 6722101
692 3722201
692 1722901
692 1612301
692 1712201
692 2512301
692 6412901
692 6612101
692 6522101
692 6721201
692 5612101
691 6612101
692 6722101
692 6712301
692 5612101
692 5712101
692 5712101
692 3722101
692 6722201
691 5712101
692 3522201
692 7722001
692 6712201
692 3722101
692 3722301
692 6711101
692 2722301
692 6712101
692 2512301
691 6422101
692 1622101
692 6512201
692 1712901
692 6712901
692 2722301
692 2722101
692 6712301
692 6612101
692 6612101
692 4422901
692 6712301
692 1712101
692 1712301
692 5512101
692 1422201
692 6722901
692 7722001
692 1522101
692 2722301
692 7722001
692 6722901
691 5712101
692 2722301
692 2522301
692 6712301
691 6312201
692 6612301
691 1722201
692 2712301
691 1622301
691 6712101
692 3522201
691 6712301
692 6512101
692 1722301
692 2712301
692 5612101
692 2722301
692 2612301
692 5712101
691 6422201
692 2512201
691 7722001
691 4522101
692 1512101
692 5612101
692 4622201
692 6612101
692 6712101
692 6612101
692 6612201
692 6722301
692 6722101
692 3622101
692 5712101
692 7722001
692 5612101
692 1712201
692 5612101
692 5712101
692 6722301
692 6512901
692 6722201
692 5612211
692 5711101
692 2522101
692 1629901
692 1712201
692 6722301
692 5712101
692 6712201
692 2612301
692 2722201
692 6522201
692 2722101
692 2712301
692 6712101
691 5712901
692 2721211
692 3622101
692 6712101
692 6322301
692 2722301
692 1722201
692 1722201
692 2712901
692 3722201
692 6522901
691 1512101
692 2722301
692 6612201
692 3722201
692 3722201
692 6522301
692 7622004
692 6712301
691 1612901
691 6722901
691 6722901
692 2712301
692 6612101
692 3622101
691 2512901
691 2612901
691 2722901
692 5512101
692 1712101
691 6712201
691 2712301
691 5712101
692 6712901
692 6612201
692 3423101
692 6722201
692 6622101
692 2712301
692 6622301
692 6422101
692 3522201
692 4422201
692 6722201
692 6722201
692 5612101
692 2612201
692 1612201
691 6712301
692 6612101
692 6612301
692 3722201
692 6422901
691 1512201
691 6712301
692 6722301
692 3622101
692 1722201
692 6722201
692 3722101
692 3622101
692 6729901
692 5712101
692 2512301
692 6722201
692 6522201
692 3622101
692 4422301
692 6712901
692 6712101
692 1712101
692 7622001
692 6522201
692 2512201
692 6711101
692 6712301
692 6622301
692 2722101
692 3522101
692 2722301
692 3722101
692 3622201
692 6712301
692 6712301
692 6622201
692 3722101
692 6722301
692 1522301
692 2712301
692 6722101
692 3522101
692 7722001
692 2712201
692 6612301
692 6612201
692 2712301
692 6722301
692 2712901
692 6622301
692 2622301
692 1712301
692 6722301
692 6722301
692 6722904
692 6712101
692 5712101
692 2622301
692 6522101
692 5612101
692 3422201
692 6722301
692 3722301
692 6722101
692 5712101
692 5612101
692 6722301
692 6512101
692 3622201
692 2712101
692 6622901
692 6722301
692 6612201
692 6612101
692 1612101
692 6612301
692 2622301
692 6722101
692 1712301
692 6412301
692 6412301
692 6712301
692 6722101
692 6622201
692 7722001
692 3722101
692 6712201
692 6712301
692 6322201
692 5612101
691 5712101
692 6522101
692 1722101
692 3722101
692 2622201
692 2622201
692 3722201
692 7722001
692 5612301
692 6522301
692 3522101
692 2612301
692 6612301
691 6722201
692 2712301
692 3522101
691 6522301
692 2712901
692 2622301
692 1512201
692 4322101
692 5719101
692 6412201
692 2712201
692 6722101
692 6722301
692 6722101
692 6622301
692 6622201
692 4522101
692 1722201
692 5612101
692 6712201
692 6622201
692 6712101
692 2612201
692 5611301
692 1722201
692 3522101
692 3522201
692 1512901
691 6722901
692 6622301
692 3622101
692 6712101
692 6722201
692 1722301
692 1612101
692 1722101
692 1722101
692 5612101
692 2622901
692 2612301
692 6512301
692 6712101
692 2521101
692 6622101
692 6722901
692 6612901
692 6322301
692 5712101
692 6612301
692 6722301
692 1622201
692 6722101
692 6722301
692 1522301
692 6512201
692 2512201
692 5512101
692 6722901
692 2712901
692 6722901
691 6712301
691 2612201
692 7722001
692 2522301
692 2522301
692 6522301
692 6722301
692 6612301
692 6722301
692 6622301
691 1712201
692 6722901
692 6112101
692 2722301
692 6612901
692 3622104
692 3722101
692 6722101
692 1722101
692 1722101
692 6622901
692 6622201
692 6722301
692 3722204
692 5712101
692 6222201
692 6722001
692 3422101
692 2522301
692 6512301
692 6422301
692 6322301
692 6722201
692 6622301
692 6722101
692 5512101
692 5712101
692 6612301
692 1522201
692 1722301
692 2522201
692 6722101
692 6612101
692 3722101
692 4722201
692 5612101
692 3722101
692 6612101
692 1712301
692 3722201
692 3722101
692 3722101
692 2512301
692 6522301
692 2712301
692 6422101
692 2712201
692 6622101
692 2722301
692 1522201
692 7722001
692 5612201
692 4722101
692 3722101
692 6512301
692 3622101
692 6622301
692 6712301
692 3622201
691 5712101
692 2522201
692 6722101
692 6621101
692 6712201
692 6522201
692 6722101
692 3622201
692 3722101
692 7722001
692 6722301
692 6712101
692 5512101
692 6622201
692 3722101
692 2612301
692 5712101
692 2722301
692 2622301
692 5712101
692 1712301
692 5712101
692 2712901
692 1722301
692 6512901
692 1712201
691 6512301
692 2712201
692 6512201
692 6312301
692 3422301
692 2622301
692 1522101
692 6612901
692 2612301
692 5612101
692 3622101
692 6722901
692 5712101
692 6512301
692 1722301
692 6722101
692 3522201
692 6612201
692 7722001
692 6712301
692 6512201
692 6722101
692 1722101
692 6622101
692 6722201
692 6522901
692 5512101
692 5712901
692 2612301
692 1712201
692 6722101
692 3722101
692 6712901
692 2722101
692 3722101
692 6522301
692 2522201
692 6722101
692 6622301
692 3722201
692 6712301
692 2722301
692 7522001
692 6722101
692 6312301
692 1622111
692 2722301
692 6522301
692 3622204
692 2712201
692 5712201
692 5712101
692 5612101
692 1512101
692 2712301
692 3722201
692 7722001
692 3722101
692 3722201
692 1622201
692 1622201
692 1612201
692 6622301
692 6522301
692 2612301
692 6612201
691 5612101
692 5612101
692 5512101
692 5612101
692 6712201
692 1722201
692 6612901
692 2722201
692 5712101
692 5612301
692 2712201
692 2522201
692 3522201
692 5612301
692 3722201
692 2622301
692 1722301
692 2722101
692 6522901
692 5712201
692 6712001
692 6612301
692 6622101
692 5712301
692 3722201
692 6622301
692 2712201
692 3522201
692 2612201
692 2712301
692 2612901
692 6612901
692 5712901
692 2712901
692 2722901
692 3722901
692 2712901
692 6722101
692 6712301
692 3722101
692 2722101
692 6622101
692 6612201
692 6712201
692 2722301
692 1722901
692 2722301
692 6722901
692 6712301
692 5712901
692 6712901
692 6422101
692 5712101
692 3722901
692 6722901
692 2712301
692 6722301
692 3722201
692 5712101
692 2722301
692 3722101
692 6712201
692 6712201
692 4422101
692 6722101
692 6712101
692 6722301
692 6722301
692 2722301
692 6722901
692 6712301
692 3522201
692 2722301
692 6722201
692 6712301
692 5512101
692 3622101
692 6712101
692 1522101
692 6712101
692 6522101
692 5612101
692 5712101
692 4522201
692 6622201
692 3622101
692 6612201
692 1712101
692 6312101
692 5712101
692 3622201
692 5712101
692 2712301
692 5612201
692 2722201
692 5612301
692 6622301
692 3722101
692 5712301
692 6722101
692 6712301
692 6712001
692 6722201
692 1612101
692 6622201
692 3522201
691 6522101
692 2722101
692 2612301
692 6522201
692 6412101
692 6422201
692 6622301
692 2512101
692 6612301
692 2712301
692 6712301
692 6612001
692 2612201
692 1712301
692 2612201
692 1722101
692 6722301
692 2722101
692 6712301
692 5712301
692 3622101
692 6722301
692 6622201
692 3622301
692 3722101
692 6722201
692 6712101
692 7622001
692 6722301
692 6712101
692 6612201
692 2722301
692 6722301
692 6722101
692 2722201
692 6312301
692 6622301
692 6412301
692 3522101
692 2612201
692 6622301
692 5612101
692 3722101
692 6722301
692 2722301
692 2622301
692 5712201
692 2712201
692 6712101
692 6712201
692 5712101
692 2622301
692 5712901
691 6522101
692 6522301
692 6622301
692 6612201
692 6322301
692 6722901
692 2622301
692 2612301
692 6712201
692 6611901
692 3722101
692 5512901
692 6612301
692 5712301
692 1712101
692 6612301
692 3722101
692 3722301
692 3722201
692 6412101
692 6422201
692 5712101
692 5612101
692 6712301
692 6612301
692 5612301
692 6522301
692 2612201
692 6512101
692 2712901
692 6712101
692 3722101
692 6612201
692 6722901
692 2612101
692 6512101
692 2612301
692 6622301
692 7722001
692 6712901
692 6712301
692 2612301
692 6712001
692 3722101
692 2712201
692 6512301
692 2712201
692 6622101
692 3622101
692 2712301
692 2612901
692 3622901
692 6722901
692 2722901
692 6712901
692 3722901
692 6312201
692 5712901
692 3522101
692 2722901
692 5712101
692 3722101
692 6722101
692 6712201
692 2622101
692 6512101
692 6521211
692 1512301
692 4622201
692 2722201
692 1622201
692 2612301
692 6712101
692 6722101
692 3522201
692 2612301
692 2712101
692 6712301
692 6722101
692 3722101
692 5512201
692 5712201
692 6712901
692 6622201
692 6722201
692 6322101
692 6622301
692 5712101
692 2712901
692 1722301
692 6722201
692 3622101
692 3722101
692 6622101
692 6722301
692 3721111
692 3622201
692 6712901
692 6612901
692 2722301
692 7722001
692 6629201
692 6622101
692 3722101
692 6622201
692 3622101
692 1612101
692 2722101
692 2722201
692 1622301
692 7722001
692 6612301
692 1712901
691 6622301
692 3622101
692 1712101
692 3522101
692 5512101
692 6422101
692 6712301
692 6712301
692 6612301
692 5612101
692 6712301
692 1712301
692 2712301
692 6521211
692 3522201
692 3722101
692 6522301
692 6321101
692 4322901
692 6722301
692 2612101
692 3722201
692 3522101
692 6722301
692 6622101
692 2622101
692 5612101
692 3622101
692 6612201
692 2612101
692 6512001
692 6412101
692 3722201
692 6522301
692 6612301
692 6412301
692 6612301
692 2622201
692 6622301
692 2722301
692 1712201
692 2622301
692 6622301
692 3622101
692 6722201
692 6712101
692 2712301
692 1722301
692 1722301
692 3622101
692 6412101
692 1721201
692 5612101
692 2712901
692 6722301
692 3722101
692 6622301
692 6522101
692 6522101
692 6412101
692 6422301
692 6412201
692 5612101
692 1612201
692 6712901
692 1722301
692 6712301
692 6721301
692 3722201
692 1712301
692 1612301
692 3622101
692 6322201
692 5712201
692 2522301
692 6322101
692 3722111
692 1622301
692 2722301
692 3722101
692 6712201
692 5612101
692 2712101
692 1722901
692 1722901
692 6412201
692 6612101
692 6722201
692 2612101
692 3422101
692 6612901
692 6722101
692 2712301
692 3622901
692 3722901
692 6722201
692 5612201
692 5712101
692 5719901
692 2722101
692 5712301
692 6722301
692 6722901
692 6712201
692 4421111
692 6612201
692 5512201
692 2622201
692 3622101
692 5712901
692 5712101
692 3522101
692 6712301
692 6722101
692 5712101
692 6622201
692 1612301
692 3722101
692 6712301
692 6612901
692 1622301
692 5612101
692 3322301
692 3322201
692 6722301
692 6712301
692 2612301
692 3722101
692 1522101
692 6622201
692 5712101
692 2712301
692 6722211
692 6422201
692 1312201
692 6522201
692 5712301
692 7722001
692 7722001
692 3522201
692 3722101
692 6722301
692 3722901
691 6721311
691 5712101
692 6312301
692 6622101
692 5712101
692 3722201
692 5712901
692 2512901
692 1712901
692 2712901
692 6712301
692 5712901
692 5612101
692 2712101
692 6711001
692 3722201
692 6612901
692 5712901
692 3522901
692 6722901
692 6722901