741 2711101
741 6711201
741 6611111
741 5611301
741 5711101
741 6711201
741 3521101
741 1511201
741 1711201
741 2711301
741 6721101
741 6721101
741 3721201
741 6321201
741 6721101
741 2721301
741 5711101
741 3521201
741 1621101
741 6711001
741 7721001
741 6621201
741 2521201
741 6721101
741 5711201
741 2511301
741 6621301
741 6621111
741 6721201
741 6621101
741 1711101
741 6611001
741 6621101
741 6411101
741 2721301
741 2721311
741 6121301
741 6511101
741 6511311
741 1721201
741 6411101
741 6721101
741 1711101
741 6411101
741 5711101
741 6521201
741 6711101
741 6611201
741 5611201
741 1511201
741 6611201
741 2721301
741 6511901
741 5511101
741 2711301
741 3721101
741 2611301
741 6511201
741 7422001
741 1711901
741 6611901
741 7421001
741 6721901
741 6421101
741 1521101
741 6721101
741 6511101
741 6721301
741 6321101
741 6721301
741 3721101
741 5711201
741 2711301
741 3721201
741 3721101
741 2711101
741 5512101
741 3621101
741 2611301
741 2721201
741 1721901
741 1721901
741 3721101
741 1711101
741 2721301
741 2611301
741 3721311
741 2721301
741 1611201
741 2621301
741 7321001
741 2611301
741 5511201
741 5611201
741 6321111
741 6721101
741 2712301
741 5711101
741 6711301
741 6711101
741 3621101
741 5511101
741 6711101
741 5611101
741 5611101
741 5711101
741 7521001
741 4621301
741 2721301
741 2621101
741 6521101
741 6511101
741 6511101
741 5711901
741 6711301
741 6711101
741 5611101
741 6711101
741 6711101
741 6711901
741 5611101
741 6711101
741 6721101
741 3621101
741 5711101
741 6711301
741 6711301
741 2611301
741 2611201
741 1721201
741 2721301
741 1711301
741 6721201
741 6711201
741 3721102
741 6621201
741 1611201
741 3721202
741 5611101
741 6611301
741 6711101
741 1621101
741 2521101
741 6721301
741 6711201
741 1621201
741 6711101
741 6721101
741 2721301
741 2621201
741 6621111
741 7521001
741 6711301
741 3621101
741 6721201
741 6511201
741 6511201
741 2521201
741 3621201
741 3421201
741 6712201
741 3721101
741 7721001
741 5711101
741 3621201
741 6611001
741 5711101
741 3421101
741 5611101
741 6311201
741 5711101
741 3521101
741 3721101
741 5711101
741 5511101
741 6722901
741 5611201
741 3721101
741 2721201
741 2622301
741 6511301
741 6711901
741 6711301
741 4322301
741 5711101
741 2611201
741 3721101
741 3721201
741 6721901
741 6621301
741 6721111
741 1711201
741 1721202
741 2621301
741 1711201
741 5711101
741 6411201
741 2711301
741 5711101
741 6421101
741 2711201
741 2711101
741 5711101
741 5711101
741 2711301
741 2711301
741 5711101
741 2711101
741 6721201
741 3621101
741 3721201
741 5711111
741 5511101
741 6711301
741 7621001
741 5711101
741 1721201
741 6611901
741 1621101
741 1511201
741 3521201
741 5511201
741 6521101
741 1711101
741 2721101
741 6611101
741 1511101
741 6611301
741 5611201
741 2711101
741 6511101
741 1611301
741 6521101
741 5611101
741 1511201
741 1711201
741 6521301
741 6311201
741 6711101
741 6221101
741 1721101
741 5611101
741 6711201
741 6311211
741 6711101
741 3621201
741 5611101
741 2721201
741 6521201
741 6311101
741 6511101
741 5619101
741 5711101
741 5511101
741 2711301
741 5711101
741 6721101
741 1721301
741 5611101
741 5711101
741 5711101
741 5711101
741 2711201
741 5611101
741 5711301
741 3721101
741 3721201
741 5711101
741 5711101
741 2711301
741 5511101
741 2611301
741 6729201
741 2721901
741 6721901
741 3721901
741 1721901
741 1721901
741 6721901
741 6722301
741 1711201
741 6611301
741 6611301
741 6621201
741 6411101
741 5711101
741 6711201
741 6611201
741 2611301
741 2711301
741 5611111
741 6511901
741 3521101
741 6521201
741 1711101
741 3621101
741 3721101
741 2711101
741 2711101
741 6429101
741 1711201
741 5711101
741 1711901
741 6311101
741 6521101
741 3421101
741 6711301
741 5611201
741 3523201
741 3621201
741 6721301
741 6511201
741 1721201
741 6511201
741 6721201
741 5611101
741 6721201
741 2721301
741 3521101
741 6621301
741 6521101
741 5419101
741 6721301
741 6419101
741 2721201
741 2621301
741 6521301
741 6711101
741 2721201
741 3421111
741 5512101
741 6621301
741 2611301
741 1521101
741 6711001
741 6711301
741 5611114
741 5611111
741 1711201
741 2622901
741 6511901
741 6611301
741 6519201
741 1711101
741 6711101
741 6311101
741 6721101
741 5711901
741 6711301
741 6721901
741 6521201
741 6411201
741 5511101
741 3621201
741 5611301
741 6621101
741 1711201
741 1711101
741 6421201
741 6521201
741 2611301
741 5419101
741 6729101
741 6511201
741 3521201
741 6529101
741 6711301
741 7421001
741 6521201
741 6721302
741 6721201
741 6711301
741 2611101
741 2511301
741 1621101
741 6621101
741 1721201
741 3721201
741 1711101
741 5711101
741 6721301
741 1621201
741 6511301
741 6711301
741 6711201
741 5711101
741 2621301
741 1511101
741 6711901
741 6521201
741 6711101
741 2721101
741 6311201
741 2519101
741 2711301
741 6721101
741 6621101
741 3721101
741 5711101
741 5611211
741 6721301
741 3721101
741 7621001
741 6721201
741 6611101
741 2721301
741 6721301
741 6611301
741 1721101
741 3721101
741 2711301
741 6521101
741 5511101
741 6411201
741 6611101
741 6611301
741 6721201
741 6721301
741 5611201
741 6621301
741 3521101
741 6611301
741 1721102
741 5511101
741 1711101
741 3621301
741 6721901
741 2719101
741 6511201
741 6411101
741 1611301
741 5611201
741 5719101
741 6411301
741 6711301
741 6711101
741 6711301
741 2711301
741 2721201
741 6421201
741 6711101
741 6621301
741 6519101
741 6611101
741 2621301
741 5519101
741 6621301
741 5711101
741 3721901
741 1721901
741 5711301
741 7421011
741 3721101
741 2721101
742 6711001
742 2621301
742 6721301
742 1521201
742 6721201
741 2621301
742 6721201
741 3721301
742 2721301
742 3721101
741 3521201
742 3421201
742 3421201
742 6521301
742 3721102
742 6511201
742 6711301
742 6521201
742 6129301
742 2721301
742 2721101
742 3721101
741 3621101
741 3621101
741 6621101
741 6721301
741 5611101
742 5511101
742 7721001
742 6721001
742 2721301
742 6711101
742 6411301
742 1622201
742 6511301
742 2729201
742 6721901
742 6611101
742 6221301
742 6611101
742 5711101
741 6711901
742 6711301
742 6511101
741 2711101
742 1721101
742 6711201
742 6721301
742 6721101
742 6621101
742 6721101
742 2711301
742 3521201
742 7521001
742 6711201
742 2711101
742 5711101
742 6729101
742 6611301
742 6611101
742 3521101
742 6511101
742 6721201
742 6511101
742 6621101
742 2721301
741 5711101
742 6721101
742 2711201
742 3521101
742 5511101
742 2711201
742 3621101
742 1721301
742 5511101
742 5611101
742 6721102
742 7721001
742 6711101
742 6711101
742 6711001
742 3321201
742 2611301
742 1719101
742 5711101
742 3721311
742 2529301
741 6711901
742 6621201
741 2721301
742 5611101
742 1321201
742 5611201
742 7421001
742 6721301
742 6721201
742 1721201
742 2721101
742 2729101
742 6721001
742 6511301
742 6622101
742 6521201
742 6611101
741 6721902
742 6721301
742 2722101
742 5611101
742 1721101
742 3521101
742 1611101
742 2711301
742 5611101
742 5711201
742 6721301
742 2611101
741 6721901
742 2621201
742 5711101
742 6521101
742 6521201
742 2721901
742 2521301
742 2711201
742 6721301
742 5711101
742 5611101
742 2611201
742 6621101
742 5711111
742 6611101
741 6521101
742 1511101
742 5711201
742 2711101
742 2711101
742 6411101
742 6711301
742 2711201
742 3721101
742 1511201
742 3621101
742 3721201
742 3721101
742 7621001
742 1621301
742 6721901
742 2721201
742 5711101
742 6721301
742 6721101
742 6521101
742 6711301
742 6619101
742 6521101
742 2721101
742 2521201
742 3521101
742 5711101
742 2611301
742 6721101
742 6321101
742 7521001
742 3721301
742 6711201
742 1711201
742 3421201
742 6421101
742 3721101
742 1611201
742 6612101
742 5611101
742 5711101
742 6721301
742 2711101
742 3421101
742 1721301
742 6711301
742 6721101
742 2721301
742 6511201
742 6611301
742 6721101
742 6611101
742 6711301
742 7422001
742 6611101
742 6721101
742 2711101
742 7521001
742 5711101
742 2511301
742 6611101
742 6611101
742 6511101
742 1521201
742 2621201
742 6721201
742 2611301
742 3521101
742 6511201
742 6711901
742 6621101
742 5711101
742 2721301
742 3721101
742 6211301
742 6711301
742 1721901
742 6711301
742 6721301
742 6711101
742 2711201
742 6721001
742 1721101
742 3721201
742 3721101
742 3721101
742 6721202
742 6721101
742 5511101
742 7621001
742 7621001
742 4721901
742 6421201
742 7721002
742 3721101
742 6611301
742 6721901
742 2721901
742 6721301
742 6721901
742 6622201
742 6721901
742 6621201
742 6621201
742 6721101
742 2611201
742 6711301
742 2611101
742 6721101
742 3622101
742 2711301
742 3721101
742 6711101
742 6711101
742 6721301
742 6511201
742 6611101
742 2611201
742 3429101
742 3621101
742 6721901
742 3721201
742 1721201
742 2721301
742 2721201
742 1621311
742 6721101
742 6711301
742 6711101
742 3721201
742 6721201
742 6721301
742 6721911
742 6521301
742 6711101
742 5711101
742 5711101
742 5711101
742 6611101
742 6521201
742 2621301
742 5611101
742 6711101
742 3521101
742 2621301
742 1611101
742 2521301
742 3521101
742 2611201
742 1521201
742 3721101
742 5711301
742 6721301
742 5712101
742 2711201
742 6621201
742 1711201
742 1711201
742 6321201
742 5511101
742 3321101
742 6711101
742 5712201
741 2721301
742 1711101
742 5611201
742 7521001
742 6521301
742 7521001
742 3521101
742 6721201
742 2721101
742 6311201
741 5511301
742 2711301
742 3621101
742 6511301
742 1611101
742 6621101
742 1711301
742 7521001
742 1611101
742 6511301
742 6711901
742 6611101
742 7521001
742 6721201
742 6721901
742 6611901
742 5711901
742 1711901
742 6721901
742 2711901
742 6611201
742 6721901
742 6721901
742 6721301
742 6511301
741 6721301
742 1611101
742 6711101
742 2721301
742 6511201
742 6629101
742 2421301
742 6721901
742 6321201
742 5711101
742 6711001
742 7421001
742 7721001
742 6711101
742 2721301
742 6511301
742 7621011
742 6521201
742 5512201
742 6711001
742 2711201
742 6711301
742 5711101
742 5711101
742 7521011
742 6522301
742 1411101
742 2621201
742 6511301
742 2711201
742 3622101
742 1721301
742 3621101
742 6521101
742 3721101
742 6721301
742 5711101
742 6311101
742 6621101
742 6611201
742 6721101
742 6629101
742 7721011
742 2721101
742 5711101
742 3521101
742 6711301
742 6621101
742 6711901
742 1621101
742 6611201
742 5611101
742 3721301
742 6511201
742 6522101
742 5711301
742 6711901
742 3521101
742 7621001
742 1721101
742 7521001
742 4521101
742 6321201
742 6521101
742 1721101
742 1621101
742 6621101
742 2721101
742 1721101
742 1611101
742 5711101
742 6511101
742 1521201
742 6721301
742 4621201
742 2721301
742 5611101
742 2611901
742 6721901
742 6711101
742 2711301
742 2721201
742 2721201
742 3521101
742 6721901
742 6711201
742 7621001
742 6711201
742 6711201
742 5711201
742 6522101
742 6721101
742 6711101
742 3321201
742 6621101
742 6311101
742 2711101
742 6521201
742 6711101
742 6729111
742 1721201
742 6711901
742 2711301
742 3621111
742 1721101
742 6721301
742 2721201
742 3522201
742 6611201
742 2621301
742 6711101
742 6721101
742 6711201
742 2721101
742 1711201
742 6721101
742 2621101
742 6212101
742 4321101
742 3621101
742 6623101
742 1711101
742 6711101
742 5713101
742 6511201
742 3421101
742 2611101
742 6621101
742 5711111
742 5611101
742 3721201
742 6421901
742 2721101
742 6711101
742 6511301
742 6711201
742 5711101
742 6711901
742 5711101
742 6711201
742 5711101
742 6621301
742 6311101
742 6711201
742 6621201
742 6721301
742 5711111
742 5511111
742 3721101
742 3721101
742 3521201
742 6721301
742 6721301
742 2721901
742 6711901
742 6711101
742 6711901
742 2711301
742 3721901
742 6621301
742 5711301
742 5711101
742 5619901
742 6711901
742 6421111
742 6621101
742 6711301
742 6413101
742 6511901
742 1721101
742 7721001
742 2721301
742 1611301
742 3721201
742 2721101
742 3721201
742 6621301
742 6611101
742 3621201
742 3621101
742 6611201
742 6611101
742 6211301
742 5711101
742 1411201
742 6721201
742 5611301
742 6511201
742 5611101
742 6611301
742 6711101
742 5611101
742 5711101
742 1421901
742 2721301
741 5711901
742 6721001
742 5611101
742 6721901
741 3522901
742 6721301
742 3721911