751 6522201
751 7621001
751 1612201
751 6722301
751 6611301
751 6622301
751 2622301
751 3622201
751 3621101
751 2721101
751 3722301
751 6612901
751 2622301
751 3622101
751 2712201
751 1412301
751 5711101
751 2722301
751 2722301
751 5712101
751 6412101
751 3621101
751 2712301
751 1621201
751 3722301
751 6721101
751 1711301
751 7522001
751 2612201
751 6211201
751 6111101
751 6621201
751 2512101
751 3722101
751 1712101
751 5712101
751 1612101
751 2712301
751 6722201
751 3722101
751 3522101
751 3522101
751 5712101
751 3622201
751 6722301
751 1722201
751 2612301
751 6722201
751 6722201
751 6512301
751 6722301
751 1722201
751 6722301
751 5612301
751 6712301
751 6711101
751 1722101
751 3722201
751 1721101
751 6721101
751 2722301
751 2612301
751 3621301
751 6611201
751 6721101
751 3622101
751 2512201
751 5612101
751 3722101
751 5711101
751 2612901
751 6522301
751 6711301
751 2711101
751 1712101
751 1622301
751 6521201
751 1522101
751 2722301
751 6722101
751 5712101
751 6612201
751 6711201
751 3722101
751 2722101
751 5611201
751 6321301
751 6721201
751 6721301
751 1712201
751 1612101
751 5512101
751 5712301
751 6512104
751 1721201
751 5712201
751 2622201
751 3522101
751 3522101
751 5611101
751 1711101
751 3721101
751 1712201
751 1722201
751 5512101
751 5711201
751 6712301
751 1412301
751 5611111
751 6612301
751 3622101
751 6721101
751 6712301
751 6512301
751 1522301
751 3721101
751 1522101
751 5711101
751 5711101
751 5512101
751 6611201
751 6711101
751 6712101
751 6722101
751 1711301
751 6511201
751 1512201
751 6721101
751 5712101
751 5612101
751 6512101
751 3521201
751 2722201
751 6512301
751 3722201
751 5512101
751 6511301
751 3421101
751 1622301
751 1612201
751 3621201
751 1712201
751 5712101
751 5712101
751 6712301
751 7622001
751 6611201
751 5612101
751 6721001
751 6721101
751 3722201
751 6722101
751 6622301
751 6522101
751 2712201
751 6712101
751 6612101
751 2712201
751 4522201
751 5611101
751 5712101
751 5612101
751 1722201
751 2711301
751 6312301
751 6712901
751 6721301
751 6722301
751 1712201
751 6721301
751 6612201
751 3722101
751 6721101
751 7722001
751 6521101
751 3422101
751 3621201
751 2712301
751 6712201
751 6711901
751 1712301
751 4622101
751 6111101
751 5712101
751 6612001
751 5712101
751 3622101
751 2612201
751 3722201
751 6722301
751 1722101
751 3622201
751 2511201
751 6722901
751 6712301
751 6321101
751 6722201
751 7722001
751 3722201
751 4522201
751 1721101
751 6422201
751 3722301
751 5712301
751 2722301
751 2522301
751 6712201
751 6712101
751 2721101
751 5611101
751 5611101
751 2721301
751 2612201
751 6512201
751 6711101
751 1622101
751 1722301
751 6611101
751 5611201
751 3722101
751 6612301
751 2721201
751 3721101
751 5711101
751 6711901
751 5712101
751 6612301
751 6521101
751 6722301
751 5612101
751 6711301
751 5612101
751 6722101
751 3422201
751 7722001
751 1512301
751 6612301
751 6711301
751 6322101
751 6611101
751 6611901
751 5612201
751 5511101
751 3522201
751 6722901
751 6721101
751 5711101
751 6622301
751 6722101
751 1721101
751 3722301
751 1711101
751 5712101
751 6612201
751 6612901
751 6722201
751 6221301
751 6522101
751 5712101
751 3722201
751 6421101
751 5712901
751 6611101
751 6122201
751 2712301
751 6411101
751 2512901
751 2712901
751 6721901
751 6611901
751 5712101
751 6712901
751 6712101
751 5712101
751 2712301
751 5612101
751 5712101
751 5712101
751 6712901
751 2612901
751 5712901
751 5712101
751 2711101
751 3521201
751 1522101
751 6711201
751 6711101
751 1722901
751 5712101
751 6319101
751 7522001
751 5511101
751 7722001
751 5712101
751 5712101
751 5712101
751 6722301
751 6721901
751 6512301
751 1622301
751 6721101
751 6712101
751 1721101
751 3621101
751 5712101
751 6712201
751 6511101
751 5511101
751 6712301
751 6711101
751 6711201
751 7722001
751 6712101
751 6712901
751 6712101
751 3722301
751 5612101
751 5612101
751 4421101
751 5712101
751 3522201
751 7522001
751 6322101
751 6612901
751 6722201
751 7522001
751 6722201
751 6511301
751 5712101
751 6512301
751 6712201
751 6622304
751 6721101
751 7422001
751 6711301
751 1721201
751 6712301
751 6512101
751 2721101
751 3721101
751 6712901
751 1711301
751 2512301
751 6422101
751 6622201
751 7722001
751 6711101
751 6522301
751 6622101
751 6521101
751 1721201
751 1611101
751 3722101
751 2722301
751 6722901
751 5712101
751 5612101
751 5711101
751 2721301
751 7522001
751 1511201
751 6722301
751 5611101
751 5712101
751 5712101
751 6511101
751 1721101
751 6722301
751 5712101
751 6712001
751 1722101
751 5711111
751 3722101
751 2712301
751 3722101
751 5612101
751 2722101
751 3622201
751 3622101
751 2622301
751 2522201
751 3621101
751 2612301
751 3521201
751 1722101
751 6611101
751 6612201
751 6321211
751 3722201
751 1522101
751 6722201
751 6712201
751 6411101
751 6622301
751 3423101
751 3521201
751 5511101
751 5512101
751 5712101
751 1722201
751 4621201
751 3722301
751 1712101
751 3722301
751 5612201
751 2712301
751 6511101
751 6322101
751 6712201
751 5612301
751 6222301
751 2712101
751 3722201
751 6611301
751 5711101
751 1722101
751 5619901
751 4522201
751 1522301
751 5612101
751 3722101
751 6422101
751 1411101
751 6721301
751 6711101
751 2722101
751 6712301
751 3522901
751 6621201
751 6612101
751 6722901
751 5612201
751 6722301
751 5612301
751 5611101
751 5612101
751 6722301
751 1722901
751 5712901
751 2722901
751 2712901
751 6712901
751 2722901
751 6712901
751 2722901
751 6512201
751 6722301
751 6722301
751 6721211
751 6721101
751 6721301
751 6621101
751 6711301
751 3422101
751 6522101
751 7621001
751 3722101
751 2612301
751 6721101
751 5712101
751 5712101
751 1511101
751 6712301
751 1729101
751 6522101
751 6621101
751 7722001
751 6721301
751 5512101
751 6722301
751 5712101
751 6721301
751 6621901
751 6622901
751 5711101
751 5712101
751 5712101
751 2712301
751 1729101
751 3522101
751 5712201
751 6621301
751 6711101
751 6612101
751 5712101
751 6722101
751 5711101
751 2522301
751 5712101
751 5612101
751 2411201
751 3421101
751 6722301
751 7722001
751 6721901
751 5712101
751 1611201
751 6722301
751 1621101
751 2622201
751 2722101
751 5619101
751 6629101
751 6722301
751 3722101
751 7722001
751 6722301
751 3622101
751 2722201
751 3722201
751 3722101
751 5512101
751 2721301
751 6711901
751 1612104
751 3722101
751 6612901
751 1622201
751 3621101
751 3722101
751 5712101
751 4722201
751 5512201
751 6722201
751 5519101
751 3622201
751 4422301
751 6622301
751 2712101
751 7721001
751 3721101
751 6722301
751 2612201
751 5711101
751 2712201
751 3722101
751 6723301
751 5612201
751 6711301
751 6711301
751 1511301
751 6711101
751 6722101
751 3622201
751 6222301
751 2522301
751 4622101
751 6722901
751 3721101
751 6721301
751 6529301
751 7722001
751 6622301
751 6612101
751 5612101
751 2711201
751 3422301
751 6722304
751 1612201
751 6722901
751 6612901
751 2721901
751 6522901
751 1712901
751 6612101
751 6421101
751 6712301
751 1722201
751 5511101
751 2711901
751 2722301
751 6621101
751 1522301
751 2722301
751 2712201
751 6621101
751 5512901
751 7521011
751 6721101
751 6722301
751 6722301
751 6729101
751 7622001
751 3421101
751 7521001
751 1522101
751 6321201
751 6722901
751 6722201
751 6512101
751 5519311
751 2729101
751 3622101
751 5619101
751 6712101
751 1712101
751 6722101
751 2611901
751 3622201
751 5712101
751 1422201
751 5611101
751 3621201
751 6621301
751 3721101
751 6721101
751 6711101
751 6711001
751 1722301
751 2711201
751 5711101
751 3721101
751 5512101
751 6722301
751 5612201
751 1711101
751 6711101
751 6722901
751 6711301
751 3521201
751 6311201
751 3322201
751 6722101
751 6711201
751 2722301
751 6622101
751 6512301
751 2611301
751 6621101
751 6721301
751 1721201
751 1729201
751 6712301
751 5712101
751 5719101
751 5719901
751 6622301
751 6522301
751 5611101
751 5712201
751 5712301
751 3521101
751 6721201
751 6711311
751 3622101
751 3721101
751 6621101
751 3522201
751 3721101
751 6512201
751 7722001
751 6711901
751 6511101
751 5612101
751 6722101
751 6722201
751 6622301
751 1612301
751 3721901
751 6711901
751 6722901
751 6712901
751 1712901
751 5712901
751 5712901
751 6512301
751 6722901
751 2722901
751 5612101
751 6722901
751 6722301
751 2621301
751 3722101
751 3722201
751 3521201
751 3722901
751 1722101
751 5712101
751 3722201
751 7522001
751 3522101
751 7722001
751 3722201
751 6722301
751 6722201
751 6511101
751 6319901
752 2722101
752 3522101
752 2622301
752 6622201
752 2611901
751 6619101
752 3621101
752 2711201
752 3522301
752 3722101
752 3722101
751 7722001
751 7722001
751 1722101
751 3722201
752 6611101
752 2722301
752 6222201
752 4622201
751 6622101
751 5612101
752 6711201
751 5612101
751 2722301
751 6622301
751 1519101
751 7421001
751 1722201
751 2721201
751 1722101
752 2712301
752 5712101
752 1522201
752 6711301
752 6712301
752 3622201
751 6712201
752 3621101
751 3622201
752 6711201
752 2621301
752 1522101
752 7622001
752 3622201
752 6622201
752 6712901
752 6611101
752 5612101
751 5712101
752 2712201
752 3722101
752 7622001
752 5611101
751 2722901
752 3621101
752 2721201
752 5619101
752 6512201
751 7722001
752 7622001
752 7622001
752 6611101
752 2622301
752 2722301
752 1512301
752 2712201
752 3729301
752 6712101
752 6721101
751 7622001
752 6622101
752 6722301
752 2612301
751 3722101
752 3422101
752 7722001
752 6721201
751 5712101
752 6713901
752 1621201
752 2722901
752 2712301
752 3521201
752 3522101
752 7421001
752 2611301
752 6622201
752 6711301
752 2712301
752 2711201
751 3722201
752 1722101
752 6711001
752 3722101
752 3622101
752 6722901
752 6512301
752 6721901
752 6422301
752 4422201
751 6522101
752 6722201
752 5712101
752 5512101
752 5711101
752 6522101
752 7622001
751 1722301
752 6722001
752 7721001
752 6721201
752 7521001
752 1612101
752 6612301
752 3521201
752 6721101
752 2722301
752 1522201
752 5612201
752 3721101
752 7722001
752 6722301
752 5612101
752 1622201
752 5712101
751 6722301
751 6722901
751 6711101
752 5712101
752 1622101
752 6521111
752 6611101
752 6721901
752 6721301
752 5712101
752 3722301
752 6722301
752 3721201
752 1721201
752 6722301
751 1722101
752 6112101
752 5711201
752 6712101
752 6721101
752 6622101
752 1611301
752 6611301
752 6712101
752 6712101
752 6712101
752 2711301
752 3722101
752 3522101
752 3522101
752 3422101
752 4422201
752 1712111
752 3722201
752 6722201
752 1712301
751 6722301
752 7722001
751 6721301
751 2712901
752 6621201
752 5611101
752 7722001
752 7422004
751 5712101
752 6722101
752 3721201
752 6611301
752 3623101
752 6222101
751 6721901
751 6621901
751 6722901
751 5711301
752 3622201
752 2722301
752 3622201
752 6722101
752 7622001
752 3721101
752 6322301
752 6612301
752 2611301
752 6522101
752 6622301
752 3722101
752 6611301
752 2722301
752 6512101
752 1712101
752 2712201
752 2611301
752 6521301
752 6612301
752 6612101
752 6721301
752 6712301
752 2712201
752 6722301
752 1721201
752 6721101
752 6721101
752 6421101
752 6422101
752 3622201
752 6722201
752 3422101
752 5712101
752 6722301
752 3322201
752 3422201
752 3522101
752 3621301
752 2612301
752 3522201
752 3722101
752 2711201
752 7722001
752 3722101
752 5612201
752 3522201
752 2712101
752 1711301
752 5612101
752 6612301
752 1711301
752 6711101
752 6722101
752 1611101
752 5612201
752 5612101
752 3521201
752 2612301
752 6611101
752 6512201
752 5712101
752 6622301
752 5612201
752 1712101
751 3622201
752 5712101
752 6521201
752 3621101
752 5712201
752 7722001
751 2721901
752 2521301
752 6312201
752 3521101
752 6721901
752 5612201
752 2722201
752 6611301
752 5712101
752 6622201
752 3722101
752 5711101
752 5612101
752 5612101
752 3722101
752 3721101
752 6721001
752 6622201
752 5712901
752 2522301
752 5719101
752 5719101
752 1722901
752 1721301
752 1721901
752 6712201
752 3421201
752 1711201
752 7522001
752 2721101
752 5712901
752 3722201
752 5711101
752 6612301
752 6612301
752 6712101
752 3322101
752 6621101
752 5612201
751 6712301
752 3522201
752 1621301
752 6512301
752 2712301
752 3722101
752 6321101
752 7722001
752 2722301
752 5712101
752 6612101
752 6411911
752 6512101
752 3622301
752 2612301
752 2721301
752 2722201
752 2721101
752 3721101
752 5712311
752 3621101
752 6712901
752 2721301
752 6512301
752 2722101
752 3622101
752 6712201
752 6422901
752 2622201
752 3722201
752 6712301
752 7722001
752 6622301
752 2512901
752 6612901
752 6722901
752 1712901
751 5612101
751 6712201
752 3422101
752 3422101
752 2622301
752 2623301
752 5711101
752 6712301
752 1721201
752 2721301
752 6612101
752 2722301
752 3722101
752 3621201
752 7422001
752 6711301
752 6612101
752 6611101
752 2613201
752 6722901
752 6421101
752 6712201
752 6321201
752 2711301
752 6622101
752 6722201
751 5712101
752 6612301
752 7522001
752 6712301
752 7722001
752 3622101
752 6712201
752 5612101
752 2711101
752 6722301
752 6712301
751 3522201
752 1611101
752 2711101
752 6721301
752 6611001
752 6712301
752 2711101
752 3722101
752 2412301
752 6621311
751 7622001
752 3521201
752 3521101
752 6711311
752 6611901
752 5612101
752 3522201
752 7721001
752 3521201
752 6422301
752 6422201
752 3621101
752 7721001
752 6711201
752 6722201
752 1712201
752 6612101
752 3423101
752 2712101
752 3722101
752 6622101
752 2722301
752 3721101
752 6522101
752 3621101
752 2612201
752 2612301
752 5612101
752 3621101
752 1721101
752 5712101
752 6722901
752 5712101
752 5612101
752 2522301
752 6611301
751 5712101
752 2722301
752 5712101
752 6612101
752 3722301
752 5712101
752 6721301
752 3622101
752 1721201
752 7722001
752 7722001
752 6711101
752 2511301
752 7721001
752 1722301
752 3721201
752 6621101
752 6622301
752 5711901
752 5712901
752 6412301
752 6622301
751 5612101
752 2712301
752 6713301
752 1611101
752 6312301
752 5711101
752 6312101
752 3722101
752 6611201
752 3622201
752 3622101
752 6612311
752 6312301
752 5712101
752 6621301
752 2612301
752 6722901
752 3621101
752 1721201
752 6721201
752 5612101
752 5412101
752 5512101
752 2622301
752 6712201
752 5512101
752 2712201
752 5712301
752 7622001
752 2612301
752 2612201
752 3621101
752 2722101
752 6611901
752 3522101
752 6412301
752 6622301
752 6622201
752 2621301
752 3722901
752 2712301
752 6722301
752 6621101
752 1712301
752 3722101
752 5712901
752 2711301
752 2721301
752 6321101
752 1722301
752 6622301
751 6711301
752 6722901
751 5711901
752 1622301
752 6711201
752 6622101
752 3722101
752 6622301
752 6722101
752 6212101
752 6622201
752 2622101
752 5712101
752 5712101
752 6722201
752 6712201
752 6711001
752 5611101
752 3522101
752 2721301
752 3421101
752 6722201
752 2711301
752 6612301
752 7722001
752 6711201
752 1621101
752 2711101
752 3522101
752 6722201
752 7622001
752 3621101
752 6711101
752 6622101
752 2712301
752 5612101
752 1412101
752 6622101
752 6611301
752 7722001
752 6711301
752 5612103
752 2722201
752 1621201
752 2711101
752 6722201
752 5612101
752 2721201
752 3722101
752 7722001
752 2612201
752 5712101
752 6711101
752 3722101
752 2322101
752 6721101
752 6711101
752 6222101
752 3621201
752 3621101
752 6511301
752 2722101
752 6522101
752 2712301
752 1721101
752 2512201
752 2721301
752 5712101
752 6722101
752 3622301
752 6222301
752 6721901
752 3722201
751 6712301
752 1512901
752 2722101
752 1712301
752 3522101
752 6622201
752 2711201
752 3622201
752 5711901
752 6621301
752 5519901
752 5712901
752 5719901
752 3722101
752 6722201
752 6712201
752 5612101
752 6612901
752 7722001
752 5711901
752 6522201
752 6722101
752 6722201
752 6712101
752 3521101
752 6512201
752 5712101
752 2712201
752 5612101
752 5711101
752 3722201
752 3622201
752 6612101
752 2711201
752 6722301
752 5512101
752 5511101
752 2722901
752 1712901
752 2712901
752 5712101
752 3722201
752 3622301
752 6621201
752 5712301
752 1712301
752 2722201
752 1621201
752 1722901
752 1722901
752 6722301
752 2722901
752 5712901
752 1522201
752 5712301
752 6721101
752 6711101
752 6722301
752 6722101
752 2721901
752 2711301
752 6512901
752 6711201
752 3722101
752 7722001
752 6722301
752 6522101
752 6722101
752 2611301
752 5712101
752 6512101
752 2612201
752 6712101
751 6122301
752 5712101
752 5712101
752 6412201
752 3622101
752 3722101
752 5712101
752 2711301
752 3721201
752 6421211
752 6529101
752 3522101
752 6512301
752 2512201
752 6629301
752 1711301
752 5711101
752 6622301
752 6722301
752 6512101
752 6721301
752 2722301
752 5611101
752 5611101
752 1722301
752 6512101
752 6721101
752 6112301
752 6712101
752 2712301
752 6521101
752 3522201
752 5712101
752 6712301
752 4422901
752 1722201
752 4422101
752 2711901
752 2722901
752 2622301
752 1522901
752 5511201
752 6512201
752 1712201
752 4722901
752 6721901
752 1621201
752 2621201
752 5612101
752 5712101
752 5719901
752 5719901
752 6722201
752 6612901
752 5712101
752 6722301
752 6721901
752 6711301
752 6722301
752 3521101
752 2622101
752 6722301
752 6221201
752 5712201
752 7622001
752 6612201
752 2521301
752 6722101
752 6722101
752 2611301
752 5611901
752 6722301
752 6721101
752 6711101
752 2712201
752 6712301
752 6412901
752 3522201
752 5612201
752 6522101
752 6622101
752 3621201
752 3522201
752 6612301
752 2612301
752 3622101
752 3321101
752 6612301
752 1612301
752 6711301
752 2712301
752 6722301
752 6622301
752 6722301
752 3522101
752 7522001
752 6722101
752 3721101
752 6722301
752 1612301
752 7722001
752 2612101
752 2722301
752 5711101
752 7522001
752 2721301
751 5512901
752 3422101
752 6712901
752 6612901
752 6712901
752 6721901
751 6712301
752 5612101
752 6721901
752 2612901
752 6721301
752 3722901