771 3421101
771 6622201
771 6711111
771 6511901
771 6711201
771 3621101
771 2711201
771 6721201
771 4622101
771 3622101
771 5611201
771 6319301
771 1721101
771 3721101
771 2512201
771 6712301
771 6721301
771 1711301
771 1621201
771 6621101
771 2712201
771 6721301
771 6521301
771 6521201
771 6321101
771 1411201
771 6612104
771 6621101
771 6412301
771 1721101
771 6521101
771 7621001
771 3621101
771 6711001
771 6611101
771 1411211
771 2613201
771 6721301
771 3723101
771 3723101
771 5711101
771 3721101
771 2621101
771 3721111
771 6611301
771 1711311
771 3421101
771 6621201
771 3722101
771 6721301
771 7721011
771 2611101
771 6611211
771 6321311
771 3621201
771 2721301
771 6721101
771 6611001
771 6721101
771 6622101
771 5612901
771 6711201
771 6511101
771 6721301
771 6721101
771 2711201
771 3721101
771 1711901
771 6721901
771 2511201
771 5712301
771 6723301
771 6411911
771 2721101
771 3721201
771 3623101
771 3721101
771 6722301
771 6521301
771 2722301
771 6521301
771 6622101
771 1711301
771 1711301
771 3721201
771 6721201
771 5711101
771 6721201
771 2711101
771 6711301
771 1721101
771 1721101
771 6711101
771 6512301
771 1521111
771 4522201
771 6611201
771 3523301
771 6721301
771 6721311
771 6412301
771 6711301
771 7521001
771 2711101
771 6721101
771 6521301
771 6411101
771 1723101
771 6521301
771 3521101
771 2611101
771 3621101
771 6721301
771 2612301
771 3621301
771 5712101
771 6711201
771 3621201
771 6711101
771 1712301
771 6711101
771 6711201
771 6711201
771 6721301
771 3521201
771 3521101
771 6323201
771 6513201
771 3522201
771 3521101
771 5612101
771 1711201
771 5611101
771 2721201
771 6621301
771 6623001
771 6711201
771 3521201
771 2721201
771 6721101
771 3721101
771 6711301
771 5611101
771 5611101
771 3523301
771 6322301
771 3723101
771 6711101
771 6721101
771 6711111
771 5712101
771 5611101
771 3721111
771 3721101
771 6421111
771 6711311
771 6721301
771 1612101
771 6729101
771 6412301
771 6721301
771 6721101
771 3723101
771 6721101
771 3721201
771 6611201
771 1721101
771 6721301
771 6421101
771 5619101
771 6711301
771 6711201
771 2711301
771 6711911
771 5612101
771 6511901
771 6412101
771 6621101
771 1711201
771 1723101
771 6721101
771 6711001
771 1711301
771 6611001
771 6711301
771 7721001
771 6721001
771 5611301
771 5711101
771 3621101
771 6411201
771 3421101
771 3621101
771 5713301
771 6711001
771 6512101
771 6521101
771 1723101
771 5712101
771 6721301
771 6721101
771 3522201
771 5612101
771 5711101
771 6611001
771 6611301
771 6711301
771 3721301
771 6721301
771 5713101
771 5711101
771 6411101
771 2721301
771 3721101
771 6421211
771 6421211
771 4721201
771 6721311
771 1711201
771 1721301
771 1711201
771 5512101
771 3621101
771 6711211
771 6429211
771 2721301
771 6721301
771 6711201
771 1721101
771 2721301
771 2721101
771 6611301
771 6721101
771 1711201
771 3421201
771 6511101
771 6711101
771 2611301
771 6512301
771 5711101
771 6311211
771 6722301
771 2612301
771 3721201
771 6621101
771 2522301
771 2711201
771 3521101
771 4721201
771 2721201
771 3621101
771 1711101
771 4522301
771 2711901
771 2511201
771 3721101
771 6411111
771 6711201
771 6522201
771 5611101
771 5711101
771 2411301
771 5611111
771 6613201
771 6722301
771 7721001
771 6721301
771 6512201
771 7521001
771 6621101
771 5711101
771 3521101
771 6421201
771 6621101
771 6721301
771 6721101
771 1623201
771 1623101
771 2511301
771 6411911
771 2621101
771 1721301
771 5611101
771 6722301
771 5511101
771 1711901
771 2421311
771 1522201
771 6722301
771 5711101
771 6711301
771 5612201
771 6521104
771 6611111
771 6621111
771 3521201
771 5711101
771 5712101
771 5613101
771 1511111
771 1711101
771 6711301
771 3621101
771 6721001
771 6721201
771 6311101
771 6612301
771 2622101
771 6711101
771 1713201
771 6721101
771 3621101
771 5611201
771 5711301
771 6521111
771 2711311
771 6713201
771 6512101
771 2711301
771 6713201
771 5711101
771 2711201
771 6711001
771 6611311
771 6611301
771 6419901
771 6611101
771 1721101
771 3621101
771 6721101
771 6712301
771 7621001
771 6613201
771 3421201
771 3721101
771 6511201
771 3721101
771 1711101
771 6622901
771 6311111
771 6422101
771 1421201
771 1711101
771 7321001
771 6411101
771 1623301
771 3721101
771 2721301
771 6721201
771 6711101
771 6711101
771 2311311
771 2511301
771 6611201
771 6611101
771 1721301
771 3621101
771 2511201
771 1711101
771 1721101
771 3722101
771 6713901
771 2721101
771 5711201
771 5711111
771 6621301
771 6321201
771 6619301
771 5613101
771 2721201
771 6711201
771 2711301
771 5612101
771 6511101
771 1721101
771 6711101
771 1513301
771 5613101
771 6522101
771 6721301
771 6511301
771 5711101
771 5611101
771 7522001
771 5711301
771 5711101
771 1711201
771 3621301
771 2711211
771 6611201
771 1711211
771 3522101
771 2722101
771 4521201
771 5713101
771 2711301
771 3721101
771 6711101
771 5711101
771 1721201
771 3721101
771 1621201
771 3721101
771 3521201
771 7622001
771 4721301
771 2711101
771 1721301
771 6511201
771 1611301
771 3723101
771 6721101
771 6621101
771 6721201
771 5711101
771 7529001
771 1713101
771 6711201
771 5511301
771 3721101
771 6721901
771 5711101
771 6521201
771 6422301
771 4521101
771 6721201
771 2711201
771 2711311
771 6711311
771 6721301
771 5412101
771 5611101
771 4329201
771 6512001
771 3621201
771 6721301
771 1721101
771 6621301
771 6721001
771 3621201
771 1729101
771 3721101
771 6721101
771 3522201
771 6711101
771 6721301
771 1721101
771 6711001
771 7722001
771 1721201
771 1711201
771 1712301
771 6721301
771 2722301
771 6611201
771 5611301
771 1711101
771 2711301
771 5512101
771 6622301
771 2713301
771 5711111
771 6721301
771 2711301
771 6311201
771 7421001
771 3721101
771 3721201
771 2722301
771 7621001
771 3621101
771 6721301
771 2722301
771 6422101
771 6522101
771 5611201
771 2721101
771 7421001
771 6411301
771 3621101
771 6621301
771 6611901
771 6411301
771 6711201
771 6722301
771 6511101
771 2621211
771 2521301
771 6711101
771 6621201
771 5611101
771 7621001
771 6511101
771 6411001
771 6521101
771 5711201
771 6521101
771 1721201
771 6611301
771 6611101
771 6721301
771 1611101
771 1712201
771 6511301
771 2612301
771 6521201
771 1621101
771 2611301
771 5711301
771 6721901
771 2711311
771 6711901
771 5711101
771 6721101
771 3621101
771 6621301
771 3721101
771 5611101
771 3723101
771 6711101
771 3721111
771 6721301
771 5711101
771 6511101
771 6711301
771 6721311
771 6311111
771 1511101
771 6511201
771 1511301
771 6712101
771 6721101
771 6711301
771 6721301
771 6522301
771 6511201
771 6613101
771 6721101
771 2621301
771 6611301
771 3521101
771 3621101
771 5512901
771 6611101
771 2711201
771 6411101
771 5511101
771 3721101
771 6711301
771 6411201
771 6723301
771 6721901
771 2711901
771 6512901
771 6721301
771 2711901
771 6621311
771 6511311
771 6721311
771 6711001
771 5711101
771 6622201
771 6611201
771 6611301
771 5512101
771 6721101
771 6621201
771 1722201
771 5711101
771 1611111
771 5512104
771 5612901
771 2711301
771 6711101
771 3521201
771 6721301
771 2521301
771 5712101
771 6611101
771 6721301
771 2711101
771 5611101
771 5711111
771 5719101
771 6712101
771 3529201
771 2721201
771 5712101
771 6711901
771 2621211
771 1721101
771 6311201
771 2721311
771 1613101
771 5713101
771 1621301
771 1723101
771 2712301
771 6619201
771 6511211
771 6721301
771 2613101
771 2611301
771 1711211
771 6521101
771 5712101
771 2711201
771 3723101
771 2721101
771 6521301
771 6411301
771 6421101
771 6721101
771 6722901
771 6711001
771 6721201
771 6711101
771 6612301
771 6612201
771 2523201
771 1721101
771 6711101
771 2611201
771 5612101
771 1722301
771 5711101
771 1721201
771 6622901
771 6721301
771 6611301
771 6713301
771 6413301
771 6711901
771 2711301
771 6619101
771 6721101
771 3421101
771 5612101
771 2711301
771 6621101
771 6411201
771 6413101
771 3721201
771 5612101
771 2523201
771 2711301
771 6721101
771 6711101
771 2612301
771 1713101
771 2511301
771 5511101
771 3721201
771 6611211
771 5719101
771 5711301
771 6621101
771 6721301
771 3721101
771 6511901
771 3621101
771 1711101
771 2621301
771 2612201
771 5511101
771 6521201
771 6711301
771 3721101
771 5711111
771 6721001
771 6713101
771 6721101
771 6721301
771 6621101
771 6611301
771 6711101
771 5711101
771 3721201
771 1722101
771 6721301
771 6721301
771 1713101
771 2421311
771 2721301
771 7721001
771 6721101
771 6629301
771 7521001
771 6621201
771 3422104
771 2711301
771 5612101
771 3621101
771 7721001
771 6721301
771 6611211
771 6611211
771 5711211
771 6511211
771 2711201
771 5611201
771 6511211
771 5711201
771 6511301
771 5711101
771 3721101
771 6721901
771 1721901
771 5712101
771 6511301
771 5712101
771 6711101
771 6711111
771 3521101
771 3521201
771 6611911
771 6723901
771 6621101
771 3723101
771 6711301
771 6512201
771 5711101
771 1721301
771 6721301
771 6711301
771 3721101
771 6711301
771 6611301
771 6711301
771 1711101
771 6721101
771 3721101
771 6712101
771 3721201
771 6213301
771 3721101
771 6711101
771 1713101
771 6711111
771 6521901
771 3521301
771 5611101
771 2721101
771 6721201
771 6713301
771 3521101
771 6721201
771 6621101
771 5511201
771 6612301
771 5711101
771 3721101
771 5611111
771 6611201
771 6721301
771 2611301
771 5711101
771 2721101
771 6422201
771 2721301
771 6711101
771 3621101
771 6721301
771 5611101
771 6612201
771 5612101
771 6723101
771 6511101
771 3422101
771 3422201
771 6511101
771 6721901
771 5612201
771 6612301
771 7721001
771 6711001
771 2711301
771 1722201
771 3621201
771 6311301
771 6511101
771 1511201
771 3521101
771 5712101
771 2721301
771 1721201
771 6721201
771 3721101
771 6511101
771 6321101
771 6321101
771 6721101
771 6621001
771 6721201
771 5611201
771 3621301
771 4721201
771 5512101
771 6512201
771 6411101
771 1611101
771 2711901
771 2722901
771 6721301
771 6721901
771 6721901
771 6612901
771 3721901
771 6721901
771 6711301
771 3721301
771 6721211
771 2621201
771 1421301
771 7421001
771 6622201
771 6713101
771 3721201
771 6321301
771 3723201
771 5511101
771 5611201
771 5611101
771 6722301
771 6721101
771 5713101
771 6711201
771 6419101
771 6711201
771 3621301
771 6721301
771 2721201
771 6421311
771 6713301
771 2721301
771 6511111
771 6611901
771 6721101
771 7721011
771 6421111
771 6721301
771 2611301
771 3722101
771 6722101
771 6721101
771 6622201
771 2722301
771 6711301
771 6421911
771 6721301
771 2611201
771 2721101
771 7521011
771 3621101
771 2721301
771 6721101
771 3421101
771 6711201
771 3423201
771 6711901
771 6511101
771 5511101
771 6421201
771 1711201
771 6513101
771 6711001
771 1623101
771 1711201
771 2711101
771 6411101
771 6721201
771 3521201
771 6522101
771 6621311
771 1411101
771 3721201
771 1711201
771 1711101
771 3721101
771 2721201
771 6421301
771 6711301
771 3621101
771 5612901
771 3721101
771 3721201
771 5712901
771 4521211
771 5711101
771 6721111
771 1611101
771 6721101
771 2711201
771 6611201
771 3721101
771 6611911
771 6621201
771 2713101
771 6611901
771 6721101
771 6721301
771 6419201
771 6721301
771 3722101
771 5712101
771 6513201
771 6621911
771 6511211
771 6712201
771 2721201
771 6512301
771 2722201
771 6723101
771 5711101
771 1721201
771 3621101
771 7521001
771 6721301
771 3621101
771 5712101
771 3423201
771 3721101
771 6311311
771 6611301
771 5612101
771 2721101
771 2713201
771 2711301
771 2721301
771 6713101
771 2721201
771 2711301
771 2721301
771 6711101
771 6611111
771 6711301
771 6621311
771 3621901
771 3621901
771 6721101
771 5512101
771 5511101
771 6721301
771 6423301
771 6422101
771 1611301
771 6713101
771 6721101
771 6721301
771 6721301
771 5711111
771 2721301
771 1521201
771 3523101
771 6621301
771 1721101
771 1721201
771 6621301
771 5712101
771 6721101
771 1711301
771 6311201
771 6721201
771 1521101
771 2721101
771 7721001
771 6711201
771 6413101
771 7721001
771 6612101
771 6522101
771 6711101
771 6721301
771 6711001
771 2521201
771 6411101
771 2711101
771 1612201
771 6721304
771 6611001
771 6512901
771 6711201
771 3722201
771 3629101
771 7621001
771 2611301
771 6521301
771 5711101
771 1411901
771 6521301
771 3621111
771 6621301
771 3721101
771 6621201
771 5711101
771 6721301
771 6713201
771 6522201
771 5711201
771 6711301
771 2722201
771 6723301
771 6611901
771 2621301
771 6412301
771 1611101
771 6711301
771 6511101
771 1719101
771 5711101
771 6411211
771 1721201
771 1411201
771 2711301
771 6711001
771 2721301
771 3621201
771 6321101
771 6711301
771 2611301
771 6721201
771 6722301
771 1521201
771 6711101
771 6713101
771 5612101
771 6621301
771 6611211
771 5712101
771 5711111
771 2711901
771 6711901
771 6721901
771 6721901
771 6711901
771 6711901
771 3721901
771 6522301
771 6621201
771 6511301
771 6721201
771 2721301
771 6622201
771 3521101
771 1711301
771 5711301
771 6711301
771 6721211
771 6721101
771 3721201
771 6711001
771 7522001
771 5711101
771 6711101
771 6711301
771 6723201
771 5611101
771 3621101
771 3721101
771 2721211
771 2611311
771 5712101
771 6521301
771 6721001
771 6321101
771 6611301
771 6711001
771 5611211
771 6712101
771 6712101
771 6711911
771 6611201
771 6521301
771 7729011
771 1721201
771 2721101
771 6711301
771 6721301
771 3521201
771 6622201
771 6722201
771 2711301
771 6711101
771 6512201
771 6711211
771 1721301
771 6722201
771 5511101
771 2721901
771 5512101
771 6611101
771 6722301
771 6711101
771 6612301
771 4721201
771 5711101
771 3522201
771 6419101
771 6721101
771 3721101
771 6311101
771 2711101
771 6711311
771 6713101
771 6711101
771 3721111
771 5511101
771 1621101
771 6721911
771 2511201
771 3723201
771 3723201
771 6511211
771 6721201
771 6523101
771 6511211
771 1621201
771 3721201
771 6311214
771 2711301
771 2721301
771 1713201
771 1721101
771 6323201
771 6511301
771 6321201
771 5711901
771 3621201
771 1522101
771 7721001
771 3721201
771 5711101
771 1711101
771 6721211
771 6721301
771 3721901
771 1712201
771 6519211
771 6411101
771 6621301
771 6711101
771 6711101
771 6711301
771 6522311
771 6121301
771 6622101
771 5511101
771 6622101
771 3622301
771 6722301
771 6512101
771 6621201
771 6721101
771 3721101
771 3521201
771 3621201
771 6411301
771 6711111
771 5611101
771 2711301
771 6711101
771 5611101
771 3321301
771 6421301
771 6711101
771 6611101
771 1729101
771 1711301
771 6522201
771 5712101
771 1721301
771 3621201
771 1611301
771 1611301
771 6721201
771 6411101
771 5611101
771 3723201
771 7623001
771 1711211
771 1711111
771 1521211
771 3521201
771 2721301
771 6721301
771 1611301
771 6721101
771 6711301
771 6621101
771 6621101
771 6721901
771 6512101
771 4521101
771 5611101
771 6721201
771 6622101
771 6511201
771 5712101
771 2711101
771 3721101
771 6711101
771 6722101
771 6711201
771 6621101
771 2711301
771 1612301
771 6721901
771 6511211
771 6621301
771 6621201
771 6711301
771 1711201
771 1521101
771 6721901
771 6611101
771 3722201
771 6711201
771 3722101
771 6711201
771 6629201
771 4621211
771 5611301
771 6511101
771 3421201
771 6623101
771 6611211
771 2613301
771 6729211
771 6722101
771 3721201
771 3321201
771 2421301
771 1722101
771 3721201
771 5611201
771 6321201
771 5713101
771 6611301
771 2613201
771 6711101
771 6311101
771 6611101
771 6721101
771 5711201
771 7521001
771 6713101
771 6611201
771 1721101
771 6721301
771 3621301
771 3621301
771 6713301
771 5611101
771 3721101
771 6729101
771 6612301
771 5719111
771 6711201
771 5711101
771 3623101
771 3721301
771 5719101
771 7621001
771 6611901
771 5712101
771 6711901
771 6612301
771 5613111
771 6721301
771 6711901
771 5711901
771 5713901
771 6721901
771 6721101
771 6329101
771 6629101
771 6611101
771 1721901
771 5713901
771 6711001
771 6429901
772 6611001
772 2621301
771 6721901
772 4721111
772 6713301
772 6721301
772 6711101
772 2721101
772 6711311
772 6711901
771 6511201
772 1721101
772 6611101
772 2522301
772 6711101
772 6411101
772 5711111
772 1721101
772 5511111
771 2721301
772 5619101
772 6712104
772 1711101
772 6511101
772 5611101
772 3621101
772 3622101
772 1612301
772 2711301
772 6421101
772 6721201
772 6713301
772 6511301
772 6612301
772 6721101
771 6412101
772 6321201
772 2721101
771 7623001
771 6322301
772 7723001
772 2711301
772 6612301
772 3521101
772 6422101
772 3621101
771 3729201
772 6321301
772 2711211
772 1721201
772 3723101
772 6721201
771 5711901
772 6711301
772 6512101
772 1721101
772 2621201
772 6421901
772 1721301
772 6721201
772 6721201
772 6611201
772 6721301
772 6712201
772 2612301
771 6311201
772 3521204
772 6721101
772 7421011
772 3322104
772 3721101
772 6721101
772 6412101
772 3521211
772 6711101
772 3723101
772 6621101
772 1513301
772 6523101
772 6523101
772 6721101
772 6411101
772 1612101
772 6411001
771 2722301
772 5711101
772 6713201
772 1711201
772 6721101
772 6611301
772 6721201
772 6721301
772 2723301
772 6711101
772 1721201
772 2611111
772 4721201
772 5711101
772 6123901
772 6321101
772 6611901
772 2413901
772 1611301
772 1611201
772 6512901
772 6721301
772 1723201
772 2712301
772 6711201
772 6711201
772 3521101
772 2621201
772 6722101
772 1522101
772 6622201
772 6522301
772 3621101
772 7621011
772 7521011
772 5711101
772 6111301
772 6711301
772 6721901
771 6619901
771 2511901
772 6722101
772 6311111
772 5611101
772 7721001
772 5512201
772 2711201
772 3721101
772 3321201
772 6521201
772 6621201
772 3621111
772 6611101
772 3521101
772 6521201
772 6711001
772 3523101
772 6511101
772 3721101
772 5711901
772 3721301
772 2611211
772 1712101
772 5612101
772 6721111
772 5612101
772 6411301
772 6721201
772 6721101
772 6713001
772 3721101
771 3521101
772 1711301
772 6419301
772 1721101
772 6623301
772 7321001
772 6521201
772 5711101
772 5611201
772 6611111
772 5511201
772 6521101
772 6722301
772 1721101
772 6721301
772 1611101
772 7523001
772 3321101
772 1721201
772 6512301
772 1611201
772 6512101
772 3721201
772 6511301
772 6721111
772 6511201
772 7521001
772 6621101
772 6621301
772 1711101
772 3522101
772 6711311
772 3421201
772 6411101
772 6311301
772 3521101
772 6311301
772 6721101
772 5511101
771 6721101
772 1613101
772 6711301
772 6713101
771 6722901
772 6612201
772 5711101
772 6621301
772 6612901
771 5711901
772 5711911
772 5611201
772 6721201
771 6511911
772 6521211
772 5711101
772 1712101
772 6311111
772 7621001
772 1421101
772 5711101
772 2711301
772 3521201
772 7521001
772 3721101
772 6621101
772 2511111
772 2622301
772 6621101
772 6621101
772 6321301
772 6712301
772 5711101
772 6611201
771 6612101
772 3321201
772 7721001
772 6611201
771 2722301
771 6721301
771 5713101
771 5711101
771 5712901
772 6621111
772 3421101
772 6712201
772 7521001
772 2711201
772 6411301
772 1621201
772 1611111
772 6711901
772 5611101
772 5611201
771 6711301
772 2713101
772 3722101
772 1623101
772 6611101
772 2722301
772 2511301
772 3521101
772 6621101
772 3421101
772 2622301
772 2721201
772 6711301
772 5611101
772 6711001
772 3621101
772 7721001
772 1611101
772 5611101
772 2711301
772 6711901
772 5711101
772 7521001
771 2721301
772 3522301
772 6619111
772 6611101
772 1711201
772 5612101
772 5711901
772 1722101
772 2721101
772 6721901
772 2721301
772 6711101
772 6721301
772 2612314
772 2611301
772 6721101
772 6721201
771 6511101
772 6612101
772 6711201
772 6721201
772 6711101
772 3621101
772 6621201
772 1721201
772 1712101
772 5712101
772 6712101
772 6621211
772 6411901
772 6611301
771 6721901
772 6711101
772 1721201
772 2621101
772 6622101
771 5719901
772 3723201
772 3721301
772 3521101
772 1611301
771 6723901
771 6711901
771 5711901
771 6721901
771 6611911
771 3721901
771 6721301
772 6619101
772 5711101
772 2521201
772 6513311
772 6721101
772 1711101
772 6211201
772 5611101
772 6511101
772 6511301
772 5712101
772 3521101
772 3721101
772 3621101
772 6711001
772 2712201
772 6411111
772 3721101
772 6511101
772 1711301
772 5711901
772 6721301
772 6711201
772 2722901
772 6622301
772 3421211
772 3622201
772 6511301
772 4421101
772 6621301
772 6721301
772 5611101
772 6711001
772 2611311
772 6729301
772 2612301
772 6729301
772 3522101
772 3721101
772 7621001
772 6311101
772 7521001
772 6313301
772 1622301
772 2612301
772 6722301
772 6411111
772 3721301
771 6519101
772 3621101
772 6711301
772 2711301
772 3321201
772 6621201
772 6721101
772 3721201
772 5611211
772 6621101
772 6621301
772 3321101
772 6612101
772 6521301
772 6721301
772 3621111
772 6612901
772 6711901
772 6621101
772 3721101
772 6611101
772 6721001
772 3523101
772 1611201
772 1519311
772 6611201
772 6721201
772 1721101
772 3621101
772 6711101
772 2711101
771 6611301
772 6711101
772 3621201
772 6711101
772 3723201
771 2611301
772 3721101
772 3721301
772 6721101
771 5711101
772 6711101
772 6711101
772 2611101
772 6711301
772 6512101
772 6711301
772 6721101
772 3721101
772 6621901
772 3522201
772 3622101
772 1521101
772 2511201
772 6623111
772 4521211
772 6711201
772 6511101
772 2711201
772 6621101
772 3721201
772 3622301
772 6721101
772 6411301
772 6722101
772 3721101
772 5612101
772 6521301
772 6723101
772 6721301
772 6321301
772 2721901
772 1722301
772 5611101
772 2512301
772 1621201
772 6721101
772 1521301
772 6711101
772 5511101
772 2622201
772 6721101
772 2611101
772 6711101
772 6721301
772 3721201
772 3621311
772 3621201
772 1713201
771 6422101
772 6711101
772 6721901
772 3521201
772 6411101
772 6321201
772 5611101
772 6311101
772 6711301
772 3521101
771 2721201
772 5511201
772 5613201
772 6311101
772 3721101
772 6721101
772 6521101
772 6711301
772 6511301
772 6721201
772 3722201
772 6722101
772 6612101
772 1721111
772 6723301
772 5711101
772 2622101
772 2721201
772 6721301
772 6611101
772 1322201
772 1722301
772 2721101
772 2712101
772 6311901
772 6511201
772 1722101
772 2612301
772 6311101
772 3722201
772 3723101
772 6712001
772 5712101
772 6721101
772 6411301
772 7622001
772 6721101
772 2711301
772 6721101
772 6721201
772 1511301
772 6511101
772 3721101
772 3721111
772 1611311
772 3522201
772 3721101
771 6611001
772 6411101
772 6721101
772 1611201
772 2711311
772 5511111
772 1622101
772 3721201
772 6621301
772 6713101
772 6721111
772 6711201
772 1723101
772 1723101
772 2611301
772 6721101
772 6723901
772 6712101
772 6621201
772 1621101
772 2721201
772 6721301
772 6721101
772 3721101
772 6311901
772 6711101
772 5611101
772 1721101
771 5712101
772 6712101
771 5711101
772 3421101
772 3721101
772 6711101
772 5613101
772 2711301
772 6711901
772 6721101
772 6522301
772 2721101
772 6711101
772 6711001
772 6621101
772 2721901
772 1612201
772 1723201
772 5711104
771 6711901
772 3721901
772 1711301
772 3721101
772 6721901
772 5611101
772 5511101
772 6711311
772 3521101
772 2721301
772 1721301
772 6421101
772 3521101
772 7721011
772 6721201
772 1621101
772 7721001
772 7521001
772 4521101
772 6511911
772 6723101
772 6721301
772 7721001
772 6711301
772 3621101
772 6711101
772 6721201
772 2711901
772 2721901
772 2612901
772 3421211
772 6721301
772 6721301
772 2721901
772 6711901
772 7621001
772 6621101
771 5512201
771 5512101
771 5612101
771 5712101
772 2711101
772 6711101
772 6621101
772 6711101
772 6621101
772 3621101
771 6622101
771 5611101
772 6721901
772 2711311
772 1721101
771 6311301
772 6721101
772 3621101
772 6622101
772 1721101
772 2522301
772 1611301
772 6712301
772 6722301
772 6711301
772 2722901
772 6713301
772 3721211
772 7521001
772 6521201
772 7521001
772 7421001
772 6521101
772 6721301
772 1721101
772 6511101
772 6421101
772 2611301
772 1521101
772 3623301
772 5511101
772 5712101
772 6612101
772 6612101
772 6612101
772 6621101
772 7721001
772 7521001
772 6711101
772 5511101
772 2511101
772 6721111
772 6721301
772 1621101
772 4322101
772 6621211
772 5612101
772 6422101
772 6311301
772 5711311
772 6612101
772 1611301
772 1721201
772 6711201
772 2711201
772 6711201
772 6721901
772 6722201
772 2721301
772 6711301
772 1721101
772 3621101
772 2721101
772 5611111
772 6721201
772 6721001
772 2713301
772 6611901
772 1721201
772 6721101
772 3721101
772 6721201
772 6622201
772 2622201
772 6511101
772 2621101
772 2711301
772 5711101
772 3621101
772 5711201
772 5611101
772 3723101
772 6711201
772 6711101
772 2511101
772 6621101
772 3522301
772 2721101
772 6711301
772 6711201
772 2711201
772 6521101
772 6721301
772 3721101
772 3721101
772 2721301
772 5611201
772 6721101
772 5612101
772 1611101
772 6711101
772 2711201
772 2721101
771 6511201
772 6421201
772 3721101
772 3623101
772 7721001
772 6321201
772 6711101
772 6711201
772 1621201
772 6711301
772 6621301
772 2711311
772 3522101
772 3721101
772 6721201
772 6721101
772 6711301
772 5711101
772 6721301
772 6512301
772 6721301
772 6622301
772 6522301
772 5611101
772 2711101
772 6521101
772 6511201
772 2721201
772 6721201
772 6721101
772 6411101
772 3621101
772 6519111
772 6511301
772 1711201
772 6421101
772 1511301
772 6512201
772 1712201
772 1721101
772 2622901
772 3721101
772 3721101
772 3721201
772 6722301
772 6621301
772 6511101
772 6622901
772 1713301
772 6521101
772 1713101
772 1522301
772 5612101
772 1721301
772 3523101
772 1721301
772 6722301
772 3421201
772 6711101
772 6721301
772 7521001
772 6721311
772 5712201
771 6721301
772 6711001
772 6721101
772 2721201
772 6711101
772 3722101
772 3621301
772 6711111
772 1723301
772 1612101
772 6513901
772 5711111
772 6711201
772 2721201
772 6511101
772 6621101
772 1621101
772 5611201
772 6321101
772 2721201
772 2723301
772 6723301
772 6721901
772 1711101
772 6621301
772 3721201
772 6512301
772 3621211
772 6611101
772 6721311
771 3421111
772 6711201
772 6711101
772 2721101
772 5711111
772 2621301
772 6711301
772 1711301
772 6421111
772 2721101
772 6711301
772 6411301
772 2711201
772 6613001
772 6613101
772 6521101
772 6511311
771 6711301
772 5711211
772 6711201
772 6711111
772 3521201
772 6612101
772 6611201
772 3422101
772 5712101
772 6712301
772 2612301
772 5611201
772 2721901
772 6712301
772 6721301
772 6723301
772 2721201
772 6711101
772 6711101
772 6723101
772 6711311
772 6711001
772 1622201
772 3621211
772 5711201
772 6711201
772 6319101
772 6513301
772 6411301
772 3421101
772 6622101
772 6721301
772 3321101
772 6711201
772 6621101
772 6311111
772 2521101
772 3522101
772 6521101
771 2721101
772 3323201
772 6511901
772 1611301
772 6711201
772 6711201
772 6723301
772 6521001
772 6521101
772 2711311
772 6623201
772 6713101
772 6711101
772 5611101
772 6421101
772 3721101
772 6711201
772 5711101
772 5711101
772 6711901
772 6711901
772 1712901
772 6711901
772 3721101
772 6711301
772 2711901
772 6611301
772 3721101
772 3721111
772 7521001
772 7323001
772 6721111
772 6521301
771 5711101
772 5711901
772 3621101
772 2721301
772 3723101
772 3621101
772 7721001
772 6421101
772 6621101
772 1711101
772 6721301
772 6721111
771 6721911
772 5713901
772 6721901
772 6721301
772 6711101
772 6611201
772 1411201
772 5611201
772 6622301
772 3721111
772 6721101
772 2711201
772 6122301
772 2621201
772 6521201
772 6511301
772 1721101
772 6712201
772 6721911
772 3521101
772 1512301
772 6711301
772 6721301
772 6722101
772 6623201
772 6623101
772 1712201
771 6721311
772 6713001
772 6721101
771 6721301
772 6713301
772 6611301
772 1721201
772 6419101
772 6721101
772 6511301
772 1611101
772 1621201
772 2511301
772 5611111
772 6522101
772 3721101
772 3621201
772 6313101
772 6711101
772 6611101
772 3521211
772 3521111
772 3721201
772 2711301
772 6711101
772 6711101
772 5611301
772 6721101
772 3321101
772 7321001
772 5711301
772 6521311
771 6721301
772 6723201
772 6722301
772 6712301
772 6529101
772 6711001
772 6611101
772 6721211
772 5612101
772 5611101
772 3521201
772 6611201
772 6712301
772 6611201
772 6622201
772 6712301
772 1521111
772 6721201
772 6629111
772 3721101
772 2611301
772 6722301
772 1713101
772 6721311
772 5411101
772 6512301
772 5611301
772 6711311
772 6621101
772 7421001
772 6721201
772 5711101
772 6111101
772 6511301
772 5712101
772 6711101
772 1711101
772 2611201
772 6413101
771 5619101
772 2711201
772 6423301
772 3721101
772 6521201
772 1711101
772 6611201
772 6621101
772 6621201
772 4423301
772 6721111
772 2612301
772 3622101
772 6711201
772 6611301
772 7721001
772 6113301
772 6421311
772 6612301
772 1712101
772 2711301
772 3521101
772 6311111
772 4423101
772 1711101
772 6311201
772 2611101
771 1413101
772 3721101
772 3721101
772 3721201
772 6721101
772 6711901
772 5612101
772 6211211
772 2721301
772 6211201
772 6712201
772 6621111
772 6712301
772 1712901
772 7723001
772 6723201
772 6721201
772 3621101
772 3722201
772 5612101
772 1721301
772 6721201
772 2721301
771 5412101
772 6721201
772 6611901
772 3721101
772 1619201
772 6711101
772 6622301
772 3722101
772 6621301
772 2721201
772 2612301
772 6721301
772 2711301
772 2711101
772 3521201
772 2622301
772 6711101
772 6711301
772 6511201
772 6421201
772 6521101
772 6721201
772 3521201
772 3622201
772 6511901
772 3722101
772 3521101
772 6622104
772 6721301
772 6711101
772 5711101
772 3721201
772 3421101
772 6521201
772 6711301
772 6611101
772 3521101
772 6611311
772 6611201
772 6721101
772 5511101
772 6412101
772 3521311
772 6311201
772 5713201
772 6621101
772 6721301
772 7522001
772 6721901
772 5713101
772 2712201
772 6721301
772 2711301
772 1621111
772 6512301
772 6721901
772 6313301
772 3623301
772 3721101
772 6721201
772 3721101
772 6611301
772 2719301
772 6711301
772 5712101
772 5611111
772 6611101
772 6722301
772 6611101
772 1621201
772 4621101
772 1711301
772 1722301
772 6721901
772 6721301
772 4621111
772 3721201
772 6721901
772 3721101
772 5712104
772 3721101
772 3621101
772 6311311
772 6711101
772 5711101
772 7521001
772 5711101
772 3721901
772 2612901
772 3721901
772 6512901
772 6711911
772 7721001
772 6713301
772 6713101
772 6612101
772 2711301
772 6511101
772 6721201
772 6721301
772 3621201
772 6511101
772 6711011
772 1713301
772 6622101
772 3521111
772 5711201
772 5711101
772 6621301
772 4421301
772 6611101
772 1713201
772 6411101
772 6721301
772 1721201
772 3621201
772 6621301
772 5711901
772 6621201
772 3521101
772 1711201
772 7521001
772 6411101
772 3721101
772 1721101
772 2721101
772 7523001
772 7621001
772 6711201
772 2611111
772 7521011
772 6621101
772 6511101
772 6429901
772 6611101
772 6711101
772 6719101
772 6711101
772 3721101
772 6521301
772 5511211
772 6723201
772 6611311
772 1711111
772 6721101
772 1721101
772 1711201
772 1711201
772 1711201
772 3722101
772 6711101
772 6711301
772 5612301
772 1711301
772 6711201
772 6721011
772 2521301
772 6711101
772 6711201
772 1711301
772 3321201
772 6111301
772 7722001
772 5611101
772 5411111
772 6622101
772 6511201
772 1721201
772 7721001
772 6611201
772 6711101
772 5612904
772 6721301
772 5711101
772 5711201
772 5511101
772 6621301
772 6711301
772 5712201
772 6411101
772 6629101
772 6312901
772 2722201
772 1711201
772 2622201
772 3621201
772 6712301
772 3721111
772 6711301
772 6723201
772 6411201