 12 4422101
 11 6711101
 11 6721211
 11 1712301
 11 6511311
 11 4522301
 11 5712101
 11 1421311
 11 5711201
 11 1721201
 11 5712101
 11 3421211
 11 6611001
 11 6721201
 11 6622301
 11 6411301
 11 5611101
 11 2721311
 11 2722311
 11 1711111
 11 3722201
 11 3521201
 11 1611101
 11 3629211
 11 6512901
 11 6421201
 11 1721201
 11 1721101
 11 1711211
 11 1721101
 11 6711101
 11 6511101
 11 6511311
 11 6621101
 11 6522901
 11 6511301
 11 6711101
 11 6422901
 11 3721201
 11 6721301
 11 6711301
 11 6711101
 11 6421101
 11 5512101
 11 6612901
 11 5612101
 11 2712901
 11 2611101
 11 6621101
 11 1511201
 11 5612101
 11 5611101
 11 1611301
 11 6611101
 11 1721101
 11 5611101
 11 6711201
 11 1612101
 11 5711101
 11 6721901
 11 6522301
 11 6622201
 11 6711301
 11 5611101
 11 6721301
 11 5612101
 11 6621301
 11 1412201
 11 7522001
 11 6521301
 11 7521001
 11 1713301
 11 1721101
 11 6711301
 11 7721001
 11 1611201
 11 6412101
 11 1622301
 11 1512301
 11 1423201
 11 3721301
 11 6611001
 11 6621101
 11 6412301
 11 6521101
 11 5713101
 11 1712201
 11 6611901
 11 6211311
 11 6721101
 11 6711201
 11 6721301
 11 6612301
 11 6622901
 11 1512201
 11 5711111
 11 2621301
 11 6621301
 11 5612101
 11 2711201
 11 2712201
 11 3521101
 11 7422001
 11 6421301
 11 2722301
 11 6511301
 11 6722201
 11 1721201
 11 6621101
 11 3721201
 11 3521201
 11 3521101
 11 6522101
 11 3721101
 11 5711201
 11 6512301
 11 2722301
 11 2613301
 11 6711301
 11 6411101
 11 1422301
 11 5612101
 11 2712301
 11 3521101
 11 6411301
 11 6611101
 11 6511101
 11 1512201
 11 2511301
 11 3621101
 11 6512301
 11 5711101
 11 3622101
 11 3521101
 11 6721101
 11 3721101
 11 6522101
 11 5712101
 11 6611301
 11 7721001
 11 3521101
 11 6321301
 11 6521101
 11 6711901
 11 6721201
 11 4521111
 11 5711201
 11 6721001
 11 5611101
 11 5611101
 11 5711101
 11 6611101
 11 6521311
 11 3622101
 11 6421101
 11 6321101
 11 3422201
 11 3721301
 11 6622301
 11 7723001
 11 6712001
 11 3422201
 11 6611201
 11 1611301
 11 1511201
 11 6612101
 11 2621201
 11 6721301
 11 6311111
 11 1711201
 11 3521201
 11 2611211
 11 6721301
 11 6721201
 11 6721301
 11 2722301
 11 6722301
 11 2621311
 11 6721101
 11 3421101
 11 6411101
 11 2612301
 11 6711301
 11 6319101
 11 6311301
 11 6321101
 11 3521101
 11 2721301
 11 5712101
 11 6722301
 11 7721001
 11 5711301
 11 6711911
 11 5512101
 11 6522301
 11 7522001
 11 4321101
 11 1711201
 11 6621301
 11 6512101
 11 6511301
 11 7521011
 11 5611101
 11 5711901
 11 1721901
 11 6711301
 11 6623301
 11 5713101
 11 5611101
 11 6521101
 11 5711101
 11 2711201
 11 5711101
 11 5711101
 11 1723201
 11 6612301
 11 2722201
 11 6521211
 11 6512101
 11 6713301
 11 6411201
 11 6522201
 11 3421201
 11 5713101
 11 6612901
 11 6511301
 11 6512901
 11 3621211
 11 6311311
 11 6711101
 11 6721301
 11 6612301
 11 6613301
 11 6622201
 11 6711301
 11 6612101
 11 5711101
 11 5711101
 11 1611101
 11 2511201
 11 5613101
 11 6721301
 11 6612301
 11 6511101
 11 6511301
 11 6421911
 11 6311311
 11 6722101
 11 3721101
 11 2711101
 11 5711101
 11 6621201
 11 6721301
 11 5512101
 11 6111211
 11 6611901
 11 6612201
 11 1611301
 11 1712101
 11 6611101
 11 6421201
 11 5719101
 11 6111201
 11 6221111
 11 6711301
 11 2712301
 11 6421301
 11 3421101
 11 3622201
 11 6721101
 11 6611101
 11 2612301
 11 5611101
 11 7422001
 11 6529101
 11 6612201
 11 6722101
 11 2611301
 11 3721101
 11 1611901
 11 1611201
 11 6611101
 11 3621301
 11 6712301
 11 6711201
 11 3721101
 11 3721101
 11 3623201
 11 6721101
 11 6621301
 11 6711301
 11 2511301
 11 6521101
 11 6322101
 11 1711301
 11 5512101
 11 3621201
 11 6421101
 11 6622301
 11 3521101
 11 6321201
 11 5612101
 11 7721001
 11 1611301
 11 5511201
 11 6611101
 11 6421301
 11 6311201
 11 2721301
 11 6721101
 11 1721201
 11 6711301
 11 6721301
 11 6723101
 11 4322101
 11 6721301
 11 2722101
 11 3721111
 11 6411101
 11 5711101
 11 5712301
 11 5711101
 11 3422201
 11 3721101
 11 7521001
 11 6711201
 11 6711101
 11 6721301
 11 6621201
 11 6711301
 11 1422201
 11 1422101
 11 1711101
 11 1523201
 11 7721001
 11 6712301
 11 2722301
 11 5711101
 11 6721101
 11 6711101
 11 2713301
 11 3721101
 11 6211311
 11 6611301
 11 1721101
 11 6712101
 11 3421311
 11 3421101
 11 6511101
 11 6411901
 11 6711301
 11 1513201
 11 7521001
 11 6712301
 11 2512201
 11 7521001
 11 6321201
 11 3421111
 11 6121301
 11 2522201
 11 3321211
 11 5711901
 11 6622901
 11 5713101
 11 5612901
 11 1711201
 11 3722201
 11 6511301
 11 3622201
 11 3621101
 11 6111311
 11 6711301
 11 6722101
 11 1619101
 11 6721201
 11 6621201
 11 6721901
 11 6711901
 11 6613901
 11 6612101
 11 3323201
 11 6311311
 11 6721301
 11 1721901
 11 6711101
 11 5612201
 11 2611301
 11 5612101
 11 6511201
 11 6611301
 11 5712101
 11 5512901
 11 6611301
 11 3421111
 11 6722301
 11 6711301
 11 2721201
 11 3621101
 11 3721301
 11 6612301
 11 6711301
 11 6711301
 11 6611901
 11 2723301
 11 2711101
 11 6711101
 11 6312101
 11 5713101
 11 4522101
 11 6411101
 11 1713101
 11 6511111
 11 6512301
 11 1712101
 11 1712101
 11 3721201
 11 3721201
 11 3521201
 11 5719101
 11 5612101
 11 5711101
 11 6721111
 11 1522301
 11 6522301
 11 6521101
 11 1711101
 11 5711111
 11 5612101
 11 6621301
 11 6722301
 11 6523101
 11 3721101
 11 6522301
 11 6311201
 11 6721101
 11 5712301
 11 6612301
 11 6621101
 11 3522201
 11 6712201
 11 6711101
 11 6611201
 11 3421201
 11 6521201
 11 5711101
 11 5711101
 11 6711101
 11 5711111
 11 2721301
 11 3721101
 11 3721101
 11 1622201
 11 3521211
 11 2611901
 11 2711311
 11 6411201
 11 6521301
 11 2711311
 11 6311301
 11 5711111
 11 6721101
 11 6711901
 11 1622101
 11 3621101
 11 3622101
 11 6712301
 11 5713101
 11 2722301
 11 6611211
 11 6721101
 11 6321101
 11 6421101
 11 3321101
 11 3321101
 11 6712101
 11 6712101
 11 2721901
 11 6623901
 11 2611301
 11 5611211
 11 3722201
 11 7721001
 11 6521101
 11 2711201
 11 5611101
 11 5711111
 11 2721301
 11 2711201
 11 6711211
 11 6422211
 11 6721201
 11 3622201
 11 5512101
 11 1411301
 11 6621301
 11 6311311
 11 3421211
 11 6721301
 11 1511101
 11 6721311
 11 1712301
 11 2711301
 11 6611201
 11 2721201
 11 4522101
 11 7721001
 11 6711001
 11 6413201
 11 3521101
 11 5412101
 11 6611101
 11 3621101
 11 6711111
 11 1622101
 11 5711101
 11 6713101
 11 3522201
 11 6611901
 11 3621101
 11 5711101
 11 5611101
 11 5611101
 11 3721101
 11 6621101
 11 6411311
 11 5711111
 11 4422201
 11 3629201
 11 6411101
 11 6721201
 11 1722101
 11 5412101
 11 6711001
 11 6711001
 11 6622204
 11 5619101
 11 1622101
 11 6622101
 11 5612101
 11 6522101
 11 3321201
 11 1722301
 11 6712301
 11 6713201
 11 6711101
 11 1322101
 11 2711301
 11 6612901
 11 6721301
 11 5712101
 11 2711101
 11 6511201
 11 2611301
 11 6622101
 11 6511301
 11 6511101
 11 6511201
 11 1711211
 11 1721101
 11 5611201
 11 6621901
 11 6511111
 11 6721301
 11 1622301
 11 1711301
 11 6611901
 11 5512101
 11 3421211
 11 5712101
 11 6711101
 11 6721301
 11 2712301
 11 7521001
 11 3622101
 11 6511311
 11 6522311
 11 5712101
 11 5711101
 11 6711901
 11 2611301
 11 3621201
 11 5611101
 11 5711101
 11 5711101
 11 5711101
 11 6521901
 11 6613201
 11 6613101
 11 5711101
 11 5612201
 11 6722101
 11 1712101
 11 6721311
 11 2612301
 11 3421211
 11 6711301
 11 6721101
 11 2711301
 11 1611101
 11 1621201
 11 6721901
 11 6721101
 11 6321101
 11 3721301
 11 5711901
 11 6721901
 11 1612901
 11 6621101
 11 6711201
 11 6611301
 11 6711101
 11 6422301
 11 1612301
 11 5611101
 11 2613201
 11 6521201
 11 6311101
 11 1721101
 11 1621901
 11 5611101
 11 6411101
 11 6412201
 11 6711301
 11 6522301
 11 2611301
 11 3621101
 11 7721011
 11 6722301
 11 1612101
 11 3721901
 11 6722301
 11 3721301
 11 6611301
 11 3722101
 11 5711101
 11 1511101
 11 2721301
 11 5711111
 11 5711101
 11 3721301
 11 5611101
 11 2721201
 11 6622204
 11 5711111
 11 6711001
 11 3421101
 11 7622001
 11 3621201
 11 5711101
 11 7521001
 11 1521111
 11 5611101
 11 2721201
 11 6721101
 11 4721101
 11 6121211
 11 6711201
 11 6711311
 11 3721201
 11 2711201
 11 6711101
 11 6622201
 11 5712101
 11 1622101
 11 3621301
 11 3622201
 11 3622201
 11 6711301
 11 6712901
 11 6611101
 11 6721901
 11 3621201
 11 2711301
 11 3721101
 11 6711901
 11 2721201
 11 7721011
 11 6711001
 11 6721301
 11 2722301
 11 6722301
 11 6611201
 11 1711101
 11 1722101
 11 1711201
 11 5712101
 11 1521311
 11 5512101
 11 5611101
 11 6711901
 11 6622101
 11 6729901
 11 3522101
 11 3522101
 11 7721001
 11 1511101
 11 3522201
 11 7621001
 11 6711101
 11 2722301
 11 6311201
 11 6722101
 11 5711101
 11 6721101
 11 6721101
 11 6321201
 11 6711301
 11 5612101
 11 5713201
 11 6511101
 11 6421301
 11 2711101
 11 6711301
 11 7622001
 11 6411201
 11 3621201
 11 2721301
 11 6712301
 11 1522101
 11 1612201
 11 5711101
 11 6513301
 11 7621001
 11 3521101
 11 3721101
 11 3721201
 11 5512101
 11 3722201
 11 2721301
 11 5711301
 11 6621301
 11 6411101
 11 6521101
 11 6611101
 11 6721301
 11 6611301
 11 6611301
 11 6711101
 11 6711001
 11 5612101
 11 3721301
 11 6611101
 11 6721301
 11 1611201
 11 6611201
 11 2611201
 11 6721301
 11 1721901
 11 1721101
 11 3521101
 11 6513301
 11 2721301
 11 2711111
 11 2711211
 11 3621301
 11 6521201
 11 6521211
 11 6612301
 11 5713101
 11 1711201
 11 6511301
 11 6522201
 11 7721001
 11 1721901
 11 6711101
 11 5612201
 11 6711301
 11 6523301
 11 5711201
 11 6511101
 11 3521111
 11 6612201
 11 3422101
 11 6722301
 11 6712201
 11 6521101
 11 1722101
 11 6712101
 11 6723101
 11 5512101
 11 2712301
 11 6512301
 11 6721901
 11 1713101
 11 6511301
 11 6622901
 11 6622301
 11 6611901
 11 6721101
 11 6611301
 11 5712101
 11 6311111
 11 6621901
 11 2621901
 11 2711901
 11 5711901
 11 5512101
 11 5612101
 11 7621001
 11 5711211
 11 6711301
 11 6421211
 11 2722301
 11 6622301
 11 3621101
 11 6711101
 11 3722101
 11 7722001
 11 3521101
 11 6611001
 11 3521201
 11 2611301
 11 6712301
 11 5512101
 11 3722101
 11 5712101
 11 5712101
 11 6622301
 11 2611201
 11 5711101
 11 1521311
 11 2711301
 11 5611201
 11 6611101
 11 7621011
 11 2711301
 11 6721901
 11 4622301
 11 5611311
 11 3521201
 11 1711101
 11 6411101
 11 6421901
 11 6621301
 11 6621101
 11 4721201
 11 7621001
 11 6521201
 11 6621301
 11 3722101
 11 6622101
 11 3621111
 11 6711111
 11 1721101
 11 2621301
 11 6612101
 11 2611201
 11 1721201
 11 6411101
 11 6111301
 11 6611311
 11 3621211
 11 5712101
 11 2713201
 11 1621201
 11 1512101
 11 2621301
 11 5711101
 11 5712201
 11 2521301
 11 6512111
 11 6711901
 11 3622201
 11 3721101
 11 6721101
 11 6621001
 11 6511201
 11 5612101
 11 2721201
 11 6721301
 11 3722101
 11 5611301
 11 6522901
 11 6511111
 11 3721301
 11 5711301
 11 5611101
 11 2511301
 11 6612301
 11 2612201
 11 1621201
 11 6112301
 11 6211311
 11 6721311
 11 6611201
 11 3723101
 11 4621301
 11 3521101
 11 3521101
 11 6612101
 11 3621201
 11 6611201
 11 1521201
 11 4622201
 11 2711301
 11 6612301
 11 3421211
 11 5611101
 11 6711101
 11 3522101
 11 3522201
 11 3721201
 11 5612101
 11 6622301
 11 6712201
 11 6712301
 11 3622201
 11 1612301
 11 1612301
 11 6721301
 11 2721301
 11 5511101
 11 7521001
 11 3722101
 11 3722111
 11 3721101
 11 6711301
 11 3722201
 11 1512201
 11 6713101
 11 5611101
 11 1421201
 11 3621101
 11 3621101
 11 7521001
 11 5711111
 11 6621111
 11 3521101
 11 5711101
 11 1721201
 11 6721901
 11 2611301
 11 6511311
 11 4521101
 11 6712301
 11 5611101
 11 7721001
 11 2721101
 11 7521001
 11 3621101
 11 5711111
 11 3622101
 11 6611101
 11 6711201
 11 5511101
 11 6311111
 11 6429101
 11 7521001
 11 5711201
 11 7722001
 11 6621101
 11 7622001
 11 6611301
 11 7521001
 11 5712101
 11 6711101
 11 6711201
 11 5611301
 11 3522201
 11 1611101
 11 2721901
 11 2611211
 11 2711301
 11 6621901
 11 6721201
 11 5711101
 11 5519201
 11 6522201
 11 5611101
 11 5711101
 11 6711001
 11 6711101
 11 5712101
 11 6711301
 11 2722901
 11 6711911
 11 2711901
 11 5711101
 11 6721301
 11 2711101
 11 6721101
 11 2721201
 12 6721201
 11 5711101
 12 6711001
 12 1512101
 12 6421111
 12 6721101
 12 6721301
 12 6721301
 12 3529101
 12 6721301
 12 7621001
 12 5612101
 12 1712301
 12 6621101
 12 2721301
 12 6311211
 12 2721201
 12 3722101
 11 2411201
 12 2719901
 12 2712301
 12 6411111
 12 6411111
 12 2422301
 12 6511201
 12 6511201
 12 6612901
 12 2713301
 12 1411201
 12 6611301
 12 6311101
 12 1612101
 11 6721301
 12 3721311
 12 6611101
 12 3721101
 12 3722201
 12 6711101
 12 3721201
 12 7622001
 12 7721001
 12 1711101
 12 3421101
 12 3721101
 12 6711901
 12 6511101
 12 6721201
 12 6721201
 12 3322101
 12 6421911
 12 2721301
 12 3622101
 12 3621101
 12 6711101
 11 6711101
 12 6712201
 12 3521101
 12 2611301
 12 6711101
 11 6521201
 11 3522101
 12 2612301
 12 6711101
 11 6321101
 12 6411301
 12 6422301
 12 1512101
 12 6411101
 12 6712301
 12 6511101
 12 6612301
 12 6711101
 12 2522201
 12 1711101
 12 2712301
 12 1711301
 12 4621911
 12 3621101
 12 7421001
 12 3522101
 11 3721101
 12 6511301
 12 6511201
 12 5511111
 12 6621101
 12 6522101
 12 1712201
 12 2713101
 12 6511101
 12 6721101
 12 6721101
 12 6722301
 12 1711201
 11 5711201
 12 6411301
 12 1712301
 12 3521111
 12 6721201
 12 6722301
 12 6722101
 11 2713301
 12 7522001
 12 3721301
 12 6721101
 12 1522101
 12 6711301
 12 6511111
 12 1612101
 12 6621101
 12 3722201
 12 5611101
 12 6611201
 12 6511211
 12 2711301
 12 1722301
 12 2621301
 12 6721111
 12 6611301
 12 7723001
 11 5511101
 12 2711101
 12 6511311
 12 6612901
 12 6522301
 12 3521101
 12 6421301
 12 1612301
 12 6321111
 12 6411101
 12 6721101
 12 1321201
 12 6722101
 12 6721101
 12 3621101
 12 2611301
 12 3623101
 12 6421211
 12 2721201
 12 6622101
 12 6621101
 12 6612001
 12 2711301
 12 2611201
 12 3622101
 12 6511101
 12 1521301
 12 2612301
 12 6221311
 12 4421311
 12 6311201
 11 6711301
 12 5511101
 12 6311001
 12 7521001
 12 6621201
 12 1512301
 12 6511301
 12 6611301
 12 6713301
 12 3721101
 12 6311101
 12 6612201
 12 6722201
 12 3623101
 12 6721301
 12 6711301
 11 6411101
 12 1711201
 12 6611301
 12 3722101
 12 3421201
 12 3721101
 11 1711311
 11 1611211
 11 3622301
 12 6712901
 12 1621201
 12 6713301
 12 6713901
 12 6611201
 12 5511211
 12 7621001
 12 1711201
 12 6611101
 12 3522301
 12 1522201
 12 6621101
 12 7621011
 12 3621211
 11 6721201
 12 5711101
 12 3722101
 12 3721101
 12 2721101
 12 6611301
 12 6611301
 12 3521201
 12 3521101
 12 6722101
 12 6723301
 12 5611101
 12 3521201
 12 1711101
 12 5611101
 12 5512101
 12 2711101
 12 2721101
 12 2412301
 12 6721101
 12 6322301
 12 7422001
 12 7721001
 12 2721301
 12 3421111
 12 6711101
 12 6611201
 12 5511101
 12 3522201
 12 5612101
 12 6711101
 11 6722901
 11 1721901
 12 6629101
 12 6611101
 12 6611101
 12 6411101
 12 3722101
 12 3621101
 12 6621001
 12 6723901
 12 3721101
 12 1521301
 12 6411301
 12 3621101
 12 3421301
 12 6511301
 12 3621101
 12 6621111
 12 6711001
 12 5711101
 12 6711101
 12 6511101
 12 6612101
 11 6621101
 12 6722301
 12 6312901
 12 6611301
 12 6721301
 12 6511101
 12 2713301
 12 2711101
 12 6421101
 12 5719901
 12 6711101
 11 2722901
 11 6711901
 11 6722301
 11 6711901
 11 3721901
 11 6711901
 11 6622901
 12 6712201
 12 6211311
 12 5711211
 12 5711101
 12 6721111
 12 3721101
 12 5611101
 12 1722201
 12 2721201
 12 6521201
 12 2612301
 12 6711101
 12 5612301
 12 3522101
 12 5711201
 12 5612901
 12 3722201
 12 4621101
 12 6721101
 12 6621311
 12 1421211
 12 2711211
 12 1721201
 12 6711301
 12 6611901
 12 1512201
 12 6613901
 12 6521301
 12 3621101
 12 5511201
 12 5511101
 12 6621101
 12 3721201
 12 5711101
 12 6521101
 12 6722301
 12 1521211
 12 3521201
 12 3721101
 12 6611101
 12 5711101
 12 6621101
 12 1721101
 12 2721201
 12 5712101
 12 2622301
 12 6421201
 12 2612301
 12 6612101
 12 6623301
 12 6511101
 12 1721301
 12 2611301
 12 6521101
 12 6721901
 12 3522101
 12 1613201
 12 6721901
 12 1712101
 12 6419101
 12 2711101
 12 6621301
 12 2722201
 12 2511101
 12 6621201
 12 6421201
 12 6721901
 12 6411111
 12 6711111
 12 1711201
 12 5612301
 12 6722901
 12 6711201
 12 6622201
 12 7522001
 12 5512101
 11 6721301
 12 6712301
 12 6611101
 12 2611301
 12 3721101
 12 7421001
 12 1412301
 12 1622901
 12 6322201
 12 7521001
 12 6611301
 12 6612301
 12 2721101
 12 2721301
 12 1721101
 12 3723201
 12 6721211
 12 2611301
 12 7621001
 12 6621101
 12 6611101
 12 6621101
 12 2611201
 12 6711301
 12 4521301
 12 1613301
 12 6711901
 12 6711301
 12 6611301
 12 3722101
 12 6411301
 12 6621301
 12 1711201
 12 6621301
 12 2712301
 12 5711201
 12 6711101
 12 6711201
 12 3521111
 12 6621201
 12 5512101
 12 6711301
 12 6611201
 12 6722901
 12 2711301
 12 3622201
 12 7622001
 12 2322301
 12 2612301
 12 1712101
 11 6311311
 12 6321111
 12 6522101
 12 6311911
 12 6712301
 12 2711901
 12 6712101
 12 6522301
 12 2322301
 12 1521301
 12 2711301
 12 2511301
 12 6612901
 12 1622101
 12 1722301
 12 2612301
 12 6612201
 12 5711301
 12 6721101
 12 6712201
 12 5711201
 12 6711101
 12 3721111
 12 3721101
 12 6711001
 12 3421201
 12 5611111
 12 3721101
 12 5611101
 11 6622901
 12 1721201
 12 5612101
 12 6621901
 11 2723901
 12 6711301
 11 6712301
 12 6711301
 12 6511311
 12 2521301
 12 5612101
 12 6622301
 12 3722101
 12 2721301
 12 2611301
 12 5611301
 12 6511301
 12 6713101
 12 5512104
 12 5611101
 12 1612101
 12 2613101
 11 2711901
 12 2721301
 12 6622201
 12 3621111
 12 6721301
 12 6611201
 12 1612201
 12 6721301
 12 6711901
 12 6622301
 12 6322301
 12 6512301
 12 5612201
 12 6611201
 12 1311101
 12 7721001
 12 3721111
 12 3721201
 11 6711001
 12 6611301
 12 3721101
 12 6711301
 12 6721001
 12 6323201
 12 6411201
 12 6721901
 12 6512901
 12 6723901
 12 2621901
 12 1722901
 12 1711901
 12 6711901
 12 6611301
 12 6519111
 12 6721101
 12 5612101
 12 6311311
 12 6622101
 12 2611901
 12 3721101
 12 6722201
 12 1722101
 12 5512101
 12 6721101
 12 1421201
 12 3521201
 12 7521001
 12 6323301
 12 7622001
 12 6611101
 12 5611101
 12 6611311
 12 6612101
 12 6713301
 12 6711201
 12 2711201
 12 6711301
 12 5612101
 12 6721201
 12 5612301
 12 1622301
 12 6311301
 12 6712004
 12 4321201
 12 3721101
 12 7421011
 12 5611101
 12 6712101
 12 6711301
 12 6612101
 12 1522301
 12 6612301
 12 1721101
 12 2712301
 12 2711301
 12 6411101
 12 5512101
 12 5612101
 12 6622101
 12 6712301
 12 2712201
 12 1611101
 12 6311211
 12 6521111
 12 3522201
 12 3621101
 12 3521101
 12 3422201
 12 6711201
 12 5712101
 12 1722101
 12 5612201
 12 5612101
 12 6622901
 12 1611101
 12 6721101
 12 6512101
 12 6421101
 12 3421101
 12 6711201
 12 3422201
 12 2721101
 12 6611101
 12 6612201
 12 2721101
 12 2721201
 12 6711101
 12 2722301
 12 6721201
 12 1621101
 12 1721201
 12 6511211
 12 6712201
 12 3721111
 12 1622301
 12 2711301
 12 5711301
 12 6511301
 12 6411211
 12 6621101
 12 5611101
 12 6511101
 12 6711101
 12 3722101
 12 1721201
 12 1721101
 12 6721301
 12 2721301
 12 2622201
 12 5711101
 12 2721201
 12 1711101
 12 2713301
 12 3721101
 12 2611301
 12 6712101
 12 5712101
 12 6711101
 12 3421101
 12 3422101
 12 5612301
 12 6311311
 12 6621111
 12 6723201
 12 5512101
 12 6711101
 12 2621301
 12 2612201
 12 6721101
 12 6711001
 12 3521101
 12 6521311
 12 6722301
 12 5611101
 12 6722311
 12 3721111
 12 3621201
 12 3621101
 12 6521101
 12 3721201
 12 3721101
 12 5711911
 12 6411301
 12 2522301
 12 3522201
 12 6512301
 12 1612301
 12 6712901
 12 2612301
 12 6711101
 12 3521101
 12 6611201
 12 2721301
 12 6211111
 12 2712301
 12 6619301
 12 3522101
 12 6521101
 12 6619201
 12 2621301
 12 6721101
 12 6721301
 12 3622101
 12 6611201
 12 3621201
 12 6323201
 12 1611201
 12 6621201
 12 6529101
 12 3421101
 12 6722101
 12 3622101
 12 2711301
 12 3721201
 12 6411201
 12 6629101
 12 6721101
 12 5511101
 12 6721101
 12 6722301
 12 6711901
 12 6711301
 12 2711201
 12 6321111
 12 2621101
 12 2622301
 12 6529001
 12 5711101
 12 6721901
 12 6711001
 12 2721901
 12 6721201
 12 6622301
 12 7522001
 12 6721901
 12 2612111
 12 2711311
 12 6611201
 12 6711301
 12 6712201
 12 6712101
 12 5611201
 12 6521101
 12 1712201
 12 2712301
 12 6322101
 12 6721301
 12 6723301
 12 6721211
 12 6721111
 12 5711101
 12 2521101
 12 6711311
 12 6711101
 12 6521201
 12 6711101
 12 1723101
 12 6611101
 12 6721201
 12 3721301
 12 3721301
 12 3422201
 12 3522101
 12 6721101
 12 3422101
 12 7521001
 12 6713201
 12 5712101
 12 2713301
 12 6611301
 12 6711201
 12 6621201
 12 6721101
 12 2713201
 12 6711101
 12 1722301
 12 4322101
 12 2721901
 12 7521001
 12 5512101
 12 6311211
 12 6321301
 12 1411301
 12 6511101
 12 6622301
 12 6611211
 12 3621311
 12 6122101
 12 6521101
 12 6721301
 12 3721201
 12 6721101
 12 6429211
 12 6312101
 12 2711201
 12 6721301
 12 3722201
 12 3721201
 12 2521101
 12 6611101
 12 7521001
 12 5712101
 12 2711201
 12 6412101
 12 5611101
 12 1619301
 12 3521101
 12 6611901
 12 5612101
 12 6512201
 12 3621201
 12 6622301
 12 2621301
 12 6512201
 12 6511101
 12 6622201
 12 6712101
 12 6622201
 12 5612301
 12 6711101
 12 5611101
 12 6511301
 12 1612901
 12 2622301
 12 3621101
 12 3723101
 12 5612201
 12 6512301
 12 2612301
 12 6521901
 12 6411101
 12 6621111
 12 1721901
 12 5612101
 12 6711301
 12 2511201
 12 6329111
 12 6413301
 12 6521101
 12 7621001
 12 6511101
 12 7721011
 12 6713201
 12 2711201
 12 2711301
 12 6512301
 12 6522301
 12 6611111
 12 7722001
 12 7722001
 12 3721101
 12 6721301
 12 5611101
 12 7521001
 12 5612101
 12 5712101
 12 1711311
 12 1711901
 12 6621301
 12 2623101
 12 6711301
 12 2522201
 12 6721101
 12 6619301
 12 4421301
 12 6712101
 12 6712101
 12 6711901
 12 2711311
 12 3523901
 12 1611101
 12 6622301
 12 1521211
 12 2711201
 12 6712101
 12 4722301
 12 4721301
 12 6312201
 12 6721101
 12 6422101
 12 5612101
 12 2622301
 12 5511201
 12 6621301
 12 5711101
 12 6722301
 12 6511201
 12 1711901
 12 6721101
 12 6712101
 12 5511111
 12 6311111
 12 6721301
 12 6711301
 12 1722101
 12 1711201
 12 6622301
 12 6711101
 12 6522101
 12 3521301
 12 6621301
 12 6721201
 12 1621311
 12 6711301
 12 6711301
 12 5711101
 12 3721101
 12 3722101
 12 6529101
 12 6711201
 12 3621211
 12 2512301
 12 6422301
 12 6721101
 12 1623101
 12 6311301
 12 6722201
 12 1722201
 12 5612101
 12 3622301
 12 6322111
 12 3522201
 11 6721101
 12 6321301
 12 7721001
 12 6711301
 12 3621111
 12 3721101
 11 6611211
 12 5712101
 12 6621301
 12 5611101
 12 6721101
 12 6721101
 12 6711101
 12 6611301
 12 5712101
 12 5712201
 12 6712301
 12 6421101
 12 6621101
 12 6611101
 12 6512301
 12 7423001
 12 6712901
 12 6512101
 12 6611101
 12 6521101
 12 3322101
 12 5711101
 12 3722101
 12 6311101
 12 6721001
 12 3522201
 12 1622101
 12 6311101
 12 6712301
 12 6711901
 12 1711101
 12 1721201
 12 5611201
 12 6711011
 12 6622101
 12 5712301
 12 3522101
 12 2621301
 12 6721301
 12 6721301
 12 6522301
 12 3721101
 12 5612101
 12 6721301
 12 6712301
 12 1711101
 12 3621101
 12 6711301
 12 5612101
 12 6612101
 12 1721311
 12 2721301
 12 6521111
 12 6611301
 12 7722001
 12 6421101
 12 6421101
 12 6712301
 12 6711101
 12 6619101
 12 5512101
 12 3629201
 12 6521211
 12 5612101
 12 3529101
 12 2711201
 12 2722301
 12 2721301
 12 6711901
 12 7621001
 12 6611101
 12 6612201
 12 5712201
 12 6311111
 12 2612301
 12 5511101
 11 6321201
 12 5712101
 12 2511301
 12 5711111
 12 6721101
 12 6721211
 12 2711311
 12 6322201
 12 1711901
 12 5711111
 12 6521201
 12 3621211
 12 6622101
 12 7522001
 12 6511901
 12 6512201
 12 6619101
 12 7621011
 12 1511201
 12 6621101
 12 6612201
 12 5612111
 12 3521211
 12 6621311
 12 3622301
 12 5612101
 12 6613201
 12 6411301
 12 5511201
 12 3622101
 12 6719101
 12 6321901
 12 3622101
 12 5713101
 12 2722201
 12 3621201
 12 2712101
 12 1711101
 12 6722301
 12 6711201
 12 6521201
 12 2722101
 12 5619201
 12 6121311
 12 5611101
 12 6612301
 12 1723101
 12 5712101
 12 2711301
 12 6723301
 12 6613101
 12 2611301
 12 3622101
 12 6711101
 12 1721301
 12 6721301
 12 3721111
 12 2723301
 12 6611201
 12 2612201
 12 6211311
 12 6611311
 12 6512201
 12 6311111
 12 2712301
 12 6721201
 12 1712901
 12 1711111
 12 6713901
 12 2611901
 12 6522901
 12 5712901
 12 5713901
 12 1722101
 12 6612101
 12 3721201
 12 6311101
 12 5612201
 12 6512301
 12 6422101
 12 6712901
 12 6611101
 12 6521101
 12 1511911
 12 1511101
 12 6421101
 12 2521301
 12 3521111
 12 3721111
 12 6713901
 12 6711301
 12 3722101
 12 6721301
 12 6711301
 12 6721301
 12 6621301
 12 6711301
 12 4322101
 12 6721211
 12 6722101
 12 6622101
 12 6711101
 12 6621201
 12 6711001
 12 6711101
 12 5711101
 12 6522101
 12 6712111
 12 5512101
 12 3622204
 12 7623001
 12 6421901
 12 6721201
 12 6621101
 12 5612101
 12 6722301
 12 2722201
 12 6411101
 12 6621101
 12 6721101
 12 6713301
 12 3522101
 12 6721301
 12 6421101
 12 6612301
 12 6712101
 12 6521101
 12 1711101
 12 6311311
 12 1612301
 12 6612101
 12 5512901
 12 2711311
 12 1721301
 12 6611901
 12 2721301
 12 3622201
 12 6611101
 12 6621301
 12 2721101
 12 6721301
 11 1412201
 12 6522101
 12 2612301
 12 6721911
 12 6522901
 11 3523201
 12 2522901
 12 5711101
 12 7422001
 12 6711101
 12 2712301
 12 1712901
 12 6621201
 12 6511311
 12 6711101
 12 6621311
 12 1421301
 12 6511901
 12 6721901
 12 3722901
 12 2723301
 12 5711901