121 1721101
121 5711101
121 6521101
121 1721301
121 5711201
121 6711301
121 2511301
121 6721301
121 3621101
121 3721101
121 6621301
121 6621301
121 6621201
121 3521101
121 3521101
121 7521001
121 6711201
121 3521201
121 2621201
121 5511101
121 6721301
121 6621201
121 3721301
121 5613101
121 3621101
121 3421101
121 6521101
121 3521101
121 7621001
121 1721201
121 7521001
121 2611101
121 6511901
121 1621201
121 7521001
121 2721301
121 6721201
121 6611101
121 6723301
121 3723201
121 6721301
121 5613101
121 3621101
121 5611301
121 6721111
121 1711201
121 7621001
121 1611101
121 5711101
121 6711101
121 6721101
121 6711101
121 7421001
121 2721101
121 3721101
121 6713301
121 6611101
121 5711101
121 2721301
121 1711301
121 6513101
121 6311301
121 5713101
121 6611301
121 3521101
121 1611111
121 2711301
121 6721311
121 6311101
121 2711201
121 3621101
121 2721201
121 5511901
121 6421101
121 3421201
121 6721111
121 3421211
121 6711201
121 5711102
121 6411101
121 6521001
121 6721101
121 6721201
121 6711201
121 6211301
121 3721101
121 1621201
121 2721201
121 5611101
121 6611301
121 1711201
121 1711101
121 6721001
121 2721301
121 6511301
121 7523001
121 6721101
121 7421001
121 5711101
121 7421001
121 6611101
121 6721201
121 1411901
121 7421001
121 6611101
121 2721201
121 6711101
121 6521301
121 5611101
121 1721101
121 6511201
121 1711301
121 6721301
121 5711101
121 7521001
121 5711101
121 5711101
121 6611301
121 2711301
121 6621101
121 6511301
121 6621101
121 7521001
121 6711901
121 5711101
121 6611101
121 6511201
121 3721101
121 6721901
121 6511101
121 6611001
121 2711201
121 6521301
121 3521201
121 2611301
121 6721301
121 5711112
121 3521201
121 6423111
121 3721101
121 1711201
121 5611111
121 6511101
121 3721101
121 3721101
121 2721301
121 1311101
121 6721101
121 6723301
121 5711101
121 6521101
121 3621201
121 6711101
121 6721301
121 6721301
121 6711201
121 6711201
121 6621201
121 6611101
121 3421101
121 6711301
121 3521101
121 3721301
121 2621101
121 5711101
121 6721101
121 6721101
121 6711001
121 6711201
121 5719101
121 6611201
121 2721201
121 5711101
121 6721201
121 3721301
121 1721301
121 6521101
121 3721101
121 7421001
121 6621301
121 6511111
121 6723901
121 6711201
121 6621201
121 6711301
121 1611201
121 5711101
121 6319201
121 3421201
121 2721301
121 3521201
121 3721101
121 5511101
121 1611301
121 3721101
121 6521201
121 6711101
121 5711111
121 5711101
121 5613101
121 5711101
121 2721301
121 6521101
121 4521101
121 6211301
121 4621201
121 6711101
121 6421101
121 6721101
121 6423101
121 7421001
121 6621201
121 5613101
121 2621201
121 6721301
121 1721101
121 7521001
121 1711101
121 2621101
121 6711201
121 6711101
121 6713301
121 5711101
121 5711101
121 5611201
121 5711901
121 3621201
121 7621001
121 1421101
121 1721301
121 2711301
121 5611101
121 1521311
121 2721301
121 6711301
121 2621201
121 6511101
121 3521201
121 6711301
121 6721301
121 6721901
121 1721901
121 1711101
121 5711101
121 6721101
121 5611211
121 6723901
121 3621301
121 6511301
121 6721901
121 6619101
121 5711111
121 6521101
121 6611301
121 5711101
121 5719101
121 3621201
121 6621111
121 6611301
121 6511101
121 5611101
121 3521101
121 6711201
121 6611101
121 1721201
121 1721901
121 3721301
121 7521001
121 2711301
121 5711301
121 6621111
121 1711201
121 3721101
121 5613201
121 5611101
121 3721101
121 6721111
121 7421001
121 4421201
121 6511311
121 6721101
121 1721201
121 6423001
121 6721101
121 3721101
121 6621301
121 5711201
121 3521101
121 3721201
121 6711101
121 6711001
121 2521201
121 2721101
121 3521101
121 5511201
121 3421201
121 3421101
121 5711301
121 6523102
121 2723301
121 2721101
121 6721301
121 3421201
121 6223301
121 5711101
121 6711101
121 6621101
121 6521101
121 6723301
121 5611101
121 7521001
121 6721201
121 3421101
121 5711101
121 5711201
121 5619101
121 3421201
121 6311101
121 6611101
121 6721201
121 3522201
121 6611301
121 6721201
121 5711101
121 6711301
121 6411201
121 6521101
121 6711301
121 6611101
121 2721101
121 6211301
121 3721201
121 5711201
121 1511301
121 6711901
121 6519901
121 3521101
121 3621201
121 1711201
121 6711201
121 3721201
121 6611001
121 6621101
121 6711201
121 6721101
121 6511101
121 3623301
121 3623301
121 3621101
121 2613101
121 1721101
121 5711101
121 1711201
121 6621101
121 6711101
121 5711911
121 2713301
121 6521201
121 6711101
121 3721201
121 3721111
121 1411301
121 6621301
121 6711101
121 6721101
121 2721301
121 6721101
121 3721101
121 3721101
121 5711101
121 6721301
121 6621301
121 6711001
121 1713301
121 6721201
121 2723301
121 6621301
121 6611301
121 6711101
121 1721101
121 6511101
121 2711301
121 2611201
121 5711201
121 6621301
121 6721301
121 5511101
121 6511101
121 1713301
121 6511201
121 2721301
121 6711101
121 1711101
121 6721101
121 3621101
121 3421101
121 3721101
121 3721101
121 1711201
121 6721901
121 6529101
121 6721201
121 1711101
121 6711301
121 3721101
121 6413101
121 1411201
121 6711201
121 6711104
121 6721911
121 6711101
121 1721301
121 3721101
121 2611101
121 2621301
121 6721101
121 3721101
121 6721911
121 3621101
121 1711301
121 6611301
121 3721101
121 2711201
121 6511111
121 1621201
121 3721901
121 6721301
121 3523201
121 3521101
121 3721201
121 6523301
121 6711311
121 3721101
121 3621101
121 6521101
121 1611101
121 6721301
121 3421201
121 6711101
121 6711101
121 6711301
121 4721101
121 6621201
121 3721101
121 3621101
121 6721201
121 3721101
121 6711901
121 6711901
121 5711901
121 6611101
121 5511111
121 7721004
121 6721301
121 5711101
121 3421101
121 3321201
121 3623201
121 6623901
121 7522001
121 6711001
121 3721101
121 1621101
121 6421201
121 6721301
121 7721001
121 3421111
121 3621201
121 6613301
121 6511201
121 6713301
121 6711301
121 5411101
121 6721211
121 6711311
121 3721101
121 6711301
121 6711201
121 6611101
121 6211101
121 6611301
121 6721101
121 3721101
121 3421101
121 7421001
121 2621301
121 6721201
121 3721101
121 5611101
121 5711101
121 2711301
121 3721201
121 6711001
121 6611101
121 2621101
121 3521101
121 1721101
121 6711201
121 6711301
121 6611311
121 6611301
121 6711201
121 5611201
121 6721101
121 6711101
121 6611101
121 6721901
121 6721101
121 2711301
121 6711201
121 6711901
121 1711201
121 3721101
121 1721301
121 6711301
121 6621301
121 6721101
121 3621201
121 5711101
121 1711301
121 6711101
121 5711101
121 5611101
121 6311101
121 6521301
121 2721301
121 6711201
121 3521101
121 3621101
121 6711101
121 5711101
121 3721101
121 6411201
121 6711101
121 6721201
121 6421101
121 6623101
121 7523001
121 6611101
121 6411901
121 6629901
122 6413301
122 6711101
122 3521201
122 6521201
122 6621101
122 6721201
121 5613201
122 6511101
122 6721101
122 3721101
122 6721201
122 2721301
122 1723201
122 2711901
122 2711301
122 3721201
122 5611101
122 6611201
122 5611101
121 6611201
122 6321101
122 6411111
121 5611101
121 1721101
122 6421101
122 2711201
122 5711101
122 2711301
122 6723301
122 6721301
122 5711102
122 6621301
121 5611201
122 3521201
122 5511101
122 6321101
122 1711101
122 6711201
122 6711101
122 2721301
122 6721201
122 6711101
122 2711101
122 6711201
122 6721201
121 6511111
122 6711301
122 6611311
122 3621101
122 6521111
122 2721301
122 3621101
122 5711101
122 5711101
121 5611901
122 2713201
122 3621101
122 1511301
122 5719101
122 6721101
122 6611301
121 6721101
122 5711101
122 3721201
122 6721201
122 2721101
122 6721101
122 5711101
122 6511301
122 6713301
122 6611101
122 3721301
122 6713901
122 3521201
122 3421301
122 2723301
122 6721201
122 1711201
122 3721101
122 3721201
122 6711201
122 3621201
122 6711301
122 6611201
122 6721101
122 1721201
122 3721101
122 6521001
122 3421101
122 3421201
122 7721001
122 1513101
122 6521101
122 7521001
122 6621201
122 6529101
122 6711001
122 6711301
122 6321201
122 3521101
122 1411201
122 6713101
122 3721101
122 6711301
122 1511201
122 6721201
122 6711301
122 7421001
122 6713101
122 3723101
122 2721301
122 6611101
122 6721301
122 5711201
122 5711201
122 2711301
121 6711901
122 6721101
122 6519101
122 6711001
122 6511101
122 6621101
122 6711211
122 3721101
122 6721201
122 6721301
122 2623201
122 6623101
122 6711301
122 3621101
122 5711101
122 6511311
122 3721201
121 6711301
121 6721901
122 6321101
122 6711101
122 3729101
122 3621201
122 5611201
122 6713201
122 6621301
122 6411101
122 5711101
122 3521101
122 1421301
122 6411101
122 6711201
122 3521201
122 6711101
122 6621201
122 6621201
122 2711301
122 6721201
122 6611101
122 1621201
122 5711111
122 1721101
122 1723101
122 6711101
122 6721301
122 6611301
122 1721101
122 2721101
122 6721001
122 2721301
122 6511301
122 1611211
122 1713111
122 6723301
122 6429101
122 1711201
122 5511201
122 5711101
122 6511201
122 7621001
122 3521201
122 7621001
122 6721301
122 2611301
122 1611101
122 3421101
121 6711301
122 2711301
122 1721201
122 3721101
122 6621101
122 6721301
122 1721201
122 5711111
122 6321101
121 6721301
121 6711301
122 6621301
122 6713101
122 6721301
122 1711201
122 3421201
122 6711301
122 6711101
122 6711201
122 7721001
122 5711201
122 1511101
122 6711301
122 6621101
122 6521101
122 6711101
122 3422201
122 6711301
122 6421101
122 3721101
122 3621101
122 6321901
122 6721101
122 5511101
122 6621101
122 1711201
122 5711101
122 1711101
122 6711901
122 6721101
122 1711101
122 6721101
122 3521301
122 6511311
121 6721901
121 2723901
122 6721101
121 6711301
121 6711301
122 6511901
121 6721301
122 6621201
122 6721211
122 6711201
122 1621101
122 6511101
122 6711101
122 6721901
122 3621111
122 6721301
122 3721101
122 3521211
122 2721101
122 3623201
122 6621301
122 3621201
122 6511101
122 2711901
122 6721301
122 3721101
122 6721301
122 1711201
122 1721201
122 2721301
122 3623101
122 6711201
122 6711101
122 6111301
122 1711201
122 6521111
122 2621101
122 6413201
122 6611101
122 6719901
122 5711301
122 5711201
122 6711301
122 6321111
122 2621201
122 3721101
122 3721101
122 5711301
122 6311201
122 5711201
122 1521101
122 5711101
122 3521101
122 2721201
122 1711101
122 1711101
122 6611101
122 6721901
122 6721001
122 7521001
122 6711301
122 3721101
122 3721201
122 6711001
122 2621101
122 5611201
122 2711301
122 6611201
122 6521101
122 5711101
122 6721101
122 1521201
122 6711201
122 3721201
122 6721301
122 6711101
122 3521101
122 1721101
122 6711901
121 6721901
122 2721101
122 6321111
122 3721101
122 6711201
122 3621101
122 6621301
122 6721201
122 5613101
122 1711201
122 6723301
122 6721001
122 6413301
122 3521101
122 6711101
122 3721201
122 3721101
122 3721101
122 3621101
122 5611101
122 6723101
122 6711201
122 3421111
122 6711301
122 2721301
122 6623101
122 6721301
122 6713301
122 2721301
122 2721301
122 3423201
122 3421201
122 6511101
122 6611101
122 1721901
122 6511101
122 6723301
122 5711101
122 1729101
122 6713201
122 6713201
122 1521101
122 6711301
122 6711311
122 5611101
122 6721901
122 6721901
122 7521001
122 6723201
122 6711901
122 1721101
122 1711101
122 2721301
122 1721201
122 6721301
122 2721101
122 2721301
122 3721101
122 3621101
122 5711111
122 6711201
122 6321111
122 3621111
122 1621101
122 6511301
122 6721311
122 6722301
122 6721301
122 5711201
122 2711301
122 6711301
122 6621201
122 1721201
122 6721201
122 6711101
122 3521201
122 3721101
122 6711301
122 6711301
122 2611301
122 6711101
122 2711301
122 3523201
122 6721201
122 6721101
122 1711101
122 6721201
122 3721101
122 6711901
122 6721901
122 7721001
122 1721201
121 5711901
122 6211101
122 2721301
122 5611101
122 3721301
122 3721301
122 6721901
122 6721001
122 1721301
122 3721101
122 6711101
122 6711201
122 6711301
122 6521101
122 6223301
122 6711301
122 1621301
122 4721101
122 6621301
122 2721301
122 6421201
122 6721101
122 6711111
122 6711301
122 6711101
122 7621001
122 1711201
122 6621111
122 7621001
122 3721101
122 7721011
122 5611101
122 1611101
122 2711301
122 3421201
122 3721101
122 5713101
122 5611201
122 3721201
122 6611101
121 6711901
122 5511111
122 5611201
122 2721101
122 6721301
122 6321201
122 5711101
122 6711101
122 3421111
122 3721101
122 6721101
122 6711301
122 6711101
122 3621101
122 6611101
122 1711201
122 7723001
122 3721101
122 3621101
122 3521101
122 3521101
122 7621001
122 2711301
122 6511101
122 6411101
122 2723301
122 1721101
122 2713301
122 6711101
122 5711201
122 6711101
122 6621101
122 3729101
122 3521101
122 3421201
122 2711201
122 6323201
122 6411311
122 5711101
122 6521101
122 6511101
122 6713301
122 1621201
122 5711101
122 2711101
122 1729101
122 2611301
122 2711101
122 7421001
122 6721101
122 5511201
122 2711301
122 5611101
122 6721901
122 6611301
122 6711301
122 6711201
122 7721011
122 5711101
122 7521001
122 3521101
122 7421001
122 2721301
122 3521101
122 5611101
122 1713101
122 1721901
122 6711901
122 2711901
122 6611201
122 2721901
122 6723301
122 5611201
122 2721301
122 7421011
122 6721901
122 6611201
122 6721901
122 6721301
122 6721901
122 6711301
122 1721201
122 6721301
122 2721301
122 3721201
122 5711201
122 6721301
122 1721301
122 2721301
122 6711101
122 5511101
122 4621201
122 6511301
122 1721201
122 4321101
122 6711301
122 3421201
122 2611101
122 1521101
122 3423101
121 6721301
121 3521901
122 6711001
122 2711301
122 3721101
122 3721201
122 3721101
122 6713201
122 6721101
122 3721301
122 5611101
122 7421001
122 6311111
122 6711001
122 1711201
122 6711101
122 6721901
122 3721111
122 3721301
122 6511301
121 6711201
122 6611901
122 6711301
122 6711001
122 5711101
122 6721301
122 6713901
122 6721901
122 6711301