131 1711201
131 6511101
131 6711211
131 3721101
131 6321201
131 3721201
131 6711201
131 1611211
131 6721111
131 6711301
131 3721101
131 6611201
131 2713301
131 6611101
131 6711301
131 7721001
131 6723301
131 6723301
131 3521201
131 3621201
131 3623201
131 5711101
131 3421101
131 6711301
131 5613101
131 5611201
131 5611101
131 6723101
131 2713201
131 2721901
131 6111101
131 4521111
131 6721301
131 1523301
131 6711211
131 6721201
131 1721101
131 3721201
131 6321111
131 3421201
131 2711301
131 2721311
131 5711111
131 5611101
131 6721101
131 6711201
131 6721901
131 7721001
131 6521101
131 1711201
131 3621101
131 6613201
131 1621201
131 3421101
131 6711001
131 7521001
131 6521901
131 3721201
131 5519111
131 6421101
131 6621201
131 3721201
131 1721101
131 6611001
131 6321111
131 6621911
131 6511301
131 1611101
131 5611101
131 6721101
131 6713301
131 1721101
131 6711301
131 1711301
131 6711301
131 6721301
131 6523201
131 5611101
131 6311101
131 6711301
131 5611101
131 5712101
131 6412901
131 2721301
131 6213201
131 3722101
131 2711101
131 6511101
131 6711301
131 1723101
131 6711301
131 6721901
131 6521101
131 3521201
131 6321201
131 6511204
131 3721201
131 2711101
131 6422201
131 5711101
131 6721201
131 2721311
131 6523101
131 6711301
131 6713301
131 3721201
131 6721101
131 6621101
131 6721101
131 1721101
131 3523201
131 6721301
131 2613201
131 6511301
131 1711911
131 2721301
131 2711101
131 5511101
131 1611111
131 1711201
131 1611101
131 3521101
131 5711111
131 2711311
131 6413101
131 3621211
131 6621201
131 6721301
131 3723101
131 3723101
131 5711101
131 2711301
131 5713101
131 2721301
131 6713301
131 2723201
131 6513101
131 3523201
131 3521101
131 3721201
131 1613101
131 6713201
131 6711111
131 6721211
131 6611101
131 2721201
131 2721301
131 3721201
131 6711901
131 3721201
131 6721101
131 1711201
131 3721101
131 2713101
131 6411201
131 7521011
131 6723101
131 2711211
131 3721101
131 5711201
131 3621101
131 5611111
131 1721301
131 2623301
131 7621001
131 6713201
131 1721301
131 6711901
131 6321101
131 6729201
131 5611101
131 1521201
131 6711201
131 6611301
131 5511101
131 6311101
131 1723201
131 1611101
131 1713201
131 7723001
131 6711101
131 5611201
131 2721301
131 2721301
131 6713301
131 5611101
131 6721111
131 6723101
131 6721301
131 2711101
131 3521301
131 1711901
131 6711101
131 6711301
131 6711311
131 3421101
131 5511201
131 5511101
131 3723101
131 5711901
131 3621301
131 6721301
131 2721901
131 6721901
131 5711111
131 3521101
131 6711301
131 3721101
131 3621101
131 5711111
131 6711001
131 5711101
131 2721101
131 6723301
131 6721301
131 6721311
131 1511211
131 1711101
131 1721101
131 3621111
131 6721101
131 6721201
131 2611201
131 6523301
131 6711101
131 1721201
131 5711101
131 6711101
131 5611111
131 6711201
131 1711201
131 6721201
131 3623101
131 2621101
131 2721301
131 2711301
131 5611111
131 3521201
131 2721901
131 5711101
131 6221301
131 2711301
131 5611111
131 6711901
131 6711301
131 5711101
131 1513101
131 7729001
131 6721201
131 6613201
131 1721101
131 5711101
131 2713301
131 6711201
131 6413101
131 3721101
131 6711301
131 6721201
131 1621201
131 6513201
131 5511111
131 6711001
131 3721301
131 6721301
131 6622104
131 6521911
131 6711111
131 1723901
131 2711201
131 6711111
131 5713201
131 6721301
131 6321111
131 1711201
131 1621101
131 1723101
131 1621201
131 1621201
131 3621101
131 6421001
131 2621301
131 6721201
131 3723101
131 5711301
131 2721901
131 6721001
131 1721301
131 6713301
131 3721101
131 6621201
131 1721901
131 1623301
131 3523201
131 5511101
131 6721101
131 6613101
131 6711301
131 6711101
131 6711101
131 5711111
131 6421201
131 7721001
131 1511111
131 6711901
131 6613101
131 3721101
131 2721301
131 2713201
131 6711101
131 6721101
131 3523101
131 6621201
131 6711301
131 1713101
131 1713101
131 5611101
131 6611201
131 6621101
131 3621201
131 1721201
131 3521101
131 5619101
131 3721201
131 6721201
131 1723301
131 2711211
131 6721201
131 7621001
131 3521201
131 6721301
131 2521301
131 1721301
131 6711311
131 6711001
131 6711101
131 5511901
131 1713101
131 2721201
131 6311211
131 1721101
131 6713101
131 6611301
131 6723101
131 1711211
131 1711211
131 2711201
131 1621101
131 2711301
131 3721101
131 1421201
131 6721101
131 6711101
131 6711101
131 6411101
131 6421101
131 7521001
131 6621211
131 6713101
131 3723101
131 3429211
131 6729101
131 3723301
131 6721201
131 6711301
131 6721301
131 1721101
131 3721101
131 6711301
131 6511901
131 2721301
131 6721201
131 2611201
131 6723301
131 2723201
131 6511201
131 6511101
131 3621101
131 4521201
131 6411301
131 6721101
131 1711901
131 1711901
131 1711901
131 2711311
131 6613301
131 6721111
131 6711901
131 5711901
131 2711901
131 6721101
131 7523001
131 3521101
131 3421211
131 2721301
131 2711201
131 6721301
131 3621101
131 5611201
131 6711201
131 1711201
131 6721301
131 6723101
131 2721301
131 2713101
131 1623301
131 5511111
131 6411101
131 6621301
131 6721201
131 6723101
131 2721901
131 6621201
131 6721301
131 1523101
131 6721301
131 3621101
131 2711201
131 3721101
131 6711301
131 3721201
131 6711201
131 6411101
131 3721101
131 6723301
131 6529101
131 3721101
131 1711101
131 3523101
131 5713201
131 6511101
131 3522101
131 6521901
131 7521001
131 6612201
131 6511111
131 6723201
131 5611101
131 2711101
131 6711311
131 3421201
131 6521101
131 1721301
131 1621201
131 2721211
131 3421201
131 2421301
131 5711101
131 3621211
131 2721301
131 6721101
131 1611301
131 3621101
131 6711101
131 5713101
131 6713111
131 2611201
131 6711201
131 5711101
131 5719101
131 6711001
131 1611901
131 2721901
131 6711301
132 3721101
132 3721101
132 6721301
131 6711001
132 6711101
132 6711111
132 1711101
132 1711101
132 1723101
131 3621101
132 6611301
131 2711201
132 2711101
132 1723101
132 6329201
131 3721101
131 3621301
131 6711201
131 5611101
132 1721201
131 6611201
132 6721301
132 3721101
132 5611101
132 6721101
132 3721101
132 6611311
132 3721101
132 3721101
132 1711201
131 6711101
132 3721101
132 6523301
132 6721301
132 6721211
132 6611111
132 6621001
132 2711301
132 5611101
131 6713301
132 3621211
132 6611201
132 6611101
132 6721101
132 6221301
132 2621201
132 2713301
132 6623101
132 6713201
132 2611301
132 5611101
132 6621101
132 2713201
132 1721101
132 6621301
132 6721101
132 6413201
131 6713901
132 2711201
132 5711201
132 1529101
132 6719101
132 3729101
132 3729101
132 6721101
132 6121301
132 7621001
132 3721201
132 1713101
132 6511101
132 6721101
131 6711301
132 6721001
132 5713101
132 6713301
132 2521301
131 6521211
132 2721301
132 2611101
132 2611101
132 2611101
132 6721101
132 1711201
132 3429301
132 1529101
131 6313101
132 6513201
132 3523201
132 6711301
132 2721301
132 6711001
132 3523101
132 3621101
132 7721001
132 7621001
132 5711301
131 5711101
132 3723101
132 6721901
132 1711201
131 6713201
131 6711901
132 6711001
132 5711101
132 2621201
131 2711901
132 5611101
132 6711201
132 3721101
132 5711101
131 5611911
131 5711901
132 6623101
132 6611301
131 3629101
131 6721301
132 5613101
132 5711101
131 6711901
131 2723901
131 6723901
132 1721211
132 6711201
132 6711301
132 6711201
132 1721101
132 7521001
132 2623201
132 6721201
132 6611301
132 2721101
132 6711201
132 1723201
132 6721101
132 3521101
132 6721101
132 6111301
132 6621911
132 3721101
132 3721101
132 6721301
132 6521301
132 5711301
132 1621101
132 1621201
132 2721111
132 6711111
132 2511301
132 2711201
132 6721211
132 3621211
132 2711101
132 6611901
132 6229111
132 6521101
131 6711201
132 1711101
132 5711101
132 5711101
132 6721101
132 6721201
132 3721101
132 5711101
132 6711101
132 6613201
132 2721201
132 6723301
132 3521901
132 3323201
131 6721201
132 2711101
132 3723101
132 6711301
131 1511111
132 5711101
131 6511101
132 7322001
132 5611111
132 3421201
132 6523101
132 2721301
132 3621101
132 2621301
132 6521304
132 6711301
132 3421201
132 3721101
132 6711201
132 7721001
132 6721301
132 6523201
132 6313201
132 3621101
132 6521101
132 6711011
132 6721911
132 6711101
132 6711001
132 6721211
132 6521301
131 3621201
132 6621101
132 6623101
132 6721101
132 3721104
132 3721101
132 2711901
132 5711101
132 5711101
132 2613101
132 2721301
132 2721201
132 3721201
132 5713101
132 2713301
132 3721201
132 6721101
132 1721101
132 3721101
132 6711101
132 1723101
132 3621101
132 3621201
132 5711101
132 6711101
132 6621301
132 6521111
132 6721301
132 1711111
132 6721111
132 7723001
132 2713101
132 2723101
132 6713101
132 6711001
132 6713101
132 5713101
132 5711101
132 6521101
132 2721311
132 2711101
132 5713901
132 1721201
132 2521301
132 6321201
132 6711101
132 3623101
132 6711301
132 3721901
132 4721911
132 6721901
132 3421101
132 6721101
132 3521101
132 3523304
132 6411101
132 6721301
132 5511101
132 6721201
132 4621311
132 6711301
132 6711101
132 6511301
132 3721111
132 6711001
132 1519101
132 6721101
132 7721001
132 7721001
132 6721101
132 6721101
132 5611211
132 1721101
132 6712201
132 3721101
132 6721101
132 5411101
132 6721101
132 3523201
132 6621301
132 6623101
132 6611101
132 3421101
132 5713101
132 6711911
132 1721201
132 6721301
132 6621101
132 1721201
132 1622301
132 6613201
132 6523101
132 6622101
132 5611101
132 6421301
132 5713301
132 3721201
132 5711101
132 2621101
132 6721301
132 6521211
132 6723201
132 6721201
132 6321311
131 6411101
132 6711201
132 6611101
131 6619101
132 1521301
132 1711201
132 6621201
132 1721101
132 7521001
132 3721101
132 3629101
132 2711301
132 1721101
132 6721101
132 6721101
132 5611101
132 3521101
132 7521001
132 6721101
132 1721201
132 3721101
132 2621301
132 3723201
132 6621201
132 6711201
132 6621311
132 6711301
132 5711101
132 6623101
132 1711101
132 7621001
132 6721301
132 6529111
132 6511301
132 6721101
132 5511101
132 6711201
132 1521101
132 3421201
132 6623301
132 6521301
132 3521111
132 6511201
132 3721111
132 6723101
132 6711001
132 2711201
132 6711911
132 1721201
132 1711201
132 1721201
132 3521101
132 3422101
132 6421201
132 6711201
132 3721201
132 6521101
132 3621201
132 3721101
132 1711301
132 6621301
132 6711201
132 6711201
132 6721901
132 6723301
132 6711301
132 2621201
132 6713101
132 6711201
132 2711101
132 2711901
132 3721101
132 6621101
132 6613201
132 6723301
132 6711311
132 6721211
132 3623101
132 2611201
132 6721311
132 6711101
132 3721201
132 3521201
132 2721311
132 6711301
132 6711301
132 5719101
132 3621201
132 6511111
132 6621111
132 6413201
132 6629301
132 3621111
131 3621211
132 6623101
132 3623301
132 6611101
132 6711301
132 6613301
132 6723101
132 6323101
132 6711901
132 2713201
132 2711201
132 5711101
132 6723301
132 1711101
132 1611101
132 7621001
132 6723201
132 6413301
132 2521211
132 6713101
132 5519111
132 5613101
132 6321101
132 2711201
132 6711101
132 6713301
132 6613101
132 3521111
132 7721001
132 6713201
132 5611101
132 6121111
132 2513301
132 6723901
132 6711301
132 3721201
132 6711911
132 5611101
132 6723301
132 3621101
132 6723201
132 6611301
132 5611101
132 2711911
132 6711311
132 6713101
132 6521101
132 6711101
132 6613301
132 6723901
132 6711301
132 6711311
132 3723101
132 6713301
132 5712101
132 6611311
132 6411101
132 6321101
132 3629211
132 6711001
132 6711301
132 1713101
132 5711101
132 3721101
132 6713301
132 1611201
132 6711301
132 6711301
132 6221301
132 6411301
132 6511001
132 6621101
132 6711301
132 6721301
132 2621301
132 1511201
132 6711301
132 3721301
132 6711301
132 6711001
132 2713301
132 6711301
132 7621001
132 6721301
132 3723101
132 6521101
132 5611101
132 2711101
132 3723101
132 1613101
132 3721201
132 1611201
132 5711101
132 6321201
132 5711901
132 6711311
132 6711901
132 6721301
132 2711101
132 2711101
132 7629011
132 6721901
132 2721301
132 3621201
132 2721101
132 3621101
132 6711101
132 6723301
132 6719101
132 1721211
132 6711901
132 6713301
132 6523101
132 6711311
132 6321201
132 3723101
132 6613301
132 6619101
132 2713301
132 6521111
132 2713301
132 6611201
132 6721111
132 5511101
132 6721301
132 5713101
132 5711111
132 6711301
132 3723201
132 5711201
132 6713101
132 5711201
132 6611901
132 6721901
132 2721911
132 6721901
132 2722901