161 3621201
161 3621301
161 2711201
161 6511111
161 1622101
161 6721311
161 3721101
161 6723201
161 3621101
161 6411101
161 6722101
161 3421201
161 5711101
161 6511301
161 6711301
161 3521111
161 3621201
161 2521301
161 7421001
161 1521111
161 3621301
161 5711101
161 2611311
161 3721101
161 3521201
161 2711301
161 6621311
161 6721301
161 6529911
161 6511311
161 6711111
161 5711101
161 6721101
161 2721101
161 3721301
161 5711101
161 6621101
161 1611201
161 2511101
161 3721101
161 6711101
161 6711901
161 6411211
161 6711301
161 6721301
161 6321101
161 1423101
161 2711301
161 4521211
161 6111301
161 6521301
161 5512101
161 2611301
161 3521101
161 1711201
161 6721101
161 2721301
161 1721201
161 6621111
161 1721201
161 6521311
161 3521101
161 3721111
161 6421101
161 6511301
161 6711111
161 1721301
161 6512201
161 6321311
161 6311111
161 5711101
161 3521101
161 6711301
161 2711111
161 6611101
161 2611301
161 5611201
161 3721211
161 6721111
161 2713201
161 7721001
161 6711101
161 6612201
161 3521111
161 1711101
161 6721301
161 6721101
161 2511311
161 6721301
161 6711011
161 1611111
161 6711311
161 2721201
161 6711011
161 3321201
161 1511301
161 6711301
161 6411211
161 5611101
161 5711201
161 6721201
161 6721101
161 2711201
161 6513301
161 5711111
161 6711201
161 6621311
161 6721911
161 1713101
161 6721311
161 5711111
161 1711101
161 5611101
161 1721101
161 4321101
161 6711311
161 6621101
161 3521301
161 1521301
161 6512201
161 6411301
161 2721301
161 3621301
161 1411101
161 6721201
161 6612301
161 3421111
161 5611111
161 6611311
161 6511201
161 4621201
161 2611201
161 1713301
161 6321301
161 1721211
161 2721101
161 6721201
161 1411101
161 3721201
161 6721101
161 5611101
161 6721201
161 6621311
161 5711101
161 6711111
161 1613201
161 6721301
161 2511311
161 6523201
161 6323311
161 6711301
161 6621101
161 3421301
161 6311301
161 5711111
161 7621001
161 5711911
161 6721301
161 1721311
161 3521211
161 6621101
161 6611101
161 3421101
161 6311101
161 5711101
161 7421001
161 6521201
161 1711101
161 2721301
161 2621301
161 6721101
161 1711901
161 1721901
161 6311911
161 3421211
161 3421211
161 7521011
161 5711101
161 6711301
161 6721211
161 6711101
161 6721101
161 2521201
161 6722901
161 5711111
161 6711101
161 6713301
161 5611101
161 6621311
161 2622301
161 6321301
161 6311311
161 6621301
161 5611101
161 2721201
161 3721311
161 6111311
161 6713301
161 6521101
161 1521301
161 7621001
161 3523201
161 6521101
161 3423101
161 1721201
161 2721101
161 1521101
161 5711111
161 5511111
161 5611101
161 6521311
161 5611101
161 6611101
161 6511101
161 1721211
161 6521211
161 6711101
161 3421101
161 1721111
161 6411101
161 5611111
161 1723201
161 6512101
161 7621011
161 6721201
161 6611201
161 6721201
161 2721201
161 6721201
161 1721101
161 6711101
161 2513101
161 6621301
161 5711101
161 6521111
161 6511101
161 3621111
161 6621101
161 7521001
161 6421201
161 6421101
161 5711111
161 1611301
161 6321111
161 3621101
161 6511101
161 3623201
161 6711101
161 6621301
161 6721301
161 7521001
161 6121101
161 5711101
161 6711311
161 5511211
161 2721101
161 1711911
161 6611111
161 6611101
161 3521101
161 3621101
161 3521201
161 6611101
161 6611001
161 7621001
161 2721301
161 3721111
161 6421101
161 6713301
161 6621301
161 5711101
161 2711311
161 3721111
161 6721201
161 6711101
161 1723301
161 1723301
161 3521201
161 6611201
161 6621101
161 6411101
161 6711901
161 5611311
161 2711211
161 6311101
161 6621101
161 3721101
161 1421211
161 6713901
161 2512201
161 6521111
161 2611301
161 6713101
161 2721301
161 6721101
161 5711111
161 3321101
161 3723101
161 6523311
161 6721901
161 6711101
161 6721101
161 3421101
161 3721101
161 6711301
161 3321111
161 5712101
161 5711111
161 3521201
161 6611101
161 3421201
161 6721301
161 1711101
161 6421201
161 6711201
161 6711911
161 6219111
161 2411301
161 3621111
161 6421111
161 2721201
161 1521201
161 6411101
161 6711111
161 2611301
161 5611101
161 6521111
161 5711101
161 1711101
161 1621201
161 6721201
161 6111311
161 6211311
161 7421001
161 6711201
161 3521101
161 5611101
161 2511301
161 6311201
161 2711201
161 6521211
161 1511101
161 5711101
161 6721301
161 6721201
161 3721311
161 6611101
161 6623101
161 5611101
161 6721201
161 6421911
161 2721301
161 3621101
161 1721111
161 1711301
161 2711201
161 6711111
161 6711311
161 5711101
161 6621301
161 6711101
161 2721301
161 3721201
161 2721301
161 6721301
161 4421111
161 2711101
161 1711901
161 6711901
161 6721901
161 6711311
161 1621301
161 5611201
161 5711101
161 5513101
161 6421111
161 2511301
161 6511301
161 6711101
161 6611201
161 5611101
161 5411101
161 3521211
161 5611101
161 6721901
161 6711101
161 1611111
161 6521201
161 2721301
161 6611301
161 5611101
161 7621011
161 5711101
161 2611301
161 6711201
161 6513101
161 3521101
161 5511101
161 6722201
161 6411201
161 6721101
161 6721101
161 6521301
161 7621001
161 5611301
161 2721301
161 3621101
161 6511301
161 6711301
161 5712101
161 6611301
161 3723201
161 5611111
161 5611101
161 6611101
161 6721201
161 6521301
161 3721101
161 6711101
161 6623901
161 6721201
161 5711101
161 1611201
161 2721211
161 6721301
161 3721101
161 1311111
161 6511301
161 6711911
161 3721101
161 6721201
161 2512201
161 6621111
161 1421201
161 6711301
161 5711111
161 5711111
161 6521111
161 3621111
161 6729101
161 6711101
161 6723301
161 6511111
161 1611211
161 3421101
161 6621311
161 4421201
161 6721101
161 7621001
161 6719911
161 2721101
161 6723101
161 6711301
161 6611301
161 3421101
161 6711201
161 6711001
161 6721311
161 6621101
161 1711211
161 1719111
161 6621311
161 2611301
161 6521201
161 3621211
161 1721101
161 6421201
161 6511301
161 5711101
161 5611111
161 5711111
161 5611101
161 1521101
161 5711101
161 6321211
161 1511301
161 1411111
161 6311301
161 1621101
161 2721301
161 6721101
161 6421911
161 1713201
161 5611101
161 6711101
161 6711201
161 6521311
161 7521011
161 6421101
161 3321101
161 3621301
161 6411111
161 7521011
161 6721301
161 2511301
161 3721101
161 3421201
161 6412211
161 3723301
161 6611101
161 3421101
161 5711101
161 6421111
161 6321111
161 7521011
161 6721201
161 7623001
161 3521211
161 6412211
161 3721301
161 6721001
161 6611101
161 6513901
161 3721901
161 6311101
161 6421911
161 6611301
161 6511201
161 3521201
161 6721201
161 2611311
161 6721311
161 3621201
161 3621101
161 3621201
161 6621101
161 6613201
161 6711301
161 5611101
161 5613301
161 6711911
161 3621101
161 1321201
161 2611901
161 6721301
161 6711001
161 3521101
161 6721301
161 2721301
161 3721101
161 6611101
161 2721301
161 6711101
161 3521101
161 6621211
161 6621901
161 1321111
161 6621111
161 6713301
161 6721301
161 7721011
161 1721301
161 5611301
161 3421211
161 5511201
161 1521101
161 3522101
161 3721301
161 3721101
161 6311901
161 1721311
161 6211101
161 2711101
161 6721201
161 6621201
161 3721111
161 2621201
161 6621111
161 1511201
161 6721101
161 2711101
161 2721901
161 3521101
161 7621011
161 6611311
161 6711101
161 6611111
161 6721101
161 6511211
161 6311301
161 5511101
161 6721901
161 5711111
161 2621301
161 1711901
161 1711211
161 5511101
161 1711201
161 6711111
161 2711301
161 5711111
161 6611201
161 6711111
161 5611111
161 5711101
161 1711101
161 2711301
161 6521901
161 6521901
161 7621011
161 2611301
161 2411101
161 6519911
161 6511101
161 1621101
161 2721101
161 3721201
161 2621301
161 2711101
161 6621101
161 6721311
161 5711101
161 6711101
161 1721201
161 5711101
161 5611201
161 6621101
161 3523101
161 6711101
161 1711101
161 3521201
161 7521001
161 3723201
161 4621111
161 2511211
161 6711101
161 6321111
161 6611301
161 1711111
161 6711311
161 2721301
161 6711101
161 1611201
161 6421101
161 5611111
161 6311311
161 6611211
161 3521201
161 6611111
161 3723301
161 6512001
161 3521101
161 3721211
161 6621111
161 6721301
161 3521111
161 7521011
161 1621111
161 6421101
161 3621201
161 6721301
161 6311101
161 3623201
161 1521301
161 6621311
161 6429101
161 1711901
161 6521301
161 6711201
161 2721301
161 7721011
161 2611301
161 2711201
161 3321301
161 3721201
161 5719111
161 6621101
161 3521101
161 1611201
161 6511201
161 6721201
161 4521211
161 6511311
161 6611101
161 3621201
161 2713301
161 6511311
161 6511101
161 3721201
161 6621201
161 6711901
161 3329111
161 6721901
161 6711311
161 6721101
161 7521001
161 3721201
161 6521101
161 6721211
161 6721101
161 6721101
161 2711301
161 6511111
161 3521201
161 6523101
161 6523201
161 6523301
161 6511101
161 7521001
161 1721111
161 6519111
161 2721301
161 3721101
161 3721101
161 6721301
161 5713901
161 1611201
161 2711301
161 7621001
161 6711101
161 1711301
161 3423201
161 5711101
161 2721101
161 6711301
161 6711301
161 3721201
161 6511111
161 6711111
161 6722311
161 5711211
161 6511301
161 2711111
161 2511301
161 3521101
161 5711211
161 6611211
161 2711211
161 3621101
161 6611311
161 6312101
161 6711901
161 2721901
161 6721901
161 6711901
161 2721901
161 6721901
161 1721901
161 1623901
161 6311111
161 1321111
161 2511101
161 6211111
161 5712301
161 6611901
161 1511911
161 6521301
161 1711301
161 2711311
161 1521111
161 6521111
161 2621301
161 6713101
161 6621101
161 1511311
161 5711111
161 3721101
161 6511311
161 6511201
161 6423101
161 6611911
161 6721301
161 6321111
161 6311301
161 5613101
161 6211111
161 7423001
161 4621201
161 2611301
161 6721201
161 6711201
161 2721301
161 2711301
161 6611101
161 6721201
161 6511301
161 6721101
161 2711201
161 2721301
161 6711301
161 6521901
161 6621101
161 6511101
161 5711111
161 5612101
161 6721301
161 1721301
161 3521101
161 1621201
161 6511301
161 5611201
161 2711301
161 2611201
161 2611301
161 3721311
161 4522101
161 5711101
161 6621101
161 6511201
161 6311111
161 6621101
161 6521111
161 3621101
161 7623001
161 1711111
161 4421111
161 6613201
161 2411101
161 6711201
161 1511901
161 2711301
161 6721201
161 3521101
161 6411111
161 6521101
161 5611201
161 3721201
161 6521901
161 6521901
161 6721301
161 6611901
161 2621201
161 3721101
161 6612301
161 6621101
161 6711201
161 6721301
161 2721301
161 3721111
161 3721101
161 6711301
161 3721101
161 3521211
161 6511111
161 5711101
161 3521201
161 6321101
161 1421111
161 3621101
161 6611201
161 6511101
161 3521901
161 1412201
161 5711201
161 6721301
161 3621201
161 6721201
161 2711301
161 3721201
161 2711201
161 6721311
161 5711101
161 1721201
161 2721201
161 6711301
161 1721301
161 3621101
161 2721201
161 6721301
161 3529211
161 3629101
161 2621301
161 6421201
161 3729111
161 6623201
161 1721201
161 6511101
161 5711211
161 2621111
161 2621111
161 6521101
161 1311201
161 3421101
161 6723201
161 6621201
161 1721211
161 6611201
161 1511101
161 6113201
161 6611311
161 6521101
161 7621011
161 3421201
161 5711301
161 6511301
161 3421211
161 6621311
161 3721301
161 6621301
161 3523201
161 5611101
161 6712301
161 6721311
161 6412101
161 7523001
161 6521201
161 3621101
161 6711101
161 2611211
161 1711201
161 2721201
161 6721201
161 6711111
161 6311111
161 6721301
161 3721101
161 6721201
161 2611301
161 6511101
161 1621301
161 3522201
161 6721901
161 6511901
161 6411001
161 3721101
161 3721101
161 6721301
161 2711901
161 5713101
161 6711901
161 2611301
161 3421111
161 6721901
161 6721901
161 6721901
161 6711901
161 5711901
161 6521901
161 6711101
161 6711901
161 6411311
162 7621001
162 6621301
162 5711101
162 6611101
161 2521301
162 6621101
162 1721101
162 6311301
161 6711201
162 3721101
161 6721301
161 2611301
161 6611101
162 6411001
161 6421101
162 6511311
162 6321311
162 1621201
162 6521301
162 6611201
162 6711201
162 6612301
162 6611201
161 6521101
162 5511101
161 3621111
162 7623001
162 2623301
162 6611301
161 5711201
161 2721201
161 6521101
162 2721111
162 3521201
162 5612101
162 5711101
162 6621301
162 6511201
162 6621101
162 7722001
161 5713901
162 2711201
161 6511201
162 6623201
162 6421101
162 2311301
162 6119101
162 3623101
161 5711111
162 4421111
162 6621111
162 6721301
162 6721901
162 3523101
162 1511111
162 6711111
162 6511201
162 6512301
162 7721001
162 7521011
162 3521211
162 6713201
162 3521201
162 5711101
162 2611301
161 7621001
162 3621201
162 7521011
162 5711111
161 5711211
162 2721101
162 6711001
162 3421101
162 6511301
162 5611201
162 5711101
162 6721311
162 6611301
162 6611201
162 1721101
162 6611101
162 6611101
162 6321201
162 6711101
162 5711201
161 6722301
162 6711111
162 6721101
161 7621011
162 3429101
162 5611101
162 6521111
162 6521311
162 5513201
162 1711211
162 6611301
162 6611101
162 6521301
161 6721301
162 3621211
162 5711111
162 2711301
162 2721201
162 6711201
162 3421111
162 6711111
162 6522301
162 3723101
162 6721201
162 5713101
162 4321111
162 6621311
162 1721301
161 3621301
162 6711201
162 1721101
162 1611301
162 3721101
162 6711101
162 3621201
162 2721201
162 6711111
162 1721301
162 6621001
162 3623201
162 3621201
162 6711311
162 5511101
162 6411111
162 2729301
162 2721101
162 1419111
162 6619911
162 3429101
162 6421311
162 6521201
162 3421211
162 6621301
162 5611201
162 6721111
162 1711201
162 6521111
162 6423301
162 6611201
162 6711101
162 3621101
161 6621211
162 6411911
161 3721111
162 1721111
162 6611301
161 1421311
162 6721301
162 5611111
162 7721001
162 7421001
162 6521201
162 2611301
162 3521101
162 6521301
161 6611901
162 2711211
162 1521201
162 3721101
162 6523301
162 6621101
162 6411111
162 6321111
162 6721211
162 1513201
162 6529111
162 6311311
161 6723201
162 6711101
162 6721201
161 6611311
162 2711311
162 7521001
162 7621001
162 3629111
162 6311111
162 6711311
162 1511311
162 3521101
162 3529111
162 6711201
162 1621111
162 3521101
162 6412301
162 2721301
162 3521101
162 3621301
162 6521201
162 5711101
162 2711301
162 4421211
161 3722901
162 6611101
162 6421101
162 2611101
162 6723301
162 1621211
162 1421311
162 2511201
162 6721201
162 6421301
162 5611101
162 6421101
162 5611201
162 1521111
161 6711111
161 6621311
162 3721111
162 6521911
162 7421001
162 5611101
162 6621101
162 4523201
162 6411311
162 2721101
162 5611101
162 3621101
162 5513101
162 3721301
162 6511301
161 2611901
162 7621001
162 6723101
162 2611301
162 6711101
162 2721301
162 6611101
162 6321201
162 6311301
162 3421211
162 6621101
162 6311311
162 6711211
162 2721311
162 6712201
162 2711301
162 2711101
162 4521201
162 6719111
162 6621211
162 6611101
161 6721311
162 7521001
162 3421101
162 6611201
162 6511301
162 2713301
162 6321311
162 1521111
162 4321211
162 6721101
162 6511101
162 6423201
162 1311201
162 6721101
162 6311211
162 6511101
162 1512301
162 6711211
162 6721101
162 6711901
162 6611301
162 6321301
162 2713301
162 6721111
162 6522101
162 3621211
162 1711201
162 6521201
162 6423101
162 2621201
162 7521001
162 6721201
162 3421201
162 5719211
162 2712301
162 3721101
162 6321301
162 6721101
162 3721201
162 6711301
161 6521911
162 6311111
162 6311101
162 6621211
162 6711111
162 5613301
162 2621301
162 6623201
162 1611101
162 2711301
161 6511301
162 5611201
162 7621011
162 3621111
162 6621101
162 6511211
162 6512301
162 6621301
162 6611101
162 2711301
162 7621001
162 6721111
162 6621201
162 6721311
162 6421301
162 6421101
162 6711101
162 1721101
162 6721111
162 2511311
162 6521101
162 6721101
162 6711311
162 6621301
162 6711311
162 6613201
162 3721201
162 1611201
162 1621101
162 1721301
162 6721311
162 6311301
162 3621111
162 1721101
162 6321311
162 3423101
162 6621311
162 3421111
161 6521901
162 6511311
162 6511311
162 3721201
162 6721201
162 6721101
162 6511301
162 1721301
162 6411311
162 6611311
162 6711101
162 2713301
162 6711101
162 5711201
162 6711301
162 6711001
162 6711301
162 3621301
162 6621301
162 2721201
162 6721101
162 6312301
162 6711111
162 1721101
162 6721301
162 6712301
162 6711001
162 6521111
162 6511301
162 7721011
162 6621201
162 6621101
162 2621301
161 6713301
162 6621301
162 6711201
162 6721101
162 2721101
162 6721001
162 7521001
162 2611201
162 6721201
162 3521101
162 6311101
162 6621211
162 7622001
162 3721101
162 6511301
162 6721301
162 6521101
162 1711301
162 6711101
162 6611201
162 3521211
162 4721201
162 3521301
162 5711101
162 3621211
162 2721301
162 6711901
162 6721301
161 6711901
162 5611101
162 2721101
162 6721301
162 1721101
162 6321111
162 3621101
162 6711101
162 1721101
162 6719311
162 6629111
162 3721101
162 1623201
162 2711901
162 6711101
162 6611201
162 5611211
162 6721001
162 6721311
162 3621201
162 1721211
162 6621901
162 6621101
162 6711201
162 1521911
162 2713201
162 2711311
162 6511301
162 5612101
162 1711101
162 6623201
162 3721111
162 7721011
162 1711111
162 6711201
162 6521301
161 5611101
162 1612201
162 1711101
162 6423201
162 3721201
162 6513101
162 5711111
162 2723301
162 7421001
162 6711301
162 6621901
162 3421201
162 3721311
162 6712301
162 1711101
162 6711101
162 7721011
161 6711201
162 6711901
162 2721101
162 6511301
162 6711201
162 1513101
162 6611311
162 6613311
162 1721911
162 6621101
162 6611301
162 6411101
162 3721101
162 1713201
162 3421111
162 2411301
162 6511101
162 6611101
162 3421111
162 6411101
162 1521311
162 6621201
162 6712301
162 6321101
162 6512101
162 5711101
162 6521101
162 6529301
162 6721201
162 3721101
162 3721101
162 6722201
162 3721101
162 6711101
161 6511101
162 6521301
162 2721201
162 5611101
162 5611101
162 6622301
161 6711301
162 6711901
162 5713101
162 2521301
162 6721911
162 6611901
162 6621311
162 5511101
162 1611101
162 2711301
162 5711111
162 3721101
162 6321101
162 1721301
162 7721001
162 6611101
162 1511201
162 6611111
162 6311011
162 2721301
162 6711201
162 6721111
162 2721301
162 2521301
162 6411101
162 5611101
162 1711101
162 2421101
162 6511901
162 6611211
162 6711301
162 6721301
162 7621011
161 6721301
162 3521311
162 6321211
162 7421001
162 3721101
162 3621111
162 5711901
162 6711301
162 5611111
162 1721201
162 6711011
162 3521211
162 1411211
162 6321101
162 2711301
162 3621101
162 2711101
162 1721201
162 6221301
162 6721101
162 6611101
162 5711111
162 6511311
162 2721301
162 6611201
162 6711001
162 7521001
162 3521101
162 6421111
162 1713301
162 6521101
162 6411101
162 1311201
162 1311201
162 3621101
162 2721111
162 6711111
162 6323301
162 5713101
162 7721011
162 7621011
162 6521311
162 2721201
162 2721301
162 6511201
162 7721001
162 6211101
162 2721301
162 6623301
162 1721211
162 1611301
162 6311301
162 6722101
162 3521101
162 5711911
162 3522101
162 1621301
162 1711201
162 2611311
162 6711101
162 6511301
162 6111301
162 6723301
162 6711301
162 3723101
162 1721211
162 7421001
162 3721301
162 6721101
162 2721301
162 6711301
162 3721111
162 6721301
162 6729111
162 3621211
162 6711001
162 6311201
162 6621111
162 2611301
162 3521101
162 7521001
162 6711101
162 1711111
162 1511101
162 7421001
162 6521211
162 6511311
162 5711911
162 3521201
162 1711111
162 6711311
162 6621101
162 6723101
162 6521211
162 6711911
162 6611101
162 6621101
162 3521101
162 6121101
162 3621111
162 6512301
162 6611101
162 4423201
162 6611311
162 5611101
162 2711301
162 5711211
162 1521211
162 6711301
162 6711311
162 6721301
162 6611101
162 6722101
162 5711111
162 1711201
162 2521301
161 6521111
162 6711101
162 2611301
162 2711201
162 1711201
162 2721301
162 1721201
162 2711201
162 6721101
162 5611111
162 6723301
162 3723101
162 6711301
162 1711311
162 2711101
162 2721301
161 6511001
162 1511101
162 3521101
162 6721301
162 6721101
162 6711111
162 2721311
162 2721201
162 6623301
162 6621301
162 7521011
162 3721101
162 2721201
162 2621201
162 7421001
162 6711101
162 3421201
162 2611301
162 5611101
162 6521201
162 6723901
162 1721901
162 5711901
162 2711201
162 6311101
162 6411901
162 1611111
162 2721311
162 6621201
162 2721201
162 6421211
162 6511911
162 2711901
161 6721901
161 5711911
162 6512101
162 2721311
162 6621301
162 6311111
162 6621211
162 3521111
162 5611111
162 6721301
162 3623201
162 6711101
162 6721201
162 6713301
162 6721101
162 6721301
162 1522301
162 5611101
162 5719111
162 1721901
162 1721101
162 6711301
162 4521201
162 6621301
162 7721011
162 3721111
162 6711201
162 6721311
162 6711311
162 6721301
162 1613301
162 6621311
162 1621311
162 5713101
162 3721111
162 6611111
162 6311111
162 6722001
162 6721301
162 6711201
162 1512311
162 6719001
162 6521301
162 6611111
162 1721101
162 6721011
162 6611001
162 2611301
162 1711901
162 6411111
162 2721211
162 6621301
162 2721201
162 1711201
162 6521101
161 6411301
162 6421301
162 3721101
162 6611101
162 6611201
162 3521211
162 3721301
162 6621101
162 6713301
162 7521001
162 3621101
162 6611101
162 2611201
162 6521201
162 7721001
162 2721101
162 2611301
162 6721111
162 3621111
162 6621201
162 6711211
162 6721311
162 6521101
162 1611101
162 5611101
162 1723201
162 3421101
162 3421201
162 7421001
162 6621101
162 1522101
162 2711201
162 6621201
162 2721101
161 5711101
162 6311211
162 6521001
162 6521111
162 6521101
162 6321101
162 3721111
162 6621901
162 1621201
162 5719911
162 2511101
162 6611201
162 6611101
162 5711211
162 3421101
162 3421101
162 7521001
162 2611301
162 6311201
162 2721101
162 6311301
162 6311301
162 3621201
162 6711911
162 6421311
162 6611201
162 6611101
162 6623301
162 6623201
162 6621201
162 3521201
162 4421101
162 6721101
162 6411101
162 3721111
162 6511111
162 6621111
162 3621101
162 6711201
162 6721301
162 6711201
162 1711201
162 6611201
162 1321201
162 3723101
162 3621101
162 7521001
162 6621301
162 6711301
162 5711101
162 5612201
162 3723101
162 5611111
162 6711301
162 6611201
162 2711301
162 3621101
162 6621001
162 3721201
162 3521101
162 6621311
162 6711201
162 6723101
162 6421211
162 6621101
162 3523901
162 5611301
162 1721101
162 2721301
162 3721101
162 6611901
162 2613301
162 6721301
162 6721201
162 2721101
162 6713101
162 6711301
161 6711201
162 6521301
162 6611901
162 3721201
162 2721201
162 6611101
162 6611101
161 3521111
162 6621311
162 7721001
162 6711301
162 1621111
162 1721101
162 5611111
162 6721101
162 3521101
162 7521001
162 7421001
162 6311301
162 6721201
162 2621301
162 6621101
162 5611101
162 5611301
162 3321101
162 3621101
162 6511301
162 6121311
162 2721901
162 2611901
162 1711901
162 5611311
162 7729001
162 2721301
162 6321211
162 6411201
162 3721101
161 6713101
162 3721101
162 3521111
162 6629101
162 6721101
162 6711111
162 2711301
162 6711311
162 5711201
162 3623101
162 3421311
162 3421311
162 4421101
162 3721101
162 3621101
162 6621101
162 6721301
162 6721301
162 2611301
162 6711201
162 3521111
162 6721101
162 6711201
162 5611101
162 6611301
162 6723301
162 7521011
162 6711111
162 6711201
162 1621101
162 5711101
162 6711201
162 6411101
162 2711211
162 6521101
162 1721201
162 5611101
162 3721101
162 6521201
162 6611101
162 6711111
162 7421001
162 1611201
162 6721201
162 6321101
162 6421301
162 6621111
162 1511101
162 6721111
162 5711101
162 5611111
162 6511211
162 5713101
162 5611101
162 6723201
162 7421001
162 2721301
162 6411101
162 6411101
162 6411111
162 2511301
162 5711111
162 6711101
162 6611201
162 1711211
162 6521301
162 2611201
162 3321101
162 3721101
162 2611101
162 2721201
162 3521201
162 3521101
162 6621101
162 6721211
162 6621101
162 6611301
162 2721301
162 1513901
162 6612301
162 5611101
162 6423111
162 6611201
162 6721111
162 6621301
162 3721201
162 6711101
162 6713001
162 5711101
162 6721301
162 6711911
162 1411311
162 2721201
162 6511101
162 6611311
162 5711111
162 6511311
162 6611101
162 6713101
162 2711301
162 2721201
162 2611201
162 6511301
162 6511301
162 6611101
162 1711201
162 1713101
162 3721111
162 3521111
162 6311101
162 3421201
162 6711901
162 2621301
162 6511311
162 6521101
162 6711211
162 5711901
162 2712901
162 2621911
162 5713901
162 6711001
162 3721101
162 7621011
162 6411301
162 6611111
162 6611301
162 6721301
162 3721211
162 1721101
162 6421311
162 1721301
162 5611101
162 6711011
162 2711301
162 2621101
162 2711311
162 3723201
162 1721101
162 6721111
162 6621111
162 6511311
162 2721301
162 6721301
162 6711311
162 5711311
162 6721101
162 6721101
162 1521201
162 3723301
162 3721111
162 6721111
162 5711301
162 6611201
162 1611201
162 3521201
162 6612101
162 3521201
162 6711111
162 6611101
162 6421301
162 6721301
162 1721201
162 6711101
162 6721901
162 1721101
162 6623101
162 6621201
162 6311111
162 6721101
162 6711301
162 6711101
162 6711301
162 1721301
162 6721301
162 5711111
162 6411101
162 5611101
162 2721201
162 6711201
162 6711201
162 6721301
162 2711301
162 2511311
162 6711111
162 3621311
162 6621301
162 6613001
162 6611301
162 2721101
162 6611301
162 6721911
162 3721101
162 6511101
162 6711211
162 2612301
162 1511111
162 6611301
162 6721101
161 6721301
162 3521201
162 6312901
162 7721011
162 5611911
162 6511111
162 6621911
162 6511201
162 6621911
162 6611101
162 6521111
162 6511311
162 6711111
162 6623201
162 6511301
162 2711901
162 6711111
162 6711311
162 2721901
162 6721301
162 2721911