171 6711201
171 6721301
171 6611101
171 6711101
171 6419101
171 2711201
171 6611101
171 2721301
171 6321201
171 6721101
171 6711301
171 1621201
171 2611301
171 3621201
171 6611301
171 2721301
171 6311311
171 6711301
171 2611201
171 6621101
171 6721301
171 6721101
171 6721101
171 6623101
171 6711301
171 2621101
171 6711301
171 6711301
171 4721101
171 6721101
171 2721301
171 2711301
171 6511301
171 6721101
171 6611101
171 2611201
171 6611201
171 1711301
171 3521201
171 1711301
171 5511201
171 2721911
171 6611114
171 2711301
171 5711201
171 6721301
171 1721201
171 6621001
171 2711201
171 6711201
171 5711101
171 7721011
171 5711301
171 2611201
171 6711011
171 3721201
171 6721101
171 6611301
171 6711101
171 1711201
171 1721101
171 6721101
171 2721301
171 1711101
171 6711101
171 6421101
171 2711101
171 1511101
171 6711301
171 6711101
171 6721101
171 6711201
171 1511201
171 6711301
171 2721301
171 6611101
171 3521101
171 6721101
171 6711101
171 4321101
171 6621011
171 1711201
171 3521111
171 6721101
171 1621201
171 6321201
171 2721301
171 6611201
171 3621101
171 1711201
171 5611101
171 4723201
171 2711301
171 6721301
171 1711101
171 2511301
171 2621301
171 1721201
171 6711301
171 7721001
171 5711101
171 2711201
171 5713101
171 6721901
171 1719101
171 6711001
171 3721301
171 6711301
171 2721301
171 5711101
171 1311201
171 1711101
171 1621101
171 5511301
171 6421101
171 3621201
171 6511101
171 6611201
171 2721301
171 6721101
171 6711001
171 6621201
171 6711001
171 1711301
171 3621201
171 6621901
171 5711101
171 6521101
171 6721201
171 6511001
171 6521101
171 2721301
171 2721301
171 6611101
171 3521201
171 7521001
171 6621101
171 6711111
171 6611101
171 6711101
171 1621301
171 3721101
171 3521101
171 1521101
171 2711301
171 1721101
171 5611101
171 6721901
171 5511101
171 1523101
171 1711101
171 2721301
171 5711301
171 2621301
171 6711301
171 6721101
171 5611101
171 6521111
171 6111301
171 3621211
171 6711301
171 2711301
171 6621101
171 7621001
171 3723101
171 3621201
171 2711201
171 2721201
171 6711101
171 1721901
171 1721101
171 3721201
171 6711001
171 2721301
171 6611901
171 6721201
171 1711101
171 6711101
171 1721201
171 1721301
171 6711001
171 3721201
171 2511301
171 6721111
171 3721101
171 7721001
171 2711301
171 5711101
171 6521301
171 6721001
171 6711301
171 3523301
171 2521301
171 6711301
171 6611301
171 7521001
171 1721101
171 3621301
171 2711301
171 6521101
171 6711201
171 2711301
171 3521201
171 6511201
171 2721301
171 2511301
171 6721111
171 6711101
171 2721301
171 6721301
171 6729311
171 6721301
171 6711101
171 6711101
171 6711301
171 5611101
171 5711101
171 2721201
171 1611911
171 2611201
171 6721301
171 6721101
171 6121101
171 6621101
171 2711201
171 6621901
171 6711201
171 5719101
171 1311101
171 2721301
171 5511101
171 2711201
171 2711101
171 6512301
171 6711001
171 6611301
171 6711901
171 5711101
171 6613301
171 6311111
171 1611101
171 3421101
171 5611101
171 6721901
171 6611211
171 2721301
171 6721101
171 2711901
171 5611101
171 5711101
171 1621101
171 5511101
171 6721101
171 6621311
171 5711101
171 6711101
171 5711901
171 5711901
171 1421201
171 6721101
171 6721201
171 6611001
171 6721101
171 6419001
171 5711101
171 3621201
171 7621001
171 2711201
171 2721101
171 2611301
171 6611901
171 1611901
171 1711301
171 6721301
171 6711201
171 6521111
171 6621211
171 6511301
171 5611101
171 1711301
171 6721201
171 2711201
171 2521201
171 5711101
171 2711101
171 6521301
171 2611911
171 1721901
171 6711301
171 5711101
171 3521201
171 4621901
171 6411201
171 2621301
171 6711001
171 6522101
171 2611201
171 1721101
171 3721101
171 3721101
171 6621301
171 3721101
171 6611211
171 6711101
171 6721201
171 5711101
171 5711101
171 5711111
171 5611101
171 5711201
171 6521101
171 6511201
171 1611111
171 3621101
171 6511101
171 6421101
171 6421301
171 3721301
171 2721301
171 2721901
171 3421101
171 6311101
171 2522301
171 6721101
171 6721111
171 6411201
171 6511201
171 6711101
171 3621101
171 6711101
171 6721101
171 3521201
171 6621111
171 2721211
171 5711111
171 5711101
171 6521101
171 6711301
171 2511201
171 3621111
171 6721311
171 1711101
171 3421201
171 5711101
171 6711901
171 6311101
171 7621001
171 2621301
171 6321101
171 6721901
171 3621101
171 5711301
171 6721101
171 6721301
171 6711001
171 6611301
171 6711301
171 7521001
171 2721301
171 6611101
171 6511901
171 5711301
171 6611301
171 3521201
171 3521201
171 2711101
171 2521101
171 5711101
171 5611201
171 6711111
171 7521001
171 6611101
171 5711101
171 6721101
171 7621011
171 3621101
171 3529101
171 6611101
171 2421301
171 3721201
171 2711311
171 6411301
171 5711101
171 2711301
171 6721201
171 5511111
171 6723101
171 2621301
171 3721101
171 6621301
171 6711301
171 6721101
171 2721301
171 1711901
171 1711201
171 3621201
171 1511901
171 1711101
171 6711301
171 3421101
171 6411901
171 6611101
171 6511101
171 6721301
171 1711301
171 6721101
171 6721301
171 6721201
171 6513201
171 6521201
171 3621101
171 3521101
171 6721101
171 6711901
171 1721201
171 3421201
171 6621901
171 6621301
171 6621101
171 1721201
171 5511101
171 3721201
171 3621101
171 1711201
171 2511301
171 3721201
171 6511101
171 6321311
171 6611901
171 2721301
171 6611301
171 6721901
171 6221301
171 6721201
171 6721101
171 2621111
171 5711101
171 6711201
171 7421001
171 7421001
171 3621201
171 6211301
171 6221301
171 5711101
171 1419101
171 6721301
171 3621101
171 2711301
171 3621101
171 6721301
171 6721301
171 6711301
171 1621101
171 6611201
171 6721201
171 6611201
171 1711201
171 6721201
171 2511301
171 6611301
171 1721201
171 1721101
171 1721301
171 6521311
171 5611101
171 5711101
171 5611111
171 2511201
171 3721101
171 3721101
171 2711201
171 7521001
171 1711101
171 2711901
171 6721301
171 6511201
171 6311101
171 6611201
171 6711901
171 1721901
171 6711901
171 6711901
171 6721301
171 6721201
171 5711101
171 1721101
171 6621311
171 1711301
171 6721301
171 7721011
171 6711901
171 6611101
171 1721201
171 6711301
171 6711901
171 2713201
171 1721101
171 6611911
171 1721201
171 6721101
171 2621101
171 2521101
171 1721101
171 1721301
171 6711301
171 2621301
171 1521211
171 6721101
171 3623301
171 5711101
171 3721101
171 1711101
171 1721101
171 7521001
171 5711101
171 3423101
171 3421201
171 6721101
171 2721301
171 6411101
171 6321201
171 3721101
171 3721101
171 3721101
171 6721101
171 6521101
171 5711101
171 6621101
171 6711901
171 3521201
171 6723001
171 1311101
171 1611901
171 6721201
171 5611111
171 6711311
171 5711101
171 1711101
171 2721311
171 6711201
171 6611101
171 1613301
171 5711201
171 2721901
171 6611301
171 2711301
171 6721101
171 6621101
171 1711301
171 1711101
171 2721201
171 1721301
171 1611901
171 6721211
171 1721201
171 1721201
171 3723311
171 6621201
171 3621101
171 7621001
171 2621201
171 6511201
171 6721301
171 6721101
171 3621101
171 4321101
171 6721901
171 6721101
171 1613201
171 1719101
171 6611101
171 2721101
171 6721101
171 6711901
171 5511111
171 3621201
171 1721201
171 1621201
171 5611901
171 3621101
171 6721301
171 1621101
171 3721101
171 5611101
171 2611211
171 6611311
171 6711301
171 2711301
171 6621101
171 3621111
171 5711101
171 2721201
171 6721301
171 5711101
171 5711101
171 6511311
171 6521301
171 1512204
171 6711301
171 3721101
171 2721301
171 6611101
171 3621211
171 3721201
171 6711201
171 1711101
171 6523301
171 1611101
171 4621101
171 6621101
171 1711311
171 6521301
171 6611301
171 6729101
171 2721301
171 2711301
171 2711101
171 6721301
171 6621001
171 5711101
171 2721901
171 1721201
171 1621201
171 6621301
171 3721201
171 2711301
171 6521101
171 3721301
171 3621101
171 5711111
171 2621101
171 7621001
171 6521201
171 5711201
171 3721101
171 6721201
171 5711111
171 3721101
171 2711101
171 6511101
171 3721101
171 5711101
171 5711101
171 6711301
171 6721201
171 6523101
171 6721301
171 6521001
171 1711901
171 3621201
171 6611301
171 5611101
171 6713201
171 5711101
171 7721001
171 1721301
171 6521301
171 2711301
171 4621201
171 2721301
171 6711901
171 1711101
171 5711101
171 6521201
171 1721301
171 6711201
171 6611101
171 3621201
171 6521101
171 6311201
171 6711201
171 6711301
171 6711201
171 5511101
171 6719101
171 2711101
171 6511301
171 6411201
171 7621001
171 6711101
171 6721201
171 3721201
171 5511101
171 6521101
171 6721101
171 6611311
171 2711201
171 6711101
171 5711101
171 6711201
171 1611101
171 6521311
171 1411101
171 6611101
171 6621101
171 5711101
171 5611101
171 5711101
171 6711101
171 6612101
171 6611101
171 3621201
171 3621111
171 6711901
171 6311201
171 5611101
171 6111301
171 6711101
171 6511101
171 6711901
171 1721301
171 2521101
171 6611301
171 6721201
171 5711101
171 5711101
171 6613201
171 6621301
171 7423001
171 4721911
171 1721901
171 6711301
171 6621101
171 3521201
171 3521101
171 6421101
171 6711301
171 6721101
171 6711001
171 5711901
171 6721301
171 6321201
171 4421101
171 6611201
171 2711301
171 6621101
171 6421201
171 2621301
171 3621201
171 6711301
171 6711301
171 6511301
171 5611101
171 6711001
171 6721301
171 6721301
171 6521301
171 3721101
171 6629101
171 3621101
171 7721001
171 3721201
171 6711301
171 3521211
171 1621111
171 6611101
171 2721301
171 1711301
171 3621211
171 6611111
171 6611111
171 3623101
171 6621301
171 6721301
171 6311101
171 5711101
171 6721101
171 6621201
171 2711101
171 6411201
171 3621211
171 2711201
171 1521311
171 6511201
171 3621101
171 1721101
171 6711901
171 1721101
171 1721301
171 7721001
171 2721201
171 6721201
171 6711301
171 2621201
171 5711101
171 7721011
171 6711201
171 2721301
171 2713301
171 2511301
171 3523201
171 6711101
171 2711201
171 6721901
171 5711101
171 6511101
171 6711001
171 6511301
171 2711101
171 6721101
171 5711101
171 1711101
171 6721301
171 3521101
171 6721901
171 6721301
171 6621901
171 1711201
171 6721901
171 1621201
171 3721201
171 3621101
171 6723301
171 2721301
171 6711201
171 5711101
171 6511101
171 2721901
171 6621201
171 6721101
171 6621201
171 2511301
171 1421301
171 6721201
171 6721201
171 3721101
171 5711101
171 1711101
171 5711101
171 6411311
171 6711301
171 6511101
171 6421101
171 6721101
171 6611101
171 6711301
171 2721201
171 5711101
171 6711101
171 6511301
171 2611301
171 6711001
171 6221101
171 6211311
171 6721301
171 1621101
171 6621301
171 1621201
171 1611301
171 6721201
171 6711301
171 6729101
171 6711901
171 6721201
171 4621211
171 7621001
171 5611101
171 5611211
171 3721201
171 2721101
171 2721101
171 6421101
171 6511301
171 3721101
171 2711201
171 1711901
171 2711301
171 5711901
171 7721001
171 3721201
171 5611101
171 1721201
171 3521101
171 6611101
171 3721211
171 6411311
171 2621301
171 6611101
171 6511101
171 6721901
171 3721301
171 6721301
171 6721911
171 6621101
171 6521101
171 5711111
171 6311311
171 5511211
171 1611211
171 6721101
171 6721101
171 2711201
171 6521901
171 1711101
171 1711101
171 2721201
171 6511301
171 6711211
171 6521301
171 6721201
171 3621101
171 5611101
171 6621101
171 1721301
171 3721101
171 6721101
171 6521201
171 2721101
171 6721201
171 6519111
171 2611301
171 6411101
171 6421101
171 6721101
171 6721301
171 6721301
171 6721101
171 2511301
171 6721101
171 6611101
171 6721301
171 1711301
171 6411101
171 6321101
171 6711101
171 6711311
171 6711301
171 6711001
171 6621101
171 6721301
171 6721901
171 6721101
171 3721201
171 2721201
171 7721001
171 6611101
171 2711301
171 6711301
171 3521111
171 5711211
171 6611111
171 5711101
171 6711301
171 2711201
171 5711101
171 2721301
171 2721301
171 6621101
171 6621101
171 1611201
171 5711101
171 2721301
171 3721201
171 6721311
171 6221301
171 6721301
171 6621201
171 1711201
171 6711101
171 6711201
171 3621201
171 6321111
171 6721901
171 2521901
171 3721901
171 6611901
171 6721301
171 2721301
171 6721101
171 1711101
171 6721901
171 6611901
171 6721301
171 1711201
171 6621101
171 6613101
171 6511201
171 5611901
171 2711201
171 2611201
171 2713201
171 6611101
171 6711101
171 6721201
171 6521001
171 6711101
171 5713101
171 5511101
171 5719111
171 6721301
171 6711311
171 6721901
171 5711101
171 6711301
171 6721001
171 2522201
171 2522101
171 6721301
171 7721001
171 3621101
171 3621211
171 3721101
171 3721901
171 6711001
171 1711101
171 5611101
171 3521101
171 6711301
171 1721301
171 6421101
171 6711301
171 2621111
171 6511301
171 6711101
171 3421101
171 3721101
171 6611301
171 6721101
171 6711301
171 5711101
171 6711101
171 5711211
171 6511311
171 1611201
171 2621301
171 6711101
171 3721901
171 6421101
171 1721114
171 5711101
171 6721901
171 5511101
171 3621311
171 2711301
171 6421901
171 2711301
171 6621311
171 3521111
171 6711001
171 2711301
171 3723101
171 6521201
171 6721101
171 6621301
171 6711101
171 1711201
171 2521201
171 6711101
171 4421101
171 3721101
171 3721101
171 6621101
171 6721301
171 3721201
171 6721301
171 6311301
171 3721101
171 1723101
171 6721101
171 5611301
171 6321101
171 6511101
171 6521111
171 2711301
171 6621101
171 6711301
171 6612301
171 5611111
171 2711201
171 1621211
171 5511101
171 5611101
171 1721201
171 6723301
171 2521201
171 6321211
171 6311301
171 6511211
171 6511201
171 6721101
171 6621201
171 6511201
171 5711101
171 6711101
171 6711001
171 5611101
171 6521101
171 3421101
171 3721301
171 7721001
171 1723111
171 5711301
171 6521101
171 6721101
171 6629101
171 6611101
171 2711301
171 3721301
171 2711301
171 2711301
171 6711301
171 2711301
171 6711301
171 5711201
171 6721201
171 6511301
171 4429111
171 3721201
171 6721301
171 2721101
171 2711301
171 6711201
171 6521201
171 6711211
171 6721001
171 5511101
171 5611101
171 3721101
171 2711201
171 1721101
171 5711101
171 1611301
171 5711101
171 1721201
171 6711301
171 6721301
171 6721101
171 6711201
171 3721101
171 5611101
171 6411101
171 3521101
171 1521101
171 3621201
171 6721311
171 6611111
171 6529101
171 2711101
171 6511301
171 6512201
171 6621201
171 1611901
171 1711201
171 2611201
171 5511101
171 3521211
171 2721301
171 3621301
171 1721201
171 6721301
171 5611111
171 3721201
171 6721301
171 1711301
171 1513101
171 5711101
171 1723301
171 1721101
171 6623301
171 6711101
171 3721101
171 1711101
171 6611101
171 2621301
171 3721101
171 1711101
171 2711301
171 6711301
171 6711301
171 1711301
171 6721311
171 2721301
171 1711201
171 5519101
171 6721301
171 6611301
171 5711101
171 6729301
171 2711901
171 2721901
171 3721101
171 6721301
171 5511101
171 5711901
171 2711201
171 6611301
171 5711901
171 1711911
171 6721901
171 6711901
171 2711901
171 6721901
171 6721901
171 2721301
171 6621301
171 6321301
171 6721901
171 1721901
171 6221201
171 6621101
172 6621901
172 6621101
171 6721311
171 6721311
172 2713301
172 6411111
172 6521101
172 5711201
171 2621301
172 2611301
172 2721101
171 2721101
171 1721901
172 3521201
172 5711101
172 6711101
171 1721101
172 3721101
172 6613101
172 6621101
172 6721301
172 2721301
172 7621001
172 3621101
172 6721301
172 1721201
172 6611101
172 6421911
171 1621111
172 6711301
172 6711301
172 6511311
172 2611301
171 6711301
172 2721301
171 6721301
172 2711101
172 5711101
172 2721201
171 6411301
171 6411911
172 6621101
171 5711101
171 2711101
171 5611201
172 2721301
172 1521101
171 3621201
172 6321101
172 3721101
172 2711101
172 6721101
172 3721101
172 2711301
172 2711301
172 2721201
172 2711201
172 2623301
172 6521301
172 6721101
172 6711901
172 3721101
172 6711101
172 1721901
172 2711301
172 6621111
172 3721201
172 1721101
172 1513301
172 6421111
172 5611101
172 6611301
172 3723201
172 3621101
172 3421101
172 6711101
172 5511201
172 6411311
171 6421101
172 6711301
172 6721301
172 5711111
172 5711101
172 6711901
172 6721101
172 2721201
172 1711101
172 6721101
171 1711311
172 6621101
172 2621101
172 6721201
172 6711101
172 2621301
172 6711301
172 6711301
172 3521101
172 3621101
172 6721301
172 5611101
172 6321101
172 6611001
172 1421201
171 3421211
172 6429111
172 1721301
172 6711101
172 2611301
172 7721001
172 6721101
172 6421211
172 1721901
172 1721301
172 3621111
172 5611101
171 7621011
172 1711301
172 7621001
172 6713101
172 6711201
172 5519111
172 2611201
171 3621201
172 1511301
172 7421001
172 6421101
172 5511101
172 1721301
172 6721101
171 6511101
172 6711301
172 4721201
172 6511301
172 5711111
172 2621301
172 1511101
172 6711301
172 6522101
172 6621311
172 1721201
172 6611101
172 7621001
172 5711101
172 7523001
171 5511101
172 6621301
172 6321311
172 1711111
172 5711101
172 6721101
172 1611101
172 3721101
172 6621101
172 6721101
172 6721101
172 6721201
172 4429101
172 6611101
172 1711101
172 3721101
172 6411301
172 5711101
172 6721901
172 3621111
172 6721101
171 6321111
172 3721301
172 3721301
172 6621301
172 6711201
172 2721301
172 3521201
172 6721201
172 3721101
171 2711901
172 6711901
172 3721101
172 5711101
172 1711301
172 2611301
172 5611101
172 6721101
172 6621101
172 6721201
172 1621201
172 5611101
172 3421101
172 1621201
172 6321201
172 3521201
172 6711101
172 6721301
172 5711301
172 3621201
171 3721301
172 3621101
172 1721201
172 3721201
172 6721901
172 3529101
172 6521111
172 1711111
172 1711111
172 2721901
172 6611201
172 1721211
172 5711101
172 6711301
172 1711101
172 6723301
172 6723101
172 3721101
172 6521301
172 3721211
172 5611201
172 5511111
172 6511101
172 5711201
172 6711101
172 6511201
172 3421101
172 6611311
172 3721101
172 5711201
172 2721311
172 7721011
172 6621104
172 3521201
172 5611101
172 6611201
172 6421101
172 2723301
171 6721901
171 6511901
172 6511301
172 6721201
172 6711101
172 5711111
172 6721301
171 5719911
172 6721101
172 3621101
172 6521301
172 6421201
172 3721101
172 6621311
172 3721101
172 6711301
172 6711301
172 6721301
172 2711101
172 6721301
172 6721901
172 6721311
172 1713301
172 5711301
172 1721201
171 3621101
171 6511901
171 6721901
171 6721301
172 1721201
172 3521301
172 6621301
172 5713101
172 6521201
172 5711101
172 5711101
172 6711301
172 2711301
172 1711101
172 6721201
172 6611101
172 6721901
172 3521101
172 6711101
172 6721111
172 6421101
172 6721201
172 6711201
172 6721301
172 2611301
172 6321111
172 1611201
172 1521111
172 1721201
172 7721001
172 7721001
172 6721911
172 1613201
172 6721301
172 2721201
172 6521101
172 6721101
172 5611101
172 6711301
172 3621101
172 1711201
172 6611211
172 3523211
172 6621101
171 6413301
172 6721301
172 6711301
172 6621301
172 1711301
171 6629101
172 3721101
171 2711901
172 6711201
172 1611101
172 6711301
172 1711201
172 6611101
172 5711101
172 6721901
172 1721101
172 6711201
172 6721111
172 2621301
172 5711101
172 6621201
172 2721201
172 2721101
172 1721901
172 6711201
172 3721101
172 2721301
172 7621001
172 5711301
172 6711101
172 6721111
172 1711911
172 1721311
172 1421201
172 3521101
172 6723301
172 2613311
172 6521201
172 5611111
172 2711301
172 6411101
172 6511101
172 5612101
172 6621301
171 6721301
172 6621101
172 6721301
172 6621101
172 3621301
172 6721101
172 6711301
172 2711301
172 2721301
172 6621201
172 4521201
172 2611201
172 1623301
172 2711301
172 6711101
172 3621101
172 6711901
172 6721301
172 3421101
172 3721101
172 1621201
172 3721101
172 3721201
172 6421111
172 6711301
172 6721301
172 6721101
172 3521201
172 3623111
172 2611201
172 6711301
172 3521101
172 6421101
172 6721101
171 6521101
172 6521101
172 6511201
171 6711901
172 6621901
172 6711101
172 6711201
172 1721201
172 1729111
172 1721101
172 7721001
172 6511101
172 6521101
172 6711101
172 2721301
172 2711301
172 6711201
172 6721301
172 2721201
172 2721301
172 3721101
172 3721101
172 1721201
172 1711301
172 6721201
172 2621301
172 6721101
172 6421201
172 6621101
172 2721201
172 2511201
172 1611201
172 2721301
172 5711101
172 6711301
172 6429111
172 6621201
172 3421111
172 6611101
172 3321101
172 3721111
172 6321101
172 1621101
172 6721101
172 6721311
172 6711101
172 6711101
172 6611301
172 7621011
172 3721101
172 2511301
172 6513101
172 3721101
172 2721301
172 6611101
172 6711301
172 2721301
172 6521201
172 6711001
172 6611201
172 6721101
172 2511301
172 2721301
172 6721101
172 7721001
172 3529201
172 3423201
172 2721311
172 6121301
172 6711301
172 1621201
172 2721101
172 3721101
172 6711111
172 6711901
172 6721301
172 6611301
172 2721301
172 3621101
172 6711101
172 1711101
172 6711301
172 3621101
172 6611111
172 2721301
172 6511101
171 6721311
172 5711301
172 1711301
172 2611101
172 6721301
172 6621111
172 3621101
172 2721101
172 3721101
172 4621111
172 1721301
172 6711101
172 3623101
172 6711901
172 6711301
172 6321101
172 7721001
172 5711901
172 2711201
172 1621101
172 2611201
172 6721301
172 5711101
172 6711301
172 5711101
172 2621201
172 6711101
172 2621301
172 5611101
172 1621201
172 2621301
172 6511101
172 7621001
172 6311201
172 1521111
172 1719101
172 6721901
172 1711101
172 6611201
172 3721101
172 6611101
172 2521201
172 6711901
172 1721311
172 1711111
172 2711301
172 3721101
172 6711201
172 6721201
172 6611101
172 3721201
171 3721301
172 3721101
172 6711001
172 6713201
172 6711101
172 7423001
172 6521101
172 3721101
172 5511101
172 6621101
172 6621911
172 5611101
172 6511301
172 5711301
172 5711101
172 2611301
172 5711201
172 6711301
172 1521201
172 6711101
172 6711011
172 6711111
172 6711101
172 6721101
172 6411101
172 6721301
172 6721301
172 1421301
172 1611301
172 2711301
172 2521311
172 6611001
172 6721301
172 6611301
172 1421101
172 6711901
172 5511901
172 6721101
172 5711101
172 1421301
172 6611101
172 6711101
172 3521101
172 2611301
172 6621301
172 5611211
172 6629101
172 6111301
172 6611301
172 6721101
172 3721211
172 6711101
172 6721111
172 6711101
172 6719111
172 6721301
172 6721101
172 6721201
172 6721201
172 6621101
172 6621101
172 3721101
172 3421101
172 5611101
172 6721101
172 6721201
172 6721101
172 2711301
172 2611301
172 2721301
172 3629201
172 1721201
172 1721201
172 6611301
172 6621101
172 3623101
172 6711101
172 6511301
172 6721201
172 6611301
172 1711901
172 1723201
172 5611101
172 6721101
172 3521901
172 6621101
172 6721201
172 3721101
172 2721101
172 6511301
172 6211301
172 3421101
172 3521211
172 1621301
172 5711301
172 1722301
172 3621101
172 3621101
172 7621001
172 3521201
172 1721101
172 6711201
172 2611301
172 6621301
171 6529111
172 1521301
172 6711201
172 6721201
172 2723101
172 4721311
172 6721301
172 1621201
172 6411101
172 6721301
172 6511201
172 6611101
172 7529001
172 6721201
172 6721101
172 6711301
172 6621201
172 6521201
172 6423201
172 5711101
172 6621101
172 6721301
172 2711301
172 6611301
172 6711001
172 3521101
172 6711301
172 7721001
172 2711201
172 3421101
172 6721101
172 6721301
172 6711201
172 5711101
172 6721201
172 3721111
172 6513301
172 6711111
172 6613311
172 1611101
172 6621201
172 6611111
172 6721301
172 6721311
172 6711311
172 6711201
172 6621301
172 1621301
172 6711001
172 2721111
172 6521101
172 2711301
172 2611201
172 3721301
172 6711301
172 6711301
172 2611301
172 6711101
172 6521311
172 2711301
172 2621301
172 6711101
172 6711311
172 2711201
172 1511201
172 1711301
172 7721001
172 6621101
172 4621301
172 6711001
172 6711001
172 2711301
172 5611101
172 6321101
172 6711201
172 6521111
172 6113301
172 1613201
172 3621101
172 6721211
172 2711101
172 5611201
172 5711111
172 3621101
172 6321901
172 5611301
172 5611211
172 6711301
172 1611101
172 6711101
172 3421101
172 6721201
172 6711301
172 6721201
172 6621201
172 6721301
172 3721301
172 3721301
172 6721301
172 3721101
172 3621101
172 3521111
172 7521011
172 6721301
172 3621201
172 1719101
172 2711101
172 2711101
172 7721001
172 7521011
172 6711101
172 3521211
172 6721101
172 6521901
172 6411311
172 6711301
172 3721101
172 6621301
172 3721101
172 5611201
172 3621101
172 3621101
172 1621201
172 6511901
172 1711901
172 4721201
172 3621201
172 6621111
172 6711901
172 6711301
172 6711901
172 6711201
172 3621301
172 5511101
172 6711111
172 6721901
172 6611901
172 6721901
172 6511101
172 6721301
172 5711201
172 1421101
172 3621111
172 6721111
172 1713301
172 2721301
172 3721101
172 6711201
172 6711301
172 6311301
172 2521301
172 4521201
172 2721101
172 2521311
172 6711101
172 6711201
172 1511101
172 3721201
172 5711111
172 6711101
172 1711301
172 1511101
172 6721211
172 2621101
172 6711001
172 2429301
172 5511201
172 6621111
172 6721301
172 5711101
172 2721301
172 6711201
172 2711301
172 6721101
172 1521201
172 1721301
172 7521001
172 6711101
172 7721001
172 2721301
172 2721301
172 6711301
172 6721101
172 2711201
172 6311311
172 6721201
172 1621301
172 1721101
172 3721101
172 6711301
172 1711211
172 6611101
172 1711101
172 6721101
172 6721001
172 6611301
172 6721301
172 6611301
172 1711301
172 3721101
172 3721101
171 6321101
172 2621101
172 4421101
172 5511111
172 6711301
172 3521111
172 1611201
172 3721101
172 3521101
172 6511301
172 6729101
172 6711201
172 1621201
172 1611301
172 5711111
172 6721201
172 6721302
172 1621101
172 2711111
172 6721101
172 7721001
172 7421011
172 6721301
172 6611101
172 2611301
172 6711301
172 2611301
172 1611201
172 6411001
172 7621001
172 6721201
172 6721101
172 2721301
172 6721101
172 6411301
172 6711901
172 6321101
172 6711301
172 1621201
172 3621101
172 6711901
172 6411311
172 1721301
172 1721301
172 5713901
172 6721201
172 6721301
172 6711301
172 6611901
172 1721101
172 1611301
172 6711901
172 3621301
172 2711311
172 6711101
172 3621101
172 5711101
172 2721901
172 1711301
172 5611201
172 3321111
172 5611101
172 6121311
172 6121311
172 6711911
172 6711201
172 6611001
172 3721201
172 1721101
172 6511001
172 1521111
172 6611201
172 6711311
172 2611301
172 6611301
172 2721901
172 1721201
172 1721301
172 1711311
172 1611211
172 6721101
172 3721101
172 5711111
172 1721101
172 6611301
172 2711101
172 6411901
172 3621101
172 6721201
172 6711301
172 6611301
172 1611201
172 6711211
172 5711111
172 5711101
172 3321111
172 5711101
172 5611101
172 1721211
172 3521101
172 2621101
172 6521111
172 7521001
172 6529301
172 6721201
172 2721201
172 3721101
172 6721211
172 6721301
172 1721901
172 5711901
172 6611901
172 2711901
172 6721901
172 6721901
172 3621201
172 2721301
172 6721001
172 6729211
172 1711301
172 1311201
172 4721201
172 6611301
172 2711201
172 2711101
172 6711301
172 5512101
172 6521301
172 6711201
172 6321301
172 7721001
172 6711101
172 2721101
172 5511101
172 7621001
172 7621001
172 6711904
172 7723001
172 6519101
172 6711301
172 6411901
172 7521011
172 6311111
172 6713201
172 3621101
172 3721201
172 3421111
172 6511301
172 2421101
172 2721201
172 6713301
172 3621101
172 3523101
172 6721201
172 2611301
172 6611311
172 1711311
172 2711201
172 2721301
172 3521101
172 1711201
172 6523201
172 3721301
172 6711201
172 2721101
172 6721111
172 6711301
172 6711301
171 6611301
172 6711201
172 3421211
172 6621201
171 3721901
172 6721101
172 1521301
172 6711311
172 1621901
172 6711101
172 6311301
172 6621311
172 6521101
172 2721201
172 2711301
172 3423301
172 3721201
172 6611301
172 6611301
172 6721101
172 6721111
172 1621301
172 6621101
172 2621311
172 6721901
172 6721301
172 6421301
172 7421011
172 6611301
172 6711201
172 5711901
172 6611111
172 6711201
172 6721101
172 2621301
172 6611301
172 6711201
172 6711101
172 1721101
172 6319111
172 6621001
172 6711011
172 1711201
172 5611101
172 6721101
172 1721101
172 5711301
172 6721901
172 6711101
172 3621211
172 6611101
172 6711101
172 6521301
172 6711301
172 3721101
172 6521111
172 6521211
172 6722101
172 2611301
172 6621101
172 5711301
172 4721301
172 5511101
172 6611101
172 6611101
172 6721101
172 5611101
172 6721201
172 1621301
172 6721301
172 1611111
172 2711301
172 2511101
172 6721301
172 6711201
172 6411101
172 6711901
172 6611001
172 1623101
172 6623201
172 2711301
172 6711901
172 2711301
172 4722301
172 3721101
172 6721101
172 2721901
172 6713901
172 6611201
172 3621101
172 7621001
172 6711201
172 2411211
172 6711911
172 6511901
172 5711901
172 6721901
172 1711211
172 4723301
172 6611301
172 6711201
172 5611101
172 6711211
172 5611101
172 1621301
172 6721301
172 5711101
172 6421201
172 6611301
172 2721101
172 6721101
172 6611101
172 2611301
172 6711311
172 2721201
172 6611311
172 6611101
172 6721211
172 5611201
172 6611901
172 6721301
172 6721201
172 6711101
172 6611311
172 7721001
172 1611301
172 6611001
172 6721301
172 2621301
172 6511301
172 6721201
172 5611201
172 6711101
172 6721201
172 2721301
172 1711301
172 5719111
172 6621111
172 6311101
172 6611201
172 6611201
172 6611201
172 6321211
172 6711201
172 6621201
172 6711101
172 1721201
172 6721301
172 6521311
172 1621301
172 2721301
172 6511301
172 6721301
172 6721301
172 3721101
172 6711001
172 6711301
172 3521211
172 2721301
172 6711101
172 6711301
172 6111301
172 6611214
172 6411101
172 6721301
172 6721901
172 6711301
172 2711211
172 6611101
172 6711311
172 6711911
172 6311201
172 2719901
172 6711001
172 3721101
172 1721101
172 3623301
172 6721301
172 6311201
172 6711301
172 3723101
172 6721101
171 6721301
172 5611101
172 6711301
172 3721201
172 2711301
172 3721101
172 3723101
172 3621101
172 1721101
172 6621201
172 6621201
172 3721201
172 3721111
172 1721301
172 2711301
172 5711101
172 5611101
172 6621111
172 6721101
172 5611101
172 6511101
172 6721301
172 6711101
172 6421301
172 6521101
172 6711301
172 1511211
172 6711301
172 6621301
172 3621101
172 6311201
172 1611201
172 3621111
172 6611301
172 5613101
172 6611301
172 2721301
172 4421101
172 3721301
172 6611301
172 2711201
172 6711101
172 6721201
172 1721101
172 2711301
172 6611101
172 7621001
172 6721111
172 3621301
172 2721101
172 6621201
172 5711201
172 6521111
172 6721901
172 5711111
172 2711201
172 6721301
172 6711311
171 6611301
172 6711901
172 6711911
172 1621901
172 1721901
172 6721901
172 6511301
172 2621201
172 1721901
172 2511301