 21 6611201
 21 6611301
 21 2711101
 21 5711101
 21 6711901
 21 6621201
 21 3721201
 21 1711101
 21 2611311
 21 3621101
 21 1721101
 21 1721201
 21 6721101
 21 3721101
 21 6721901
 21 6321101
 21 6421101
 21 6711201
 21 5611201
 21 1621201
 21 2621301
 21 6711101
 21 5713101
 21 6521101
 21 3521101
 21 3723101
 21 6721301
 21 1321201
 21 7621001
 21 7621001
 21 6611201
 21 3721111
 21 2711101
 21 1723101
 21 2711301
 21 2511301
 21 3521201
 21 6521101
 21 6721101
 21 6711301
 21 6711301
 21 6711301
 21 6321201
 21 6729101
 21 5711101
 21 6321201
 21 6711201
 21 6721311
 21 6521101
 21 2711301
 21 6711301
 21 1723101
 21 6723101
 21 1721201
 21 3321101
 21 3721101
 21 6511301
 21 2613201
 21 2411301
 21 6321101
 21 6711311
 21 6721301
 21 6311111
 21 6311001
 21 3721201
 21 2513301
 21 6721301
 21 6711101
 21 2711301
 21 1721301
 21 7721011
 21 3621101
 21 2711301
 21 6711001
 21 6721101
 21 6713001
 21 6511101
 21 6711101
 21 2423301
 21 6621101
 21 2521201
 21 1613301
 21 6711301
 21 2612201
 21 6621301
 21 3723101
 21 2711301
 21 3623101
 21 5711101
 21 3721101
 21 3621101
 21 3721201
 21 5713101
 21 6521101
 21 6611101
 21 3721101
 21 2721301
 21 1621101
 21 6713201
 21 1622201
 21 5511101
 21 1511201
 21 6721201
 21 1711101
 21 1721301
 21 6711201
 21 6722901
 21 1611201
 21 6721111
 21 2621301
 21 6321201
 21 6713301
 21 1713201
 21 2721301
 21 6623301
 21 3721101
 21 6721901
 21 6711101
 21 5711201
 21 5712101
 21 6521301
 21 6411101
 21 6711301
 21 1711301
 21 3721101
 21 2711201
 21 2711101
 21 5611101
 21 6521101
 21 6611101
 21 1711301
 21 2713301
 21 3722101
 21 3721101
 21 6621901
 21 3529301
 21 6621111
 21 6311201
 21 6721201
 21 6711101
 21 6711001
 21 1711201
 21 6721101
 21 6711101
 21 6721301
 21 7621001
 21 3421111
 21 6121911
 21 5611211
 21 3721211
 21 6722911
 21 6623301
 21 6621201
 21 6721901
 21 1721101
 21 6611301
 21 5611101
 21 2521101
 21 2521311
 21 2721301
 21 6711101
 21 6523101
 21 3522201
 21 6723301
 21 6521201
 21 3521101
 21 3621201
 21 2713301
 21 4622301
 21 2711101
 21 7621001
 21 6412101
 21 2711301
 21 7723001
 21 6721301
 21 5711101
 21 3721101
 21 3721101
 21 6721301
 21 6721211
 21 1611101
 21 6721901
 21 6622901
 21 6721101
 21 2711101
 21 7721001
 21 7621001
 21 3623201
 21 5719101
 21 6711301
 21 3621201
 21 6521101
 21 5612101
 21 6621301
 21 5512201
 21 6721101
 21 1711211
 21 6721101
 21 1621101
 21 1723201
 21 7523001
 21 7523001
 21 6422301
 21 6713201
 21 2721201
 21 3721101
 21 2622301
 21 6621101
 21 2522101
 21 6711301
 21 6421301
 21 5711101
 21 6711101
 21 6721201
 21 6711201
 21 6723101
 21 3721201
 21 7621011
 21 6621101
 21 2611301
 21 6421301
 21 3621101
 21 3721101
 21 6721201
 21 2711301
 21 6312101
 21 6721301
 21 6611101
 21 6621101
 21 6721201
 21 6622101
 21 1611301
 21 3521101
 21 6229301
 21 6611201
 21 6512201
 21 6713101
 21 6721301
 21 5611911
 21 2713301
 21 2711301
 21 6711301
 21 6721201
 21 5611101
 21 6713301
 21 6711101
 21 5611101
 21 1711201
 21 2721301
 21 6611101
 21 6711101
 21 6421211
 21 6612101
 21 3721301
 21 6611001
 21 6711301
 21 2711301
 21 6711001
 21 6721301
 21 6721101
 21 6721901
 21 1711201
 21 1612101
 21 6612101
 21 1612201
 21 3422201
 21 6311201
 21 6421101
 21 1711101
 21 2612201
 21 6521101
 21 3722101
 21 7622001
 21 1621201
 21 3521201
 21 7521001
 21 3721101
 21 7721001
 21 7721001
 21 2611111
 21 6721001
 21 1429211
 21 2711301
 21 5711101
 21 6721101
 21 1711101
 21 6721101
 21 2713301
 21 3621101
 21 3521201
 21 5711101
 21 3521201
 21 1512301
 21 6722301
 21 6711101
 21 6411301
 21 6511101
 21 6711301
 21 1613301
 21 6721101
 21 6511211
 21 1711101
 21 6611301
 21 1711101
 21 2611301
 21 6511301
 21 6711001
 21 1721201
 21 1721301
 21 7621001
 21 6711001
 21 5711301
 21 1611101
 21 5711211
 21 5512101
 21 1611201
 21 1711101
 21 6422101
 21 6621301
 21 5611111
 21 5712101
 21 7623001
 21 7623001
 21 5611201
 21 1623101
 21 7521001
 21 1721201
 21 2622201
 21 2721301
 21 3621201
 21 1721201
 21 6129301
 21 6121101
 21 5611111
 21 3721101
 21 2711301
 21 3621101
 21 6623901
 21 6523301
 21 5711111
 21 3721101
 21 3521201
 21 3621101
 21 2512301
 21 6711201
 21 6721101
 21 6713201
 21 6519101
 21 3721101
 21 2721201
 21 6721101
 21 6721301
 21 6411101
 21 6411201
 21 6312101
 21 6721301
 21 3621101
 21 1711301
 21 3721101
 21 3421201
 21 1511111
 21 1621201
 21 2711111
 21 7721001
 21 6421211
 21 1619301
 21 7723001
 21 6721301
 21 6611901
 21 3621101
 21 1621201
 21 3521901
 21 5711101
 21 6711301
 21 6323301
 21 6711201
 21 3521301
 21 5512101
 21 6721311
 21 6722101
 21 6721101
 21 6721001
 21 3721101
 21 5711101
 21 5711101
 21 3521101
 21 2712301
 21 6521301
 21 2521301
 21 5612101
 21 2711201
 21 1612301
 21 3521101
 21 6513201
 21 6721301
 21 6521201
 21 3421101
 21 5711201
 21 6711101
 21 6711301
 21 6521101
 21 6711101
 21 6721301
 21 6321101
 21 6721301
 21 6711201
 21 1711201
 21 1611101
 21 2711301
 21 6721301
 21 6711301
 21 6713001
 21 6711101
 21 6723301
 21 6512301
 21 5711101
 21 5611101
 21 6711301
 21 2711301
 21 6321211
 21 6713301
 21 6721101
 21 6721101
 21 5611101
 21 2721101
 21 5711301
 21 3521101
 21 5713101
 21 4722201
 21 6412101
 21 6513301
 21 3721201
 21 3721101
 21 6611901
 21 6611201
 21 6611101
 21 3521101
 21 5711101
 21 6721201
 21 6621301
 21 5711101
 21 3321111
 21 1523901
 21 7721001
 21 6713201
 21 2511101
 21 2711301
 21 3621101
 21 6711311
 21 2711311
 21 1711101
 21 1721101
 21 3721101
 21 6329101
 21 6721101
 21 6721201
 21 6721301
 21 6621101
 21 5713101
 21 6611101
 21 5511111
 21 2611301
 21 6721911
 21 6313901
 21 6513101
 21 6623901
 21 1623301
 21 6621301
 21 3622101
 21 6721201
 21 6513101
 21 3621101
 21 6511111
 21 1713201
 21 6521301
 21 6721101
 21 3621101
 21 3721101
 21 1321101
 21 3721101
 21 6711001
 21 3721101
 21 1723101
 21 5711101
 21 2713201
 21 7523001
 21 7521001
 21 5611111
 21 6721301
 21 6321201
 21 6711101
 21 6711001
 21 6621301
 21 3723101
 21 2721301
 21 6713101
 21 6523201
 21 6621101
 21 3523201
 21 6411101
 21 5711111
 21 1411201
 21 6611201
 21 3723101
 21 2711101
 21 6711901
 21 6722901
 21 3721101
 21 7521001
 21 5611111
 21 6321301
 21 4429101
 21 6611101
 21 2522101
 21 6511101
 21 5711101
 21 7522001
 21 1711101
 21 1711101
 21 2711101
 21 6711101
 21 7521001
 21 1713201
 21 6611911
 21 3721201
 21 6711201
 21 6721301
 21 6321101
 21 6611101
 21 3523201
 21 6421111
 21 6723301
 21 6521101
 21 3721101
 21 1511211
 21 3721201
 21 2711301
 21 6711101
 21 6723101
 21 5612201
 21 3421111
 21 7421001
 21 2622101
 21 4621101
 21 2711101
 21 1411111
 21 5711101
 21 6713201
 21 6621301
 21 6621111
 21 6521101
 21 7723001
 21 5713101
 21 3721101
 21 7621001
 21 6721301
 21 1711101
 21 3721201
 21 2621201
 21 6723201
 21 6612301
 21 6711101
 21 6721101
 21 5711101
 21 6511301
 21 1511111
 21 6611101
 21 3521101
 21 5512201
 21 2711101
 21 1711301
 21 6611111
 21 3523201
 21 3521111
 21 3622101
 21 2721111
 21 3421101
 21 1711111
 21 6613901
 21 6621201
 21 6521101
 21 6511301
 21 6711101
 21 5711301
 21 6721101
 21 1711101
 21 6721101
 21 6721301
 21 5611101
 21 6711101
 21 3721101
 21 6713101
 21 3322201
 21 6723201
 21 6711101
 21 2711101
 21 6611201
 21 6711101
 21 6711301
 21 1522101
 21 6723101
 21 5711101
 21 6421101
 21 6611101
 21 1712101
 21 6521101
 21 7621001
 21 5712101
 21 3721101
 21 6721311
 21 5713101
 21 3521101
 21 6321311
 21 6321211
 21 6511111
 21 2711101
 21 6521101
 21 2721101
 21 2713301
 21 2711201
 21 5611101
 21 4721211
 21 6721211
 21 6721901
 21 6611101
 21 5711101
 21 3721101
 21 6711201
 21 6511201
 21 2722301
 21 6713301
 21 6621301
 21 6711101
 21 3522201
 21 6722301
 21 2711301
 21 3721101
 21 3521201
 21 3521101
 21 6721301
 21 6711201
 21 7721001
 21 3721101
 21 2711301
 21 6711301
 21 6723101
 21 6713301
 21 5711101
 21 2511201
 21 6711301
 21 6621301
 21 1721301
 21 1713101
 21 3721101
 21 6713101
 21 4521201
 21 6611101
 21 3523201
 21 6613901
 21 6311111
 21 6721101
 21 6713901
 21 5511101
 21 5711101
 21 5612101
 21 6711201
 21 6322311
 21 1721201
 21 6711301
 21 1712201
 21 6711301
 21 2711301
 21 4422201
 21 1721101
 21 3621211
 21 6421101
 21 3721101
 21 2521301
 21 3721101
 21 2721301
 21 5612101
 21 6521301
 21 7722001
 21 6721901
 21 5612101
 21 6711901
 21 3621101
 21 3721101
 21 6621301
 21 5711901
 21 6421301
 21 6711101
 21 6411301
 21 6123101
 21 2721301
 21 6711201
 21 6722001
 21 3621101
 21 5711101
 21 6721901
 21 6721901
 21 2721901
 21 6713901
 21 6511901
 21 6711901
 21 6721901
 21 6512101
 21 2711911
 21 6613901
 21 1522101
 21 5611111
 21 2721901
 21 6721301
 21 5711101
 21 1611101
 21 6611101
 21 5611101
 21 7721001
 21 1623301
 21 6629101
 21 6329101
 21 6721101
 21 3721101
 21 1721301
 21 6721301
 21 6511001
 21 6611111
 21 6711101
 21 6611301
 21 6721901
 21 6521101
 21 6311101
 21 6621901
 21 1611201
 21 6721201
 21 5511101
 21 3721201
 21 3621101
 21 6721301
 21 1511301
 21 6613301
 21 6711311
 21 6721101
 21 6711101
 21 1613201
 21 6123301
 21 6312301
 21 3623201
 21 1723101
 21 6521201
 21 2723201
 21 1421301
 21 6713901
 21 6723301
 21 6721101
 21 6321201
 21 5711201
 21 7523001
 21 2713301
 21 6711311
 21 6621201
 21 6721111
 21 6621301
 21 6711301
 21 1711301
 21 6621901
 21 1621201
 21 1612301
 21 6713101
 21 6711101
 21 6711011
 21 6412901
 21 6411101
 21 6311901
 21 6412101
 21 3621301
 21 6621301
 21 3521101
 21 5611101
 21 6521001
 21 5711101
 21 6721101
 21 3721101
 21 6711901
 21 6623201
 21 6711301
 21 3321201
 21 6521101
 21 5711101
 21 3721101
 21 3721101
 21 3721201
 21 5611101
 21 6621111
 21 6713201
 21 5711201
 21 1711101
 21 6521311
 21 6721311
 21 3523101
 21 2712301
 21 5612101
 21 5612101
 21 6721101
 21 6511201
 21 6611101
 21 6521101
 21 2622101
 21 7721001
 21 6712101
 21 2512201
 21 6511101
 21 6521101
 21 6621201
 21 6713001
 21 1721111
 21 6721111
 21 2411301
 21 2521301
 21 6621101
 21 2721301
 21 6711101
 21 5713101
 21 2711301
 21 2711201
 21 6522201
 21 5611101
 21 6521201
 21 1711101
 21 6713201
 21 3723301
 21 2721301
 21 6721111
 21 6313301
 21 3521211
 21 6329111
 21 6323111
 21 7521011
 21 1521301
 21 3729201
 21 7729001
 21 5613101
 21 5612101
 21 6511201
 21 6711101
 21 2711301
 21 6711001
 21 6711301
 21 2621301
 21 6711301
 21 3721101
 21 7721001
 21 6721301
 21 3721101
 21 2721301
 21 6711301
 21 1511101
 21 6629101
 21 6411101
 21 6511101
 21 6521111
 21 6412201
 21 6521301
 21 3721101
 21 5611101
 21 3621201
 21 3621101
 21 6513101
 21 1413301
 21 6621301
 21 6611201
 21 2611301
 21 2711301
 21 6711901
 21 1711901
 21 5612201
 21 2721101
 21 6711311
 21 2511301
 21 2621301
 21 6729111
 21 6621101
 21 1611901
 21 3521201
 21 3521201
 21 6611101
 21 6721101
 21 6711001
 21 5711101
 21 6521101
 21 2621201
 21 1522301
 21 6521101
 21 6711901
 21 6711301
 21 7621001
 21 1711201
 21 6722301
 21 6711901
 21 5711101
 21 5711101
 21 5713101
 21 5713101
 21 6521201
 21 6721301
 21 6311111
 21 6521201
 21 6711101
 21 2721311
 21 6321101
 21 6711101
 21 6711001
 21 5611101
 21 6721101
 21 6721301
 21 7523001
 21 6511001
 21 3721101
 21 6711201
 21 6311201
 21 6311101
 21 2723301
 21 6721301
 21 5511101
 21 2522201
 21 6721901
 21 6721101
 21 6721001
 21 6523101
 21 5511101
 21 1422301
 21 6511101
 21 4621211
 21 2712301
 21 6723101
 21 2611201
 21 3721101
 21 6713101
 21 3523101
 21 6611101
 21 6711101
 21 6723301
 21 7521001
 21 5713101
 21 7721001
 21 2711301
 21 6721001
 21 6611101
 21 1711301
 21 6711301
 21 6711301
 21 6711901
 21 5711101
 21 6411211
 21 1621901
 21 3623201
 21 5411101
 21 6512301
 21 6411101
 21 6721201
 21 5711111
 21 3621101
 21 5711101
 21 6721301
 21 5711101
 21 6713101
 21 6711301
 21 6721301
 21 5611101
 21 2721201
 21 3423201
 21 6711301
 21 2721301
 21 2711301
 21 6611211
 21 6711201
 21 1611201
 21 2721301
 21 2711301
 21 2713301
 21 2711301
 21 6623301
 21 4521201
 21 6522301
 21 6721301
 21 5512201
 21 5711201
 21 6411101
 21 6711001
 21 3721201
 21 6713101
 21 6421101
 21 6623301
 21 3422201
 21 6712101
 21 2722101
 21 1711901
 21 2721901
 21 2713901
 21 5711901
 21 2721901
 21 2712901
 21 3621901
 21 3321201
 21 6711301
 21 6513301
 21 1711911
 21 2511301
 21 1711101
 21 6521201
 21 6521301
 21 6621301
 21 3721101
 21 5711111
 21 6623301
 21 3723201
 21 6711201
 21 7721001
 21 6511111
 21 5711101
 21 6711301
 21 3721101
 21 4522301
 21 4622201
 21 6721301
 21 6711101
 21 3721301
 21 3721301
 21 6511111
 21 6611301
 21 2711201
 21 5611101
 21 6711901
 21 1721101
 21 2711301
 21 6511211
 21 6721311
 21 6711101
 21 6519301
 21 6622301
 21 6711001
 21 6621301
 21 2711201
 21 6721301
 21 6411201
 21 6511201
 21 5511101
 21 6711911
 21 1623201
 21 6511101
 21 1711101
 21 6311311
 21 6721101
 21 7621001
 21 6711101
 21 2721301
 21 5711101
 21 3621101
 21 6721301
 21 6621101
 21 7621001
 21 2711301
 21 6711101
 21 5611201
 21 5711101
 21 3522201
 21 5711111
 21 6712101
 21 6713211
 21 6711111
 21 6621301
 21 6721001
 21 1721101
 21 6711101
 21 6721301
 21 6311201
 21 6621111
 21 6721301
 21 3721201
 21 3721101
 21 6711101
 21 6721101
 21 5713101
 21 6711101
 21 3621301
 21 7721001
 21 1713101
 21 2711311
 21 3721101
 21 6621301
 21 4722301
 21 1711201
 21 6719101
 21 3721201
 21 2621101
 21 6711001
 21 6723301
 21 2611311
 21 6721301
 21 6712101
 21 6513901
 21 6521111
 21 7721001
 21 6721901
 21 2711101
 21 2721301
 21 3429101
 21 6611001
 21 6711101
 21 6521101
 21 6521101
 21 2721201
 21 2611201
 21 5711101
 21 6513301
 21 6721211
 21 5511101
 21 3721201
 21 3621101
 21 7621001
 21 5719101
 21 3521211
 21 2721301
 21 6511901
 21 6611301
 21 2722301
 21 6711301
 21 1711101
 21 5711201
 21 6711001
 21 6621101
 21 6521101
 21 6721101
 21 6721101
 21 6721101
 21 6721301
 21 6429901
 21 4621101
 21 5511201
 21 6711301
 21 1623301
 21 6711301
 21 5711101
 21 3721101
 21 6722101
 21 2711301
 21 2721301
 21 6711001
 21 6721201
 21 6711901
 21 3521101
 21 7521001
 21 2721301
 21 2711301
 21 3623201
 21 6612301
 21 5612201
 21 3721101
 21 3721101
 21 6611301
 21 6721101
 21 1721101
 21 1611201
 21 3721101
 21 7621001
 21 6611301
 21 3521201
 21 3521101
 21 5711101
 21 5711901
 21 5611901
 21 6722201
 21 6711101
 21 2711101
 21 6713101
 21 3522101
 21 1521111
 21 1721101
 21 5711101
 21 3521101
 21 3721201
 21 3621201
 21 6529211
 21 3529201
 21 6621301
 21 6721001
 21 3522101
 21 6713201
 21 6611101
 21 2612301
 21 1621101
 21 5612201
 21 7621011
 21 6521901
 21 5613201
 21 6721101
 21 1511911
 21 6713001
 21 6711301
 21 3523201
 21 1613101
 21 1721201
 21 6721301
 21 2712301
 21 7621001
 21 1622201
 21 5511101
 21 3421101
 21 6711301
 21 6211301
 21 1611101
 21 5711301
 21 6721111
 21 3721101
 21 7621001
 21 6711201
 21 5611101
 21 6622301
 21 6721301
 21 6711201
 21 7721001
 21 6511101
 21 2612201
 21 6711101
 21 2721101
 21 1612101
 21 6619301
 21 2721911
 21 6721101
 21 6721101
 21 3721101
 21 1721101
 21 6721101
 21 5612201
 21 6611101
 21 6611301
 21 6711301
 21 6721101
 21 6711101
 21 3721101
 21 6711301
 21 6511301
 21 1621301
 21 3721111
 21 6719301
 21 2712301
 21 3721101
 21 6711301
 21 6621301
 21 6711101
 21 6411111
 21 6721301
 21 6511001
 21 6529101
 21 6613201
 21 2711311
 21 3521201
 21 1521301
 21 6521301
 21 5611101
 21 6729101
 21 2621201
 21 6422301
 21 2711201
 21 6721201
 21 6523101
 21 6513201
 21 6713201
 21 3721201
 21 6621301
 21 5511211
 21 6721301
 21 3621101
 21 6711201
 21 6721301
 21 6722101
 21 1319101
 21 4521101
 21 2623301
 21 4621101
 21 5711111
 21 6612301
 21 7721001
 21 5611111
 21 5711101
 21 2611301
 21 6611101
 21 2721301
 21 6611101
 21 5712101
 21 5611101
 21 6422101
 21 2711311
 21 1721101
 21 4523101
 21 6721101
 21 2711301
 21 2711301
 21 6611301
 21 3721111
 21 6611301
 21 6521311
 21 6721201
 21 6721101
 21 2721301
 21 6421201
 21 1621101
 21 5713901
 21 5611111
 21 6612101
 21 2722901
 21 6621901
 21 6723901
 21 1712901
 21 2721901
 21 2623901
 21 2721901
 21 5613201
 21 3623101
 21 5611101
 21 2721201
 21 1711101
 21 1711301
 21 2721901
 21 1721101
 21 6721201
 21 5611101
 21 1711101
 21 7721001
 21 5711101
 21 3621201
 21 3621101
 21 2721301
 21 6611101
 21 6711201
 21 6711301
 21 6721111
 21 2621301
 21 6711301
 21 6521301
 21 2711201
 21 1711201
 21 3621101
 21 6721901
 21 6611301
 21 6723101
 21 7523001
 21 6611311
 21 5711101
 21 5411101
 21 6722201
 21 6711001
 21 6621301
 21 3522101
 21 3729101
 21 3721201
 21 7621011
 21 1513301
 21 6722901
 21 6721201
 21 6311301
 21 6329101
 21 1723201
 21 7423001
 21 3721101
 21 6623301
 21 1311211
 21 6613101
 21 6721301
 21 5611101
 21 6421101
 21 6723101
 21 1711101
 21 6721301
 21 7521001
 21 1721201
 21 5711101
 21 6622201
 21 6711901
 21 6421901
 21 6723101
 21 6721901
 21 1713101
 21 3522101
 21 6711111
 21 2711101
 21 3523101
 21 6712101
 21 7623001
 21 6521101
 21 6711101
 21 6521101
 21 6321201
 21 3721101
 21 6611301
 21 2721101
 21 6513901
 21 6311111
 21 6321311
 21 6523101
 21 6711111
 21 6521101
 21 5712201
 21 2511901
 21 7621011
 21 5719101
 21 5719101
 21 6611311
 21 4521301
 21 6421201
 21 6721101
 21 6721311
 21 6411101
 21 1721101
 21 7421001
 21 6711001
 21 1721101
 21 5612101
 21 6721301
 21 7721011
 21 6722301
 21 6511001
 21 6622301
 21 2721201
 21 6512301
 21 6722901
 21 5611101
 21 3321201
 21 6721001
 21 6721101
 21 6422111
 21 6521101
 21 1721201
 21 6621311
 21 7521001
 21 2713301
 21 3621101
 21 6111301
 21 6711101
 21 6323201
 21 6313101
 21 1611301
 21 6621301
 21 6721101
 21 2721301
 21 7521011
 21 6611201
 21 6711101
 21 6711101
 21 2711301
 21 6721201
 21 6721301
 21 6721101
 21 1523101
 21 5711101
 21 2722201
 21 1713301
 21 6521311
 21 6711311
 21 5611101
 21 3521101
 21 7521011
 21 1611201
 21 1711101
 21 7721001
 21 2711201
 21 1613101
 21 6721101
 21 6611201
 21 7623001
 21 7521001
 21 1711101
 21 3423211
 21 6623101
 21 6223301
 21 4723201
 21 3622211
 21 4521201
 21 1612101
 21 3721101
 21 1721101
 21 6311101
 21 6511101
 21 6422301
 21 6511301
 21 6621201
 21 6711001
 21 6711101
 21 6421101
 21 3521101
 21 6711001
 21 6711301
 21 3421201
 21 6713101
 21 6721301
 21 6611301
 21 3623101
 21 6713301
 21 5611101
 21 6511111
 21 6513101
 21 6413101
 21 1621201
 21 6711101
 21 2721101
 21 6721201
 21 1611301
 21 6621301
 21 3521101
 21 5513101
 21 6721201
 21 6621111
 21 2721301
 21 1713101
 21 3721901
 21 3621101
 21 6611301
 21 6721301
 21 1721901
 21 5612101
 21 5611101
 21 1621101
 21 1711101
 21 6711101
 21 6711301
 21 3521101
 21 3722301
 21 4321201
 21 3729201
 21 6529301
 21 3721101
 21 6621201
 21 6423101
 21 3621201
 21 2512301
 21 6512101
 21 6721101
 21 6323301
 21 5711101
 21 5611101
 21 3423201
 21 2721301
 21 2711311
 21 3521201
 21 6721301
 21 6711001
 21 6721101
 21 6722201
 21 3721201
 21 3521111
 21 3621101
 21 6321201
 21 6711901
 21 6411301
 21 3721101
 21 3721101
 21 2622301
 21 6611201
 21 1423901
 21 3521201
 21 1611101
 21 5711101
 21 6623101
 21 3721101
 21 5711101
 21 6711001
 21 6713101
 21 3523101
 21 5711101
 21 5711901
 21 6721101
 21 5711101
 21 1721301
 21 6721301
 21 6721101
 21 1711901
 21 6711301
 21 5711101
 21 5719101
 21 6711001
 21 2613301
 21 3522201
 21 1611311
 21 2721201
 21 6721101
 21 6411101
 21 5612901
 21 6711901
 21 6711301
 21 5711101
 21 1721101
 22 6721201
 22 3621101
 21 6611301
 22 3621201
 22 2711301
 22 6611301
 22 3721101
 22 6511101
 22 2411301
 22 7521001
 22 6611101
 21 3621101
 22 3621101
 22 3529101
 21 6629101
 22 1711111
 22 1621301
 22 6611301
 22 6721301
 21 2711301
 22 6711101
 22 6513101
 22 7621001
 22 2721101
 22 6622101
 22 6721211
 22 6721101
 22 3721201
 22 6711001
 22 3421211
 22 6521201
 22 6721301
 22 6621301
 22 3421201
 22 6521301
 22 1721301
 22 1721101
 21 6121101
 22 3521101
 22 3721101
 22 3721101
 22 5611201
 22 6721301
 22 3721101
 22 6611301
 22 1721201
 22 3423101
 22 6711301
 22 5612101
 22 6713301
 21 6611101
 21 5612101
 21 6311301
 21 2711301
 22 6521101
 22 2521201
 22 2721101
 22 6611001
 22 2523301
 22 5611101
 22 2713201
 22 1711101
 22 6523111
 22 6623101
 22 6721111
 22 2721201
 22 3721101
 22 7421001
 22 6721901
 22 1711201
 22 6621101
 22 6611301
 22 1711201
 21 2711101
 22 1711101
 22 2721301
 22 1721201
 22 2721301
 22 3621101
 22 5611211
 22 5611211
 22 6711201
 22 2711201
 21 5712101
 22 7621001
 22 3621101
 21 7522001
 22 6212101
 22 6621101
 22 6711111
 22 1711211
 22 1421201
 22 1522201
 22 6611301
 22 1711101
 22 6521001
 22 6721211
 22 6413301
 22 6321101
 22 3521101
 22 6711301
 22 6711301
 22 6711311
 22 6711201
 21 7521001
 22 6721101
 22 6721101
 22 6713301
 22 1721201
 22 3721101
 22 1721301
 22 2711101
 22 6623901
 22 3321201
 22 5611101
 21 6521101
 22 6721101
 21 6713101
 21 3721201
 21 5711101
 22 2712901
 22 6719301
 22 6711301
 22 2711301
 22 1611201
 21 6512301
 22 5611101
 22 5711101
 22 3721101
 22 6721301
 22 1721301
 22 2711301
 22 6711301
 22 3621101
 22 6711311
 22 6313101
 22 6321101
 21 6719101
 22 5511111
 22 6711011
 22 2713301
 22 6711001
 22 1611301
 22 1611201
 22 1711201
 22 6721301
 22 6711301
 22 6723101
 22 5713201
 22 1711301
 22 2713101
 22 2713301
 22 6312201
 22 1721101
 22 2511201
 22 6711301
 22 6721111
 22 5711101
 22 6711301
 22 6723101
 22 6723301
 22 6613101
 21 2721101
 22 2721301
 22 1721101
 22 6721301
 22 2511201
 22 4721101
 22 5712101
 22 4722201
 22 3521111
 22 1511201
 22 2721301
 22 6721301
 22 3721101
 22 5511201
 22 6611111
 22 5611101
 22 3323101
 22 6621311
 22 3422101
 22 1711211
 22 6721101
 22 5611201
 22 3721101
 22 5711301
 22 2711301
 22 6721101
 22 6521201
 22 3521201
 22 6521101
 22 6521301
 22 7723001
 22 1721201
 22 3723201
 22 6711301
 22 1711101
 22 6719201
 22 6529201
 22 3721101
 22 6613301
 22 5511101
 22 6511201
 22 6521211
 22 6621101
 22 6711101
 22 2611301
 22 3421101
 22 3421101
 22 6511101
 22 7729001
 22 5711201
 22 6621201
 22 1721201
 22 6211211
 22 6711201
 22 6429101
 22 6721201
 22 1513101
 22 1513201
 22 5512101
 22 7721001
 22 3521101
 22 6711101
 21 6611301
 21 6711101
 21 2713301
 22 5512301
 22 6721101
 22 2723201
 21 6613201
 22 6522101
 21 6513101
 22 3621101
 22 1613101
 22 2611301
 22 2613101
 22 6721101
 22 6711011
 22 1511201
 22 6721101
 22 6721101
 22 6611201
 22 6513101
 22 6711301
 22 7621011
 22 3423101
 22 7423001
 22 3721201
 22 3421101
 22 6411201
 22 6521101
 22 1313301
 21 6721901
 22 2711301
 22 1721101
 22 1522201
 22 6623001
 22 1613101
 22 1423101
 22 6621101
 22 3722101
 22 1522201
 22 6522101
 21 6721101
 22 6521101
 21 5711111
 22 1713101
 22 7621001
 22 6721101
 22 5711101
 22 6721301
 22 2711101
 22 1623201
 22 1723201
 22 1711101
 22 2721301
 22 6723301
 22 7621001
 22 7621001
 21 2721201
 22 6711301
 22 6621301
 22 6721201
 22 6721101
 22 6611201
 22 2711301
 22 6623101
 22 6621101
 22 6721101
 22 3621101
 21 6721901
 22 5711101
 22 2721301
 22 3629301
 22 6319311
 21 6721901
 22 6611311
 22 6611101
 22 6721101
 22 6713101
 22 3421201
 22 6721101
 21 6711301
 22 2611301
 22 6721101
 22 3721101
 22 6322901
 22 1721111
 22 6611901
 22 1323101
 21 1723901
 22 6721101
 22 6321201
 22 6611301
 22 3621101
 22 4721201
 22 1411201
 22 1411101
 22 6711101
 22 6512201
 22 6613201
 21 2723901
 22 6523301
 21 6721901
 22 6411301
 22 6711301
 22 6711901
 22 6723301
 22 3721101
 22 6721301
 22 2712301
 22 5611101
 22 6721301
 22 3721301
 22 6623101
 22 6713201
 22 3621101
 22 6611101
 22 6523301
 22 3622201
 22 6613301
 22 6711901
 22 6721101
 22 6611301
 22 7721001
 22 6721101
 22 6621101
 22 6513101
 22 6711901
 21 6721301
 22 6611301
 21 5711901
 21 6721901
 22 5712101
 22 5712101
 22 6711901
 22 5711101
 22 4721201
 22 6721101
 22 6711101
 22 6721301
 22 6721301
 22 6621101
 22 6721301
 22 6721901
 22 1723101
 22 7722001
 22 5611111
 22 3322101
 22 7721001
 22 6713201
 22 6713101
 22 6622301
 22 6313201
 22 6711001
 22 6711301
 22 7522001
 22 3721901
 22 1513901
 22 6513001
 22 1713101
 22 3721201
 22 6612001
 22 6621201
 22 2711301
 22 6721101
 22 3721301
 22 6521101
 22 3721101
 22 2721301
 22 6313101
 22 6411101
 22 6711101
 22 6721001
 22 6621101
 22 6623101
 22 6721101
 21 6721301
 22 4621201
 22 6721101
 22 6621101
 22 7521001
 22 3523101
 22 2711111
 22 3721101
 22 1721201
 22 6721301
 22 6623201
 22 3421211
 22 6711101
 22 6721101
 22 7521011
 22 6721311
 22 3421211
 22 6622301
 22 6619101
 22 3629201
 22 6319101
 22 3723101
 22 6713201
 22 6511101
 22 6611201
 22 3621101
 22 6723001
 21 6711101
 21 6519901
 22 6721101
 22 6721101
 22 3621211
 22 6623101
 22 6521301
 22 5711101
 22 2711101
 22 6621301
 22 6611101
 22 6711901
 22 3323201
 22 6521301
 22 7421001
 22 6721101
 22 6711101
 22 3523101
 22 3422201
 22 5612101
 22 5711101
 22 6723201
 22 5511101
 22 5711101
 22 6511301
 22 6321201
 22 6311201
 22 6711301
 22 5611201
 22 6521101
 22 6711311
 22 3623201
 22 2522201
 22 6721301
 22 5711101
 22 5711101
 22 6721301
 22 6621101
 22 6523201
 22 6611301
 22 1711101
 21 5711301
 22 1721201
 22 3721301
 22 5711201
 22 6711001
 22 6621101
 22 5711901
 22 5513301
 22 6723301
 21 3521301
 22 6412101
 22 6311111
 22 5613101
 21 5712301
 22 6721201
 22 2612301
 22 6523101
 22 2711301
 22 2611211
 22 2711201
 21 2723901
 22 1513901
 22 5612101
 22 5611101
 21 6421101
 22 6711101
 22 6611301
 22 6321301
 22 6611301
 22 1721101
 22 3721201
 22 6413101
 22 5612101
 22 2622301
 22 2721101
 22 3721101
 22 6521111
 22 2611101
 22 6611201
 22 6411201
 22 3723101
 22 7723001
 22 6421111
 22 6621301
 22 6723101
 21 5511101
 22 6411911
 22 6711201
 22 6723301
 22 6721901
 22 6711201
 21 6723301
 22 6713101
 22 6521101
 22 2713201
 22 2711311
 21 6713301
 22 3623101
 22 2611301
 22 7623001
 22 6721101
 22 2721101
 22 6721311
 22 6711101
 22 3721101
 22 6711901
 22 6411101
 22 3721101
 22 2611101
 22 1523201
 22 7723001
 22 3729101
 22 6711901
 22 3721101
 22 6621101
 22 6711301
 22 3729201
 22 6721301
 22 2723201
 22 6721301
 22 5511101
 22 6711101
 22 6711201
 21 6711301
 22 6713201
 22 6722201
 22 3323101
 22 6223101
 21 2722901
 22 5711101
 22 6722101
 22 6613101
 22 3521101
 22 1723101
 22 1721201
 22 6723101
 22 5611101
 22 3321201
 22 6711301
 22 3721101
 22 1711201
 22 6623201
 22 6621201
 21 7621001
 22 6711301
 22 6721301
 22 5711101
 22 1721901
 22 3721101
 22 2711301
 22 6711101
 22 6711301
 22 6711301
 22 5611101
 22 5711101
 22 6711101
 22 6711301
 22 7721001
 22 6511101
 21 6721301
 22 7521001
 22 7621001
 22 6521901
 22 6719901
 22 2713301
 22 2711301
 22 2711301
 22 6721101
 22 6721301
 22 6711101
 22 3721311
 22 1721101
 22 1722101
 22 1611101
 22 3721101
 22 3621301
 22 6711101
 22 6511301
 22 5712101
 22 6621201
 22 7621001
 22 3621101
 22 6511101
 22 6613101
 22 1721201
 22 6613301
 22 5713101
 22 6711901
 22 2621901
 22 1423301
 22 6423101
 21 6721301
 22 5611101
 22 2711201
 21 6612301
 22 1711101
 22 6613301
 22 2623301
 22 6421101
 22 1621201
 22 6321101
 22 6721301
 22 6712301
 22 3721101
 22 1722301
 22 1511101
 22 3721201
 22 1713101
 22 6521211
 22 3422201
 22 6711901
 22 6613301
 22 6611311
 22 6711111
 22 5611101
 22 6711101
 22 6721111
 22 7521001
 22 6611301
 22 6321101
 22 6721111
 22 6512101
 22 6723201
 22 4623201
 22 6611901
 22 3621201
 22 3621101
 22 3723101
 22 6621201
 22 1521101
 22 2721301
 22 2721301
 22 6611101
 22 5711101
 22 3421101
 22 6711301
 22 6612301
 22 6711301
 22 2711901
 22 6419201
 22 6723901
 22 6721301
 22 1711901
 22 3721901
 22 2711901
 22 6711301
 22 6629101
 21 2612301
 22 7721001
 22 7423001
 22 2713301
 22 5711101
 22 6411201
 22 6711101
 21 6421101
 22 6321111
 22 6711001
 22 2711901
 22 5711901
 22 6722301
 22 6523301
 22 6713101
 22 6529101
 22 5711111
 22 6621201
 22 6721201
 22 2721301
 22 6621201
 22 6621301
 22 2711201
 22 6721101
 22 5711111
 22 5711101
 22 6613301
 22 3621101
 22 6721301
 22 3621101
 22 2513301
 22 2711301
 22 1711311
 22 6711101
 22 2621211
 22 1711111
 22 5713101
 22 6711101
 22 5513201
 22 2711201
 22 2711311
 22 3721301
 22 5711901
 22 6713111
 22 3622201
 22 6713101
 22 6723301
 22 3521101
 22 6612901
 22 6711201
 22 5711101
 22 5712301
 22 6721201
 22 6711101
 22 6721901
 22 2621301
 22 6611111
 22 6611111
 22 7422001
 22 6721101
 22 6313201
 22 6711301
 22 1711301
 22 3521101
 22 6521101
 22 1611211
 22 3421201
 22 6711101
 22 6423201
 22 6721301
 22 6523101
 22 6321101
 22 6721901
 21 1613101
 22 6711201
 22 3723201
 22 6721301
 22 6723101
 22 6621301
 22 6711101
 22 7721001
 22 6711101
 22 6621101
 22 6711901
 22 7521001
 22 3421201
 22 3423101
 22 3721201
 22 6711001
 22 6613201
 22 6719101
 22 1711901
 22 2311111
 22 5712101
 22 2713101
 22 6711101
 22 5611201
 22 3621101
 22 6511201
 22 2721201
 22 3621201
 22 6612101
 22 6611301
 22 1521201
 22 2721301
 22 1521111
 22 3521101
 22 6712101
 22 6623201
 22 6522301
 22 3629201
 22 3721201
 22 6111111
 22 6423101
 22 6713301
 22 3521101
 22 1511101
 22 1511201
 22 6621101
 22 6611301
 22 2712301
 22 6511301
 22 6521111
 22 6522201
 21 6711301
 22 7521001
 22 5611201
 22 6611201
 22 6311101
 22 6721101
 22 2721211
 22 3521101
 22 6511101
 22 7721001
 22 6511101
 22 3421211
 22 6721101
 22 6311211
 22 3522101
 22 6612301
 22 6711101
 22 2721101
 22 1721201
 22 6711901
 22 6721201
 22 2711101
 22 6611301
 22 2722301
 22 6511901
 22 6713301
 22 6711301
 22 1721201
 22 4622301
 22 6523301
 22 5711101
 22 6613001
 22 3522101
 22 6522301
 22 7621001
 22 7721001
 22 2711101
 22 6713301
 22 6711101
 22 1723101
 22 5711111
 22 1711301
 22 1611101
 22 5711101
 22 6723201
 22 6511211
 22 6721101
 22 6721301
 22 6721111
 22 7621001
 22 6512101
 22 6729101
 22 7621001
 22 2713201
 22 6521101
 22 7721001
 22 6721101
 22 6719301
 22 3621101
 22 6711301
 22 6711201
 22 6623201
 22 6623101
 22 6721901
 22 6511211
 22 2621311
 22 6711901
 22 1721101
 22 6713101
 22 6623301
 22 6621101
 22 6511201
 22 3323301
 22 6711101
 22 6511211
 22 2722101
 22 7521001
 22 6513101
 22 6713301
 22 3523201
 22 1711301
 22 7521001
 22 6711301
 22 1623201
 22 5612301
 22 5711101
 22 6721101
 22 1512101
 22 2513201
 22 1711201
 22 6621101
 22 6721301
 22 2721101
 22 6721301
 22 6611101
 22 6711301
 22 7723001
 22 6721301
 22 1623201
 22 2721201
 22 6713301
 22 2621101
 22 6711101
 22 6721301
 22 2711201
 22 2611301
 22 6711201
 22 6311101
 22 6711301
 21 5711101
 22 6612001
 22 6311101
 22 6512301
 22 3721101
 22 6711301
 22 6711301
 22 3621101
 22 3721101
 22 6221111
 22 6621101
 22 4522201
 22 6613201
 22 6312101
 22 6411201
 22 6613101
 22 6521201
 22 5511111
 22 7423001
 22 1711301
 22 1611211
 22 5711101
 22 5711101
 22 5611101
 22 2713301
 22 2713101
 22 2711301
 22 6521101
 22 3622301
 22 6712101
 22 3621201
 22 6712901
 22 6719301
 22 2721301
 22 3721101
 22 6611001
 22 6711101
 22 6611301
 22 6521301
 22 6721301
 22 6512101
 22 3721111
 22 5711101
 22 6511311
 22 1721101
 22 1721101
 22 3423101
 22 6611201
 22 6411301
 22 6621101
 22 2611101
 22 6723301
 22 6711101
 22 1711111
 22 6721111
 22 6711101
 22 6711101
 22 2613201
 22 3721201
 22 5711111
 22 6721901
 22 3721101
 22 6421101
 22 1511101
 22 1521101
 22 6621101
 21 5711101
 22 6711201
 22 6711201
 22 2721101
 22 3721101
 22 3721101
 22 6611301
 22 6711001
 22 3521101
 22 2713301
 22 7421001
 22 2713101
 22 2711201
 22 2712201
 22 6623301
 22 2721301
 22 6721301
 22 6721301
 22 6711101
 22 6711901
 22 1422301
 22 3621101
 22 3721101
 22 7721001
 22 5711301
 22 6711004
 22 7421001
 22 6721301
 22 6621101
 22 6411201
 22 6511001
 22 6321311
 22 3723101
 22 5713201
 22 6321201
 22 6522301
 22 5713101
 22 6721901
 22 6711101
 22 1712101
 22 2623901
 22 6521101
 22 6611301
 22 3621111
 22 6611101
 22 6711301
 22 1421201
 22 2723201
 21 3729901
 22 3621311
 22 6621311
 22 3522101
 22 6711201
 22 6523101
 22 2713201
 22 6611111
 22 6611111
 22 6711101
 22 6721101
 22 3521101
 22 2512301
 22 6721901
 22 6711901
 21 3622901
 21 5711901
 22 6611201
 22 5711101
 22 7521011
 22 6611201
 22 6711101
 22 6522301
 22 4721301
 22 6711001
 22 3721201
 22 6711201
 22 3422201
 22 5711101
 22 2711901
 22 3721201
 22 6721101
 22 6711301
 22 3721101
 22 6711101
 22 6711001
 22 6621101
 22 6521201
 22 6721301
 22 3621111
 22 6721301
 22 6721301
 22 2722301
 22 4521211
 22 6511201
 22 6721301
 22 3721101
 22 6711201
 22 6721111
 22 6721301
 22 6723101
 22 6721201
 22 3721201
 22 7521011
 22 2711301
 22 5719301
 22 6323101
 22 3521101
 22 6521101
 22 5613201
 22 6621101
 22 6611301
 22 5711101
 22 2621301
 22 6711301
 22 6721201
 22 5711111
 22 3621101
 22 5711101
 22 1521201
 22 6719001
 22 2721301
 22 6512301
 22 5613101
 22 5711211
 22 6511201
 22 3621101
 22 2612101
 22 6612201
 22 2711101
 22 6711301
 22 6623101
 22 6711111
 22 6623101
 22 6711001
 22 2722901
 21 6512201
 22 3523101
 22 5711111
 21 6621301
 22 6711101
 22 1711101
 22 6723101
 22 6621111
 22 6721901
 22 6521101
 22 6512201
 22 6729301
 22 6723101
 22 6611201
 22 6521101
 22 1721301
 22 3721101
 22 6711101
 22 5711101
 22 6611101
 22 6711101
 22 6622201
 22 6721301
 22 3622301
 22 6621301
 21 2513301
 22 6612901
 22 6711101
 22 2711301
 22 3723201
 22 6711001
 22 7729001
 22 6711001
 22 6613301
 22 1713101
 22 1711101
 22 2711201
 22 1711101
 22 1721201
 22 3721101
 22 2711301
 22 6711101
 22 6321101
 22 2611301
 22 1521201
 22 2721101
 22 3621101
 22 6711101
 22 6711101
 22 4523101
 22 1511201
 22 5711101
 22 6213101
 22 2622101
 22 6313101
 22 2711301
 22 6721101
 22 7621001
 22 6621101
 22 2711301
 22 2523301
 22 6711311
 22 3629201
 22 3623201
 22 3521211
 22 1711111
 22 3421211
 22 6523101
 22 5611101
 22 6711901
 22 6721101
 22 2721301
 22 6311111
 22 6711201
 22 3421301
 22 6721201
 22 6721301
 22 6713201
 22 7421011
 22 6712101
 22 2711301
 22 6412201
 22 3421211
 22 6611211
 22 6421211
 22 6422301
 22 6622301
 22 6511101
 22 6711211
 22 3623211
 22 6611311
 22 6222101
 22 2621201
 22 6622101
 22 4623101
 22 3621201
 22 6611101
 22 2721301
 22 6521301
 22 1721301
 22 6721301
 22 6421301
 22 6611101
 22 6721111
 22 2721101
 22 6512101
 22 6521101
 22 1719101
 22 1511101
 22 6711001
 22 1721301
 22 5711101
 22 2711201
 22 2711101
 22 6721201
 22 3721101
 22 6613301
 22 1721201
 22 2713301
 22 6711101
 22 6711101
 22 6513101
 22 3723201
 22 2721301
 22 7721001
 22 1721201
 22 7721001
 22 6623301
 22 6621101
 22 6711201
 22 6721101
 22 7621001
 22 2521101
 22 3721201
 22 1721901
 22 6721301
 22 6721101
 22 4721201
 22 3621101
 22 6721001
 22 3721101
 22 3621101
 22 1529101
 22 5712301
 22 2611101
 22 6622301
 22 6721301
 22 6413201
 22 6711901
 22 6521111
 22 6321201
 22 3721211
 22 3721111
 22 6622201
 22 1712101
 22 6611211
 22 6411901
 22 2621301
 22 2622101
 22 2713101
 22 3423201
 22 6611201
 22 6621201
 22 6613301
 22 5611111
 22 3721101
 22 7621001
 22 3422101
 22 3521101
 22 3523101
 22 2721201
 22 6523201
 22 5713101
 22 1611111
 22 6513301
 22 6711911
 22 6721301
 22 6613301
 22 1621101
 22 7721001
 22 3721101
 22 6611101
 22 3721101
 22 3521101
 22 6721101
 22 6711201
 22 3421111
 22 6611101
 22 6721901
 22 6721101
 22 2723301
 22 1713101
 22 2721301
 22 6211101
 22 6612101
 22 6711301
 22 5711101
 22 6611201
 22 6723301
 22 7521001
 22 6711211
 22 5611101
 22 3521301
 22 5711111
 22 6521101
 22 5611101
 22 6421301
 22 2611301
 22 6711101
 22 5613101
 22 6721311
 22 6711301
 22 1521201
 22 7721001
 22 2711101
 22 6421201
 22 2711301
 22 6511201
 22 6723301
 22 2623201
 22 3721101
 22 6521101
 22 5713101
 22 6711901
 22 6711901
 22 2621901
 22 3322301
 22 6721301
 22 2611301
 22 5611101
 22 5611111
 22 6713101
 22 7422001
 22 6723901
 22 3623101
 22 6511001
 22 6721301
 22 6621301
 22 6521101
 22 6711201
 22 3721101
 22 2711211
 22 6629101
 22 6621301
 22 6321301
 22 6621301
 22 6721101
 22 6523301
 22 6721101
 22 5711101
 22 3622301
 22 2711301
 22 6623101
 22 2721101
 22 6311211
 22 5711201
 22 6711201
 22 2711301
 22 5712201
 22 6723201
 22 6711101
 22 6511201
 22 6321101
 22 2721201
 22 6713301
 22 6711001
 22 6721111
 22 6511201
 22 6411101
 22 5711201
 22 5711111
 22 6611111
 22 1621211
 22 6413201
 22 5612101
 22 6612301
 22 6611901
 22 6323101
 22 6419101
 22 3723101
 22 5611301
 22 6712201
 22 3723201
 22 6511111
 22 6713101
 22 3623201
 22 5612101
 22 2611201
 22 2611311
 22 6721301
 22 2721101
 22 1721101
 22 3322101
 22 6621101
 22 3522101
 22 6521201
 22 1721901
 22 2711101
 22 3621201
 22 6619001
 22 2723301
 22 6721201
 22 6711101
 22 6711101
 22 1711201
 22 6722901
 22 1721311
 22 1721311
 22 6711101
 22 6511201
 22 3621101
 22 3322101
 22 5611101
 22 3721101
 22 6623201
 22 1713201
 22 5511201
 22 5611101
 22 5719101
 22 6712301
 22 6313901
 22 6411901
 22 5711101
 22 5711101
 22 6622201
 22 6613301
 22 5511211
 22 6321211
 22 3623101
 22 6513101
 22 6721301
 22 7523001
 22 3423201
 22 1611201
 22 6711101
 22 4722201
 22 5612101
 22 3622201
 22 6621101
 22 1621101
 22 6421301
 22 3721201
 22 6711201
 22 2721201
 22 6721101
 22 3622201
 22 5712101
 22 5712101
 22 6613101
 22 6711101
 22 6611201
 22 1711901
 22 5611101
 22 7721001
 22 3621101
 22 6721311
 22 6622001
 22 6611101
 22 3721111
 22 3721201
 22 6711201
 22 1711201
 22 3721301
 22 1623201
 22 1711101
 22 3621101
 22 6311101
 22 7721001
 22 6711301
 22 5612101
 22 2611101
 22 2622301
 22 6622201
 22 6713101
 22 6322201
 22 6421311
 22 4621201
 22 4723201
 22 1621201
 22 3421211
 22 6611111
 22 2713301
 21 1721301
 22 6711311
 22 6711901
 22 3721101
 22 2713301
 22 5713101
 22 2711301
 22 1721201
 22 6711301
 22 6613201
 22 3721101
 22 6712201
 22 6712201
 22 6621301
 22 6311111
 22 5711101
 22 6721201
 22 2621101
 22 3421101
 22 5711201
 22 2711211
 22 6722901
 22 1712101
 22 1622301
 22 2511301
 22 2711301
 22 6223301
 22 6311101
 22 2712301
 22 6621101
 22 2721201
 22 5611101
 22 6611111
 22 1613301
 22 6613301
 22 6723901
 22 6721901
 22 6721901
 22 6612301
 21 3321201
 22 2721901
 22 6721901
 22 3721901
 22 6711901
 22 6513201
 22 7721001
 22 6721101
 22 6313101
 22 5611101
 22 5711201
 22 2721101
 22 2711111
 22 3521111
 22 6721901
 22 6721901
 22 6513201
 22 6711901
 22 6711301
 22 1519201
 22 6621101
 22 6723101
 22 2511101
 22 5611201
 22 2711201
 22 6711301
 22 3522101
 22 6713301
 22 1312201
 22 6622101
 22 6711101
 22 6712001
 22 1713201
 22 2713301
 22 6513101
 22 2721101
 22 6721301
 22 2711301
 22 3421101
 22 2721301
 22 1721201
 22 3522101
 22 7721001
 22 2713201
 22 3721201
 22 1711201
 22 5711201
 22 7721001
 22 5611111
 22 3523201
 22 6611201
 22 6521301
 22 6723101
 22 3721101
 22 3521201
 22 6711111
 22 5713301
 22 6521201
 22 6211301
 22 3523101
 22 6313211
 22 6721211
 22 6321101
 22 7621001
 22 4521211
 22 6421111
 22 5611201
 22 6621101
 22 3723301
 22 3422101
 22 1613101
 22 6721201
 22 6713301
 22 6512301
 22 1723101
 22 1721211
 22 3623101
 22 3723101
 22 3521201
 22 7622001
 22 2713301
 22 6611301
 22 1622101
 22 6611201
 22 6611101
 22 5611211
 22 6723201
 22 6721301
 22 6521301
 22 3722201
 22 6721201
 22 1612301
 22 6711101
 22 6521301
 22 6513101
 22 2623301
 22 2711101
 22 6723101
 22 6621301
 22 6711101
 22 2521101
 22 2711301
 22 6712301
 22 2622201
 22 6621301
 22 6711101
 22 6721301
 22 1521101
 22 5611211
 22 3423301
 22 3621201
 22 6321201
 22 6513201
 22 3421101
 22 5612101
 22 5711111
 22 6729211
 22 6423101
 22 5713101
 22 6721201
 22 6723301
 22 5711101
 22 1711201
 22 3623101
 22 5512101
 22 4723201
 22 6411111
 22 1422201
 22 6622201
 22 3722201
 22 6711911
 22 6721201
 22 6711301
 22 6611101
 22 3621101
 22 5711901
 22 7721001
 22 6711301
 22 3721101
 22 6721311
 22 1523201
 22 2713301
 22 5612101
 22 5611201
 22 3521201
 22 5711101
 22 6511301
 22 6712301
 22 2711201
 22 7521011
 22 2721201
 22 6711301
 22 6711901
 22 2621301
 22 3521901
 22 6711211
 22 6721311
 22 6711301
 22 6711301
 22 6713101
 22 3721201
 22 6623201
 22 3322901
 22 5712101
 22 6421101
 22 5711101
 22 2723301
 22 4622301
 22 6523901
 22 6711901
 22 2713901
 22 2711901
 22 6721201
 22 6511901
 22 6723301
 22 5713901
 22 6711901