201 6721101
201 2611201
201 6711901
201 5711111
201 6711311
201 2721101
201 6511311
201 2611301
201 6511311
201 6521111
201 2721101
201 6421311
201 6721111
201 6621111
201 6721111
201 6721111
201 6511311
201 2722301
201 6711201
201 5711101
201 6521911
201 6421111
201 3621111
201 6611111
201 6622301
201 6711901
201 3721111
201 5611111
201 6611111
201 2711211
201 6721211
201 6721301
201 6521311
201 6521111
201 6622201
201 2511111
201 6211311
201 1711211
201 5611211
201 6211311
201 6521111
201 1721201
201 6421211
201 6611311
201 2611211
201 1721101
201 1711101
201 6721301
201 6721301
201 3521211
201 6721201
201 6721901
201 6611111
201 2711211
201 1711211
201 2611211
201 6711311
201 1511101
201 1711901
201 2622201
201 6721111
201 6721311
201 1721911
201 1721201
201 2711901
201 2721201
201 6721111
201 6311101
201 6711301
201 5611111
201 6511111
201 6321311
201 1511111
201 5711101
201 6711011
201 6621111
201 6511111
201 6721311
201 5711101
201 1711201
201 3621111
201 6721911
201 6321211
201 2621211
201 5711101
201 6321101
201 6319211
201 6321111
201 6621111
201 6721111
201 6721901
201 1721211
201 6711101
201 6311211
201 6521111
201 5711111
201 6421111
201 6621211
201 6613101
201 6613101
201 6723901
201 6721201
201 6711311
201 1711311
201 6621201
201 5619111
201 5611111
201 1511111
201 3521901
201 7522001
201 5611101
201 5711111
201 6711011
201 6711011
201 6721111
201 6621211
201 3521111
201 3721111
201 2721911
201 1622301
201 6721301
201 6611201
201 3721111
201 5611211
201 1421111
201 6611201
201 7621011
201 1721101
201 6721111
201 3721211
201 6711301
201 6711201
201 6521111
201 2611311
201 6411211
201 5611111
201 3621211
201 1511111
201 1611311
201 6722301
201 5711111
201 6521111
201 6611311
201 6411111
201 2311201
201 3521211
201 6611111
201 1511111
201 3521211
201 6422101
201 6721911
201 3721111
201 5611111
201 6611311
201 6321311
201 1721201
201 3521111
201 5711111
201 6711311
201 6621211
201 6411311
201 6511201
201 6111301
201 3721111
201 7721011
201 6711901
201 6711111
201 6611101
201 1622201
201 6711301
201 6711111
201 6321311
201 6521311
201 3723101
201 3621211
201 6711311
201 6611911
201 6721101
201 3621101
201 3721311
201 3521111
201 3721101
201 7521011
201 6721311
201 6721211
201 5511111
201 4421111
201 6521111
201 6621111
201 6311211
201 6321911
201 6721311
201 2721301
201 5711111
201 6621211
201 2711301
201 5711111
201 6612101
201 6711311
201 3529301
201 6521111
201 6321211
201 2611211
201 1721101
201 6613301
201 3621211
201 1711111
201 6511301
201 6711111
201 6122101
201 2721201
201 6711201
201 5511111
201 6721901
201 5611111
201 5711111
201 6421211
201 2721301
201 6511301
201 1721201
201 3521211
201 1611211
201 6711211
201 6721301
201 6422211
201 6621111
201 4721911
201 6721111
201 6411311
201 6211311
201 3721301
201 6711311
201 6711311
201 6621311
201 6621301
201 2621911
201 5711111
201 1521201
201 6421111
201 6311311
201 3721901
201 6711901
201 6611111
201 6611111
201 6321311
201 1711911
201 6421101
201 2711111
201 6721111
201 6421311
201 3621211
201 5711911
201 6611111
201 3621111
201 1411201
201 2721301
201 3521111
201 6521111
201 6721201
201 6611111
201 6613101
201 7421011
201 6321311
201 6613301
201 6711211
201 6611111
201 6711311
201 5711111
201 6511311
201 6521311
201 5711111
201 2611301
201 6623301
201 3621211
201 3621111
201 7621011
201 3721211
201 6411311
201 2712201
201 2712101
201 6311211
201 6711301
201 5711111
201 1711301
201 6321311
201 5611101
201 6611311
201 1712101
201 6711101
201 3621111
201 6611111
201 3522301
201 7521011
201 2711301
201 6721111
201 3522201
201 7621011
201 3621111
201 6711101
201 3621111
201 2721301
201 6721201
201 1721101
201 6721101
201 3722901
201 5711901
201 6521211
201 1711111
201 3721201
202 1611111
202 3721201
202 6721901
202 6511311
202 6721101
201 6611111
202 6712101
202 3521111
202 6721211
202 7621011
201 6711911
201 1711111
202 6721201
202 3721101
201 3421311
202 2721311
202 3521211
202 7521011
201 2721301
202 6521101
202 6521211
202 1521311
202 3421211
202 3721301
202 1521111
202 6611301
202 5619211
201 5711101
201 6512101
202 3621111
202 2721211
202 6511211
202 6611211
202 5711111
202 3621211
202 5611111
202 6619111
202 6611101
202 6621111
202 4721111
202 3721101
201 1721111
202 2721201
202 6711311
202 6621111
202 6311311
202 3721211
202 3521111
202 3521101
202 6421211
201 5711111
202 6711111
202 1321101
201 6621311
202 3721101
202 6621211
201 6721301
202 6321311
202 6711101
202 6529911
202 2722211
202 1319111
201 6621311
202 3522111
202 1611111
202 3521211
202 1721311
202 7521011
202 6321311
202 2711311
202 6629201
202 5711111
202 6621201
202 2621311
202 6719311
202 7721011
202 3621201
202 3621211
202 1611101
202 6421101
202 6711201
202 1411211
202 3721101
202 6521111
202 6721311
201 6721311
201 6611911
202 1621311
202 3623201
202 6722201
202 1611111
202 6711111
202 6721111
202 7721011
202 5711111
202 6521111
202 6721911
202 6721111
202 6521111
202 5711111
202 2513301
202 2621301
202 6611111
202 1621211
202 6721301
202 5711111
202 2721201
202 5713101
202 5611111
202 6321111
202 6721101
202 2611211
202 2721311
202 6621211
202 5611111
202 4721111
202 6711211
202 6511311
202 6611011
202 7621011
202 6712101
202 3621211
202 1621101
202 5711111
202 6621311
202 3721111
202 6421201
202 6521111
202 3521101
202 5711101
202 2711301
202 5711211
202 6511211
202 6711111
202 7721011
202 5611111
202 6711311
202 6721201
202 3621111
202 1711911
202 6611311
202 1711211
202 6421311
202 1711201
202 5611211
202 6621101
202 6721301
202 6721201
202 6721911
202 6711311
201 6321111
202 5611111
202 6711911
202 6611111
202 6321311
202 6623111
202 6313301
202 6211311
202 5611111
202 6711211
202 2721911
202 3522201
202 6611101
202 6611311
201 6721911
202 6421111
202 5711201
202 2711111
202 6611311
202 1711101
202 6711101
202 6411211
202 5711111
202 6521111
202 2721111
202 6511201
202 6411211
202 7522001
202 3321211
202 6711311
202 6721211
202 6421111
202 6721111
202 6621111
202 1711111
202 6611311
202 6329111
202 5611211
202 6711311
202 6711311
202 6721301
202 6613111
202 6311311
202 6611211
202 6721201
202 3721311
202 3621111
202 6721111
202 6511211
202 6421111
202 3621111
202 6321111
202 6721311
202 2711311
202 6722301
202 3521101
202 6711111
202 6611111
202 6621111
202 6321111
202 2611301
202 2712101
202 3723201
202 5719111
202 3722901
202 5711111
202 1611111
202 5611911
202 6611311
202 6311111
202 6421111
202 6321101
202 3421111
202 1711911
202 2721301
202 6721111
202 6711201
202 6721201
202 3721101
202 5611111
202 6711911
202 2721911
202 5611111
202 7721011
202 6711211
202 2511301
202 2611111
202 6711201
202 3421111
202 3621111
202 6711311
202 1521111
202 2711211
202 1621111
202 6511201
202 6721311
202 6611311
202 6711311
202 6521211
202 3621211
202 1621201
202 6621211
202 6721301
202 6621211
202 6711911
202 6712101
202 3621111
202 2713301
202 6321211
202 3721211
202 6621311
202 5711101
202 5719101
202 5719111
202 6611111
202 1711311
201 5711111
202 5611211
202 6521211
202 6721111
202 7421011
202 4521111
202 5611111
202 3321111
202 2711301
202 3722101
202 3722101
202 2711111
202 5713111
202 7521011
202 6521111
202 2711111
202 2711311
202 1511111
202 1511211
202 6411311
202 6521211
202 3421211
202 6411911
202 5711911
202 5511211
202 6721211
202 6621111
202 6521311
202 1711211
202 6221111
202 6513311
202 3621211
202 6411311
202 6611211
202 6721001
202 6711111
202 6521111
202 6311211
202 6211911
202 1621111
202 3521211
202 5711911
202 6511211
202 1611311
202 6621211
202 6711311
202 6711301
202 5611111
202 6721211
202 3721111
202 7721011
202 3721101
202 1711211
202 3521211
202 6611211
202 6621111
202 1711211
202 5611111
202 3421211
202 6421111
201 5711111
202 1611211
202 5611111
202 7721011
202 5711111
202 6323311
202 6511211
202 6711201
202 3421111
202 6511111
202 3721111
202 1711201
202 4321211
202 6421111
202 1521211
202 6711911
202 2711211
202 3521111
202 6721111
202 6721311
202 3623101
202 3721101
202 1621211
202 3721311
202 2711301
202 3621101
202 1611301
202 2711911
202 6721111
202 5711111
202 5611111
202 6611211
202 3521111
202 6311211
202 2711211
202 3723101
202 6613201
202 6321101
202 3521111
202 6729211
202 6711211
202 6721311
202 1721101
202 6621111
202 3421211
202 5611211
202 6321311
202 6411211
202 4621101
202 6621101
202 6721101
202 2521311
202 6721211
202 6511211
202 1711911
202 6411311
202 6711301
202 1422301
202 6721311