241 6721901
241 6521201
241 2511301
241 2511301
241 1712101
241 6511111
241 1512201
241 3322101
241 6321101
241 6311201
241 6711101
241 1721111
241 6711901
241 3722101
241 1529201
241 6711001
241 1721901
241 1721901
241 6711001
241 6411201
241 3521101
241 3521101
241 2711101
241 5711111
241 6411101
241 3621111
241 1621211
241 6522201
241 1721211
241 6611101
241 6711001
241 6311101
241 6721201
241 6621111
241 1722101
241 6712101
241 1621201
241 6711311
241 6721901
241 1521301
241 4321101
241 6619101
241 1611101
241 2721301
241 5711101
241 6511201
241 3622201
241 2622101
241 6611311
241 6511301
241 2512201
241 3622201
241 6421111
241 6421111
241 3421111
241 6711911
241 1711211
241 6419101
241 6419101
241 6711911
241 5711111
241 6512901
241 1711101
241 3621201
241 1511211
241 6321201
241 6621211
241 6611301
241 4621301
241 3521211
241 6511111
241 1721201
241 6711111
241 6611101
241 5712901
241 2721201
241 6611101
241 6211211
241 5711101
241 1711101
241 3621201
241 6511311
241 6421101
241 6711911
241 7422001
241 6721201
241 6522201
241 1721301
241 6721211
241 1723101
241 5711101
241 6621311
241 3721101
241 2711101
241 7621011
241 6311201
241 6321201
241 1621101
241 1721211
241 2712201
241 5611211
241 1711201
241 6721101
241 6721901
241 1711911
241 6611201
241 3721111
241 6611301
241 6511311
241 6622101
241 6611101
241 6611211
241 1621111
241 3621101
241 2721201
241 6621101
241 4521111
241 3721201
241 6311101
241 6311101
241 3421201
241 6111111
241 1721211
241 5711111
241 6611311
241 6621111
241 1711101
241 6711201
241 6321101
241 6711111
241 6321201
241 6621911
241 5512201
241 6511311
241 5512101
241 3721201
241 6621901
241 6621201
241 2711311
241 6721101
241 6721101
241 5711101
241 6521301
241 6621301
241 5711211
241 6621311
241 6421201
241 6712301
241 5511101
241 6721901
241 7521001
241 6511001
241 4321101
241 6721201
241 2521101
241 6521201
241 1612211
241 1521201
241 5611101
241 6711111
241 5711101
241 1711101
241 1721201
241 2721301
241 6611101
241 6311901
241 3623101
241 4622301
241 3521101
241 6711101
241 6523101
241 4322101
241 3321201
241 4721311
241 1711111
241 5711111
241 7421001
241 6311101
241 6321101
241 3421111
241 3421111
241 2621301
241 6621311
241 6411201
241 2612301
241 1611111
241 6711211
241 6611001
241 2721201
241 2711101
241 6721201
241 2721301
241 6611111
241 2512301
241 3621101
241 7521001
241 6311101
241 6711201
241 3621101
241 7721001
241 1722201
241 6721101
241 6321111
241 1712101
241 6711201
241 2621901
241 6512001
241 6711111
241 3522301
241 1721901
241 4321101
241 2711311
241 6321301
241 3521111
241 6721201
241 6721311
241 5711111
241 3621201
241 6521311
241 5711101
241 6611311
241 2713301
241 6611111
241 6711101
241 6721301
241 2712101
241 6721211
241 6711111
241 6612101
241 5511101
241 6721911
241 5711111
241 6421211
241 6711111
241 5711111
241 3721101
241 3721211
241 5611111
241 6323201
241 6611201
241 6711101
241 6711111
241 6522311
241 3621111
241 6712201
241 6511911
241 7722001
241 3621211
241 3622201
241 5511101
241 6721301
241 6711101
241 2612301
241 6711211
241 2712101
241 6712201
241 7523011
241 6512901
241 3721201
241 1523101
241 3721211
241 6611301
241 6612201
241 7521001
241 5711111
241 6321101
241 6711911
241 1611101
241 6621211
241 6711111
241 5611901
241 1511201
241 6611201
241 6512101
241 6711311
241 6711311
241 5612101
241 3521101
241 5611101
241 6621111
241 6721301
241 3621111
241 3721111
241 6321201
241 7621001
241 2712201
241 5711101
241 6721901
241 6722301
241 6411301
241 6411101
241 5711101
241 1721201
241 2612101
241 5411201
241 6711201
241 6611901
241 6329101
241 5613101
241 6729101
241 5611111
241 5612101
241 6611901
241 3421101
241 6711101
241 3321101
241 1611101
241 6321301
241 6311201
241 6511101
241 6621111
241 6711201
241 6321201
241 6522201
241 6321101
241 3721101
241 6511301
241 3721211
241 3621211
241 2722201
241 6611101
241 6711111
241 3521201
241 6321201
241 6621911
241 6721211
241 6421101
241 5611201
241 5611301
241 6311301
241 6121311
241 6721311
241 6711311
241 6321201
241 1421111
241 6711211
241 5611111
241 6721301
241 6321201
241 2521301
241 3721101
241 6721201
241 1721101
241 6621201
241 6311101
241 1512101
241 6421101
241 6722201
241 6621301
241 6321211
241 6611311
241 6721201
241 6521111
241 6723201
241 6311301
241 6411201
241 1721101
241 6611901
241 2522301
241 1721201
241 3521211
241 2611201
241 3522201
241 6723201
241 1711311
241 5611201
241 3521111
241 6312301
241 5711101
241 6511201
241 5711101
241 3721201
241 6111311
241 6721301
241 6721301
241 6429201
241 6711201
241 6521211
241 6721301
241 6721901
241 6621101
241 6711111
241 2721301
241 6711311
241 6621911
241 6329901
241 5712101
241 1521311
241 6611201
241 6511301
241 6721201
241 6712901
241 3423101
241 7521001
241 6621111
241 3521101
241 1711201
241 6611111
241 1521111
241 6711001
241 4521211
241 5711311
241 6711311
241 6411111
241 3621201
241 3721111
241 6721301
241 4521301
241 3321101
241 2721311
241 1521311
241 2711201
241 6711911
241 2611311
241 4521201
241 4322101
241 5611101
241 6721111
241 6421101
241 2621301
241 6411201
241 6311101
241 5511101
241 3721101
241 7721001
241 7621011
241 6411101
241 6611101
241 5511101
241 5711101
241 6711101
241 3721111
241 3621111
241 6611111
241 6612101
241 6321111
241 3721111
241 1612301
241 6512201
241 6721311
241 5712101
241 5712101
241 6612901
241 2621301
241 3421201
241 5611201
241 6411311
241 5712101
241 6711101
241 6421301
241 6711111
241 2621301
241 3721201
241 2721311
241 2711901
241 1711901
241 6711911
241 6711911
241 6611111
241 2711111
241 6721911
241 5711901
241 6721901
241 5711111
241 2611101
241 1711301
241 6621101
241 6221311
241 5611101
241 6611001
241 3721101
241 3722101
241 3621101
241 6422301
241 2511311
241 6611211
241 5611111
241 2721301
241 6711111
241 5711101
241 6621301
241 6511101
241 6621911
241 2512301
241 1511301
241 1721211
241 3421111
241 2511101
241 1721201
241 6311101
241 6721301
241 6321101
241 7721011
241 6721911
241 1612101
241 3421111
241 6721011
241 5711311
241 1721201
241 3721111
241 5519101
241 6511101
241 5711111
241 6721201
241 3521101
241 6713201
241 4622201
241 6622901
241 3521211
241 7421001
241 6521101
241 1721301
241 6411101
241 6421101
241 6421201
241 6712301
241 6711211
241 6611111
241 3721111
241 6721111
241 5711101
241 6411311
241 2711311
241 5611101
241 2711301
241 1711111
241 1721201
241 3721211
241 5611111
241 6711111
241 1712201
241 6421101
241 5711111
241 6611111
241 6621101
241 3321101
241 2711311
241 6511911
241 6522101
241 6511301
241 6711211
241 6721101
241 1622301
241 3623201
241 6611111
241 6421101
241 6313101
241 2711301
241 6713201
241 5611111
241 6711301
241 6311211
241 3421201
241 3721101
241 6621101
241 3621201
241 6711911
241 6621111
241 3721111
241 6621111
241 3721111
241 1511301
241 3521201
241 6611201
241 1711901
241 5712101
241 6721201
241 2621311
241 6721311
241 6411101
241 5611101
241 6611901
241 5611101
241 1511311
241 6321111
241 2621311
241 4722301
241 2621301
241 6321201
241 6711301
241 6711311
241 2721201
241 3421111
241 7721011
241 6611201
241 6611111
241 5711101
241 5712101
241 6722101
241 3421101
241 1612201
241 3721301
241 6421211
241 4721111
241 3521211
241 6611901
241 4623201
241 6522201
241 6322201
241 6311211
241 6321101
241 2511101
241 6429301
241 3521211
241 3521111
241 6323101
241 5512101
241 5611101
241 3422201
241 6721301
241 1411311
241 7321001
241 6711101
241 6321311
241 1411201
241 5511101
241 6621301
241 6411101
241 6321101
241 6321301
241 6511201
241 6721101
241 6721101
241 1721101
241 2721901
241 6611101
241 6322101
241 4321101
241 3721101
241 6411101
241 1521111
241 6521901
241 5612101
241 4521101
241 5611101
241 6711201
241 6311101
241 6711301
241 3521111
241 1721101
241 4522101
241 2611301
241 1621101
241 2721201
241 6711101
241 3721111
241 3321201
241 1721201
241 6511211
241 6311101
241 5511101
241 1612101
241 6411101
241 5411101
241 5719101
241 5613901
241 1712101
241 1721211
241 6611901
241 1711301
241 6711101
241 6712101
241 7522011
241 6722301
241 6321301
241 3322201
241 5711101
241 3521101
241 1521101
241 6711111
241 3521101
241 7521001
241 7722001
241 3521101
241 6321101
241 5611101
241 6121301
241 1711311
241 1522201
241 2621301
241 6721301
241 6711111
241 5711911
241 2611101
241 6621101
241 6711301
241 6711901
241 1721901
241 2721901
241 2521901
241 2711911
241 4321101
241 6711111
241 6121301
241 3521211
241 3421111
241 6321301
241 3421201
241 3421101
241 6721311
241 5611201
241 7421001
241 6321101
241 6612201
241 6421101
241 6521111
241 6622901
241 6511011
241 1711311
241 1722201
241 6621311
241 3521101
241 5711101
241 5611111
241 1722101
241 6711911
241 5611201
241 2511301
241 6511211
241 6511111
241 3621201
241 6421101
241 3321101
241 6511101
241 6611101
241 6321111
241 6721201
241 6311911
241 4621201
241 2711211
241 6721301
241 2721301
241 3721101
241 3721101
241 3521111
241 2712301
241 6721911
241 5719111
241 6712201
241 5611111
241 4723201
241 6611301
241 2611201
241 3621201
241 2722201
241 2711211
241 5611101
241 1521301
241 6621111
241 6411301
241 6621301
241 3421101
241 3621101
241 7621001
241 3721311
241 6721301
241 6721311
241 6711111
241 2711301
241 6711101
241 6511111
241 6529101
241 5711101
241 6721311
241 3721201
241 7523001
241 2522301
241 6511301
241 6621101
241 6321101
241 6311101
241 6311101
241 6611001
241 6411101
241 6721001
241 6721301
241 6512201
241 6711101
241 2721201
241 6721311
241 2721201
241 6521111
241 2521311
241 2721111
241 2721301
241 6711301
241 6711311
241 6711311
241 6311201
241 6721101
241 3521101
241 5712201
241 6711101
241 6411101
241 3721101
241 6711311
241 6221111
241 6321311
241 2411101
241 6621301
241 1711111
241 1711201
241 1711201
241 6721301
241 6611211
241 2721301
241 2721911
241 6711211
241 6711201
241 7521011
241 1712301
241 2721101
241 6411101
241 6611111
241 6721301
241 5619101
241 6311201
241 6321111
241 2711201
241 1411101
241 1622201
241 5411101
241 3421201
241 6411101
241 3421201
241 6721201
241 6721204
241 6722101
241 6722201
241 5511101
241 7621011
241 6311101
241 6521011
241 7721001
241 6321201
241 6721211
241 6321111
241 1411111
241 3621201
241 1722201
241 6619211
241 2622201
241 5711111
241 3621201
241 2711911
241 2711211
241 2721301
241 6221311
241 5611211
241 6621901
241 3721101
241 5712101
241 6421211
241 6621101
241 3721101
241 5711201
241 6622101
241 6413101
241 6411201
241 3521101
241 6621111
241 6622101
241 6521301
241 5711111
241 6621101
241 5711211
241 6511911
241 1622201
241 6611111
241 6611211
241 6323101
241 4521101
241 5711111
241 5612101
241 2612901
241 6721901
241 6621911
241 6721911
241 3421201
241 6521111
241 6412301
241 3722101
241 6722201
241 3521111
241 6711111
241 6411311
241 5612101
241 5611111
241 6511101
241 1721301
241 3621201
241 3621111
241 3721201
241 1711111
241 6511111
241 1721201
241 2711311
241 1729101
241 2721211
241 6721311
241 5611111
241 6721901
241 6711001
241 7521011
241 6521101
241 6711211
241 6711901
241 2612101
241 5711101
241 7621001
241 5711101
241 6311101
241 1721101
241 3729101
241 6612201
241 3621111
241 2721201
241 6511901
241 3621101
241 5612101
241 5719101
241 6719101
241 6621101
241 3621101
241 5611101
241 4621311
241 6411101
241 2721111
241 3721101
241 6511101
241 1722101
241 6421301
241 6311111
241 6721301
241 2621301
241 1611211
241 3721101
241 6722101
241 5611101
241 6723101
241 6721101
241 6712301
241 5612101
241 6411311
241 6721211
241 6711201
241 3721201
241 3321101
241 3621101
241 6521101
241 6511101
241 1521101
241 6711111
241 5612101
241 6511101
241 1721101
241 6421111
241 5711101
241 6521111
241 1711101
241 6323211
241 6311111
241 1711211
241 6711901
241 6321101
241 5711101
241 6321301
241 6311201
241 1721301
241 6611901
241 5712101
241 1622301
241 6611311
241 4321211
241 3722101
241 2722101
241 1722201
241 3522101
241 3521211
241 6421111
241 6611111
241 6611101
241 6512901
241 1713311
241 2511201
241 3622301
241 5711111
241 5511111
241 6621201
241 6522101
241 5611111
241 6319301
241 6721111
241 7522001
241 2721301
241 2512301
241 1611301
241 5511101
241 3721111
241 3721111
241 6721211
241 7521001
241 6611311
241 7621001
241 1321101
241 5712101
241 5511111
241 6711111
241 6712201
241 5711101
241 5611101
241 5611911
241 6721101
241 3721101
241 1511301
241 6712301
241 6521301
241 3421201
241 3422101
241 3521101
241 4321101
241 1421101
241 5711101
241 2712301
241 6611311
241 6711211
241 6721301
241 6411311
241 6611211
241 6621101
241 6511101
241 6621101
241 6629101
241 6711901
241 6711111
241 6311101
241 2721201
241 6721901
241 4623201
241 1711101
241 6611211
241 1711111
241 6421111
241 1512101
241 3621111
241 1711301
241 3621211
241 3721111
241 3721101
241 1711901
241 6711101
241 6711101
241 6411111
241 6611301
241 7521001
241 6722201
241 6323101
241 6711301
241 6511101
241 3722101
241 6521201
241 6311101
241 6723101
241 5711111
241 6711211
241 3421201
241 7522001
241 6621211
241 3421101
241 6721311
241 5711211
241 6411101
241 3321101
241 6723111
241 2623301
241 6421101
241 1511101
241 5611111
241 6711901
241 6719101
241 6612901
241 5711211
241 1711901
241 6521111
241 7521011
241 6521201
242 6721201
241 2712301
242 6622111
242 1421201
241 7621011
241 6521111
242 5611101
242 6321101
241 5612101
241 6711211
242 7621011
242 2722201
242 6721101
242 6711311
242 6611201
242 2611201
242 6511101
241 1521101
242 6621301
242 6622101
242 3521211
242 6621311
242 6321101
242 7722001
241 5519101
241 6311101
241 6321101
242 7621001
242 3421201
241 2721211
242 5711301
242 2721101
242 6611101
242 6721111
242 1721311
242 6621311
242 6312301
242 6721201
242 1721101
242 6721201
242 3721111
242 6711101
242 1711111
242 5711111
242 4521111
242 6711101
242 6421101
242 1612301
242 6711201
242 3621211
241 6611101
241 6621301
242 6513111
242 3721301
242 5711111
242 1711111
242 2711311
242 6711311
242 6521101
242 6711211
242 6311201
242 6611101
242 6411201
242 6411101
242 3521201
242 3721101
242 6611201
242 6611311
242 6721111
242 6711101
242 1721201
242 6422101
242 6711111
242 6311101
242 2511201
242 2511101
241 5711111
242 6721311
242 6611211
242 1721211
242 7721011
242 5511211
242 2721301
242 6711101
241 6721911
242 1611101
242 6311111
241 6712101
241 5711111
241 6711011
242 6721301
242 5712101
242 3323101
242 2511101
242 6711211
242 6611311
241 3621101
242 5711111
242 3422101
242 2721301
242 5611101
242 1311211
242 6511101
242 6511201
242 1721301
242 3721111
242 6311101
242 6711311
242 6721111
242 6711211
242 2511201
242 6711311
242 6511911
242 7721001
242 7721001
242 1721211
242 6321101
242 6622101
242 6513101
242 6521101
242 3421101
242 5711101
242 3421211
242 6511201
242 3421201
242 2711311
242 1611201
242 6721111
241 2721311
242 3721111
242 3721111
242 1721111
241 3421101
242 3721111
242 6511101
242 3422201
242 6711111
242 2521301
242 6511111
242 6421101
242 6321101
242 6321101
242 6722201
242 6711111
242 7421001
242 3621101
242 6711301
242 6621311
242 6722201
242 6321101
242 6721311
242 6713201
242 7521001
242 3421201
242 6721201
242 6721301
242 7521001
242 3429901
242 5511111
242 6611011
242 6311201
242 6329311
242 5711111
242 6721101
242 2621201
242 5712111
242 6722301
242 6711311
242 6621311
242 2721311
242 6721111
242 2721201
242 2711101
241 6511101
242 6511101
242 2611201
242 7522001
242 3421101
242 6721211
242 2512301
242 5612101
242 6319101
242 1621301
242 1721301
242 6421111
241 3729911
242 1622201
242 5611101
242 2611301
242 6411211
242 3321101
242 1621101
242 5611101
242 6511301
242 7621001
242 3521101
241 6521911
242 5511101
242 6311201
242 6611911
242 5611101
242 6319111
242 1711101
242 2611301
242 6621311
242 6721201
242 6722301
242 4421111
242 6723301
242 1611211
242 6623301
242 6421101
241 6711301
242 1423101
242 2521311
242 7622001
242 2711201
242 2721301
242 2711211
242 6411201
242 6711301
242 6511101
241 6521101
242 6521101
241 6619101
242 3621211
242 1612201
242 1521301
242 1612101
242 1511111
242 6711111
242 3521201
242 5711111
241 2721901
241 1721911
242 2712101
241 6711911
241 2711901
241 6721911
242 2621301
242 6621301
242 1611311
242 5711111
242 1711111
242 6721101
242 7521001
242 6711111
242 6311301
242 5612201
242 6721111
242 5612101
242 6711301
242 5611101
242 6411101
242 7621001
242 3621101
242 6621311
242 3622201
242 6611111
242 6611211
242 1521311
242 6721311
242 6521201
242 6721311
242 6612301
242 6721311
242 6321211
242 3421201
242 6711301
242 2411101
242 6321101
242 6421101
242 5711111
242 2521311
242 3621111
242 6721301
242 3721301
242 2611301
242 6721301
242 1711111
242 6721201
242 6521301
242 3421111
242 6311301
242 3421101
242 6311101
242 7321001
242 3521211
241 6621301
242 6621101
242 6421101
242 6711301
242 6721311
242 6611111
242 3623201
241 6521101
242 2611301
242 6711911
242 3621301
242 6611101
242 6312101
242 6511101
242 6421201
242 3421201
242 5611201
242 6721311
242 3421211
242 2622301
242 6711111
241 6722101
242 7529011
242 5711101
242 6611111
242 2711301
242 6721111
242 6711911
241 2521101
242 6411311
242 3721101
242 6511301
242 6321101
242 6321101
242 7521001
242 6711111
242 6613911
242 6311901
242 1312301
242 5711101
242 3621111
242 6619101
242 6329101
242 6319101
242 6429101
242 2611101
242 6621311
242 1722201
242 1711101
242 6711111
242 6311201
242 5711111
242 6622201
242 6411101
242 3621311
242 6721111
242 6721111
242 6411301
242 1511101
242 6111301
242 6721111
242 6711311
242 6621301
242 5511101
242 6712901
241 5711111
242 3521111
242 6611111
242 1711311
242 2711201
242 2722301
242 2711911
242 5611111
242 7621001
242 6421201
242 6611111
242 6311101
242 6611001
242 3521101
242 6722101
242 6521211
242 6711301
242 3521111
242 6611201
241 5711101
242 6311911
242 3722111
242 6621301
242 5712301
242 6611211
242 6411101
241 3621101
242 6321201
242 6321101
242 3321201
242 5511101
242 7421011
242 6411201
242 6522101
242 3621301
242 1621311
242 6721311
242 6711311
242 6421201
242 6321101
242 3621311
242 6621201
242 6711301
241 6722311
242 6521311
242 6721901
242 6711311
242 1711301
242 6721211
242 3521201
242 3421211
242 6721101
242 3521101
242 6511001
242 6711111
242 1721101
242 6721101
242 6711111
242 3629201
242 6711101
242 5711111
242 6511111
242 6111301
242 6721911
242 5711111
242 6311101
241 7521001
242 1711101
242 5711111
242 2721301
242 3721201
242 1411111
242 6611301
242 2722901
241 6711301
242 1611301
242 6611111
242 2711101
241 6611301
242 6411101
242 6621101
242 6611201
242 5711111
242 6711301
242 6413301
242 6522201
242 7521001
242 6711201
242 6711301
242 3421101
242 3421111
242 2712301
242 6321101
242 1323101
242 6421111
242 6611101
242 6721901
242 7521001
242 3621211
242 6311101
242 4321101
242 6721111
242 4621101
242 6621301
242 6711311
242 5711101
242 2721301
242 6711301
242 5611101
242 6721311
242 6712901
242 6711901
242 3621901
242 3721201
242 3621201
242 6711311
242 6621911
242 6711911
242 3722911
242 5612101
242 1521901
241 2712201
241 5712201
241 6611111
242 6421101
242 6312101
242 2623301
242 3721201
242 6611111
242 1621101
242 2721311
242 6321101
242 1413101
242 6711201
242 1721301
242 2611301
242 3321101
242 7421011
242 1521201
242 7722001
242 1621101
242 6611101
242 3722101
242 3722101
242 6721111
242 6622301
242 3722101
242 1711301
242 6711101
242 7522001
242 6722301
242 1721301
242 6711311
242 6311101
242 2721301
242 2711201
242 2612301
242 4721201
242 2711311
242 6713201
242 6621101
242 6511211
242 5611111
242 6721111
242 2311901
242 6621101
242 6511311
242 6423111
242 6613211
242 6711201
242 6711301
242 6721301
242 3421111
242 3521201
242 3721111
242 3521101
242 6321101
242 6521301
242 6712101
242 2712201
242 6111301
242 6711111
242 6622201
242 6721311
242 6721311
242 6713301
242 6711301
242 6421911
242 6721101
242 3522101
242 3721101
242 1721101
242 6611211
242 3421101
242 6721311
242 7421001
242 5711211
242 6711311
242 6511301
242 6512201
242 7721001
242 6521301
242 5612111
242 6111311
242 6211101
242 2723211
242 5611101
242 6722101
242 6611201
242 6512201
242 3621211
242 6621211
242 5712304
242 5711211
242 3621111
242 2711301
242 3621111
242 2421301
242 6621101
242 1612301
242 7621011
242 3521101
242 7722001
242 2711311
242 2611101
242 6321201
242 3421201
242 6621001
242 7622001
242 2511301
242 4722201
242 5711101
242 4421101
242 5611111
242 6421301
242 6711211
242 1713311
242 2722201
242 3521111
242 5612301
242 6711301
242 6721101
242 3421101
242 3521311
242 1321201
242 5611101
242 6421101
242 2611201
242 6311101
242 6721201
242 6311101
242 7621011
242 5612101
242 6629901
242 6512301
242 6311101
242 6311201
242 6511211
242 3621211
242 2611301
242 4621111
242 6611311
242 6711111
242 2723301
242 3721111
242 6611211
242 6721311
242 6311101
242 6311301
242 3621101
242 7421001
242 6411101
242 6721301
242 6721111
242 6311101
242 6611311
242 6721211
242 6311201
242 2721301
242 3521311
242 5611101
242 6622301
242 6612101
242 6711901
242 3621211
242 6521111
242 6721311
242 3621101
242 6621101
242 6412101
242 6511311
242 6421111
242 3523201
242 6611301
242 1511201
242 6711311
242 2711901
242 6511101
242 6711311
242 5711111
242 6311301
242 6412101
242 6421101
242 1611201
242 6421301
242 1611201
242 6611101
242 6711101
242 2622301
242 3421301
242 6311301
242 6711911
242 6422101
242 6721311
242 6411101
242 6721111
242 5711301
242 5611111
242 6421101
242 3421101
242 3621111
242 7621011
242 3521201
242 6311201
242 6712104
242 6321101
242 3521101
242 6721001
242 6321101
242 3621301
242 5612101
242 6622301
242 6421201
242 6711111
242 5611101
242 1721111
242 1612301
242 2711301
242 2711211
242 6721911
242 3622301
242 1722101
242 2621101
242 6611111
242 6521101
242 6511301
242 2712101
242 6721301
242 6521201
242 3621111
242 3423101
242 6711311
242 6721111
242 3621201
242 3321101
242 3521101
242 6723201
242 5711101
242 5611101
242 3429301
242 2411901
242 3721901
242 6711201
242 3421201
242 6321301
242 6421101
242 2711101
242 6411301
242 6723311
242 1511311
241 5711311
242 6321201
242 2521301
242 6711911
242 6611101
242 2711311
242 6711311
242 6329101
242 6521101
242 6411101
242 3521211
242 6321101
242 6411101
242 7521001
242 6221201
242 6621201
242 5711101
242 2711211
242 7621011
242 6711111
242 6621111
242 3421101
242 6521101
242 5711101
242 6619111
242 6621111
242 1511201
242 3521101
242 5611111
242 6721301
242 6111301
242 6511211
242 6621211
242 6621101
242 6721111
242 6711301
242 2711301
242 6721101
242 3721111
242 6721901
242 2611301
242 6711111
242 6721101
242 6711311
242 6723301
242 2612201
242 5611101
242 3421201
242 6711301
242 6329101
242 6629304
242 3422301
242 6411301
242 6711311
242 6711001
242 1711201
242 1321101
242 6511101
242 6711111
242 3623101
242 7622001
242 3421201
242 6621201
242 6721101
242 3621111
242 6721911
242 1621101
242 2721301
242 3521101
242 1622201
242 3521101
242 6511301
242 3721101
242 6721201
242 6311101
242 6711101
242 6711111
242 1523201
242 1411301
242 3521101
242 1311101
242 6311101
242 3621301
242 6511901
242 5612301
242 3321201
242 3521101
242 3421301
242 5711111
242 6312301
242 6511101
242 6511201
242 6611901
242 5711101
242 6411101
242 2521201
242 3621101
242 6411101
242 6321101
242 6721101
242 6421101
242 6411101
242 6611201
242 6711301
242 1711311
242 1729211
242 1711101
242 6711311
242 6711111
242 6521301
242 6511101
242 6721301
242 3421211
242 6311111
242 6611111
242 6522101
242 6621301
242 6612101
242 6721311
242 4521111
242 5711111
242 5612201
242 6721201
242 2621301
242 3721211
242 6421301
242 1511201
242 6423101
242 6722101
241 3521101
242 3421101
242 6311311
242 6621301
242 6712001
242 6722101
242 7421011
242 6612101
242 4621111
242 6421101
242 3521101
242 3321201
242 6721311
242 5711211
242 5611311
242 6711111
242 2611301
242 3521101
242 3621201
242 5711211
242 5611101
242 6211101
242 6711311
242 5711201
242 6621301
242 6312101
242 3721101
242 6721201
242 6611111
242 6611211
242 6311101
242 3521101
242 6721311
242 6411101
242 6721201
242 6621111
242 2721301
242 6521101
242 5711101
242 6711211
242 6611211
242 6521311
242 5711101
242 5711211
242 6221201
242 3721201
242 6712301
242 2721101
242 7621001
242 1611211
242 6711111
242 6522101
242 6511101
242 6711001
242 6612201
242 6711301
242 3721101
242 3721101
242 6611301
242 3721101
242 6311211
242 3721101
242 6612101
242 6311101
242 6622101
242 6712101
242 6721911
242 6711211
242 3621301
242 6521211
242 6621101
242 6721901
242 5712101
242 6721311
242 6321101
242 6711911
242 5711901
242 6721101
242 6511301
242 6711301
242 6711211
242 6721911
242 6611301
242 6611101
242 6711101
242 4521111
242 1621311
242 5612101
242 6721211
242 6511301
242 6311101
242 6321211
242 6511101
242 6621311
242 6711101
242 3321101
242 7421011
242 6511201
242 3722101
242 6321301
242 6612201
242 6511211
242 6611101
242 3421101
242 3621101
242 6621311
242 3421101
242 6511301
242 2712201
242 6321201
242 4521101
242 3722101
242 2611201
242 6321101
242 6421101
242 1321101
242 1629101
242 6611211
242 2611301
242 1311201
242 6611001
242 6721211
242 6721201
242 6721201
242 3721111
242 6611301
242 5711111
242 3723301
242 1622101
242 2721311
242 2711101
242 3621211
242 6712101
242 6721011
242 6721311
242 5511101
242 6311101
242 7621001
242 6321101
242 7521001
242 3521201
242 1722201
242 6721201
242 1311101
242 1511101
242 2721311
242 1711101
242 6611111
242 5711111
242 6711111
242 5511101
242 6511111
242 6423101
242 1521201
242 6511201
242 1611301
242 5711311
242 6511201
242 6711201
242 3521301
242 6612301
242 3621101
242 3421201
242 6429101
242 5611101
242 6621101
242 6512301
242 3721301
242 2711101
242 2711101
242 1511201
242 6711111
242 6421111
242 3521211
242 2611311
242 6311101
242 6422101
242 1421101
242 1411101
242 6721101
242 5711111
242 2721311
242 1711101
242 2711201
242 6721201
242 6712201
242 6721901
242 1721311
242 6721901
242 2721301
242 6312301
242 2711201
242 6511311
242 6421101
242 3521101
242 6711111
242 1422101
242 6711111
242 6711311
242 7423001
242 7423001
242 6511101
242 6611301
242 2712101
242 6711011
242 4521201
242 6512301
242 6712301
242 1723101
242 6711111
242 2729311
242 5712101
242 3622101
242 6321101
242 5711101
242 6711101
242 3321201
242 6311101
242 6711211
242 1711901
242 5612101
242 5711211
242 6321101
242 6613101
242 6611111
242 6411211
242 6411111
242 3521101
242 6711201
242 5612101
242 3421111
242 1511901
242 6611911
242 6722201
242 5711301
242 6721311
242 7721011
242 3521301
242 6511101
242 7521001
242 6411101
242 3521101
242 6511111
242 6311201
242 5711201
242 1521301
242 6422101
242 6721311
242 6711301
242 6721111
242 6511211
242 6721901
242 6621101
242 3521101
242 2721201
242 3422201
242 7621001
242 3421101
242 6311101
242 1511301
242 6611301
242 3721101
242 6311301
242 3521101
242 3521101
242 3521201
242 6622201
242 5612101
242 2722301
242 6423301
242 6721301
242 1521201
242 6611201
242 3421101
242 7623001
242 6722101
242 6721311
242 2611301
242 2711311
242 7421001
242 6711111
242 6611311
242 3521211
242 6611011
242 3622101
242 5611101
242 2611301
242 6311101
242 6311211
242 6511201
242 6611111
242 3621211
242 7721011
242 6611101
242 6721101
242 3621101
242 5711211
242 6411101
242 2611301
242 6411201
242 6611901
242 6412101
242 3721911
242 6521101
242 5711111
242 7721001
242 6511901
242 6311201
242 6711301
241 6412901
242 6611111
242 2721301
242 6721901
242 5611101
242 5619101
242 6721911
242 2712301
242 6721911
242 6721901
242 6611911
242 6712901
242 6721901
242 2712901
242 5711911
242 5711901