261 2722201
261 2722201
261 2522301
261 6722301
261 3622201
261 3422101
261 6722301
261 3622901
261 3722201
261 6722101
261 6722101
261 6712301
261 6612201
261 2522101
261 6312101
261 3422301
261 3722201
261 6512201
261 5712101
261 3622101
261 2612301
261 6722101
261 6712301
261 2712301
261 3622201
261 6522201
261 6222101
261 6722201
261 3422101
261 3722201
261 1522301
261 5712301
261 3722101
261 5712101
261 6612101
261 3722101
261 6722101
261 6722301
261 6312101
261 3722201
261 2722301
261 6622901
261 6722101
261 2712201
261 6522301
261 6522301
261 5712101
261 6712101
261 3322201
261 5612101
261 6322101
261 1712101
261 6712301
261 2612301
261 5512101
261 5712101
261 5712101
261 6222301
261 3722101
261 5712101
261 2722301
261 5612101
261 6612101
261 2522301
261 6712901
261 3722101
261 3422201
261 3622101
261 3722201
261 6512301
261 1612101
261 6612101
261 6212101
261 5612101
261 3722101
261 6712101
261 6712901
261 1722101
261 1522201
261 1612301
261 6722101
261 6712301
261 5712101
261 2712301
261 5612101
261 3522101
261 4622201
261 3722201
261 5712101
261 5612101
261 5612201
261 5612101
261 1712101
261 6712201
261 6722101
261 5712101
261 6712901
261 5712101
261 6622101
261 6712201
261 2412101
261 3522201
261 1712201
261 5712101
261 4522201
261 5712301
261 2622301
261 1712301
261 6612101
261 3522101
261 2522201
261 2612201
261 5612101
261 6612101
261 6722301
261 4522201
261 7522001
261 6622201
261 6612301
261 2712201
261 3422101
261 1722901
261 1512301
261 6522201
261 5712101
261 5712301
261 3722101
261 6612201
261 5512101
261 5712101
261 3622101
261 6722301
261 1722101
261 1712201
261 2722301
261 2712301
261 6712301
261 6312301
261 2722301
261 2422201
261 6412301
261 6712111
261 3529101
261 4422201
261 6712301
261 2712301
261 2512301
261 2712301
261 5712101
261 7522001
261 3522101
261 1722301
261 5712101
261 2712301
261 6722301
261 3722101
261 7722001
261 3622301
261 2612301
261 2522301
261 1612211
261 6311301
261 3622201
261 2522301
261 1612101
261 5612101
261 5712101
261 6512101
261 1722301
261 6722301
261 2612301
261 5712101
261 3522201
261 1412201
261 2722201
261 1722901
261 1712901
261 2712901
261 6722901
261 1712901
261 2712301
261 6622201
261 6722901
261 2512301
261 2612301
261 6712201
261 5612101
261 6612901
261 2622301
261 6712301
261 3722101
261 2722101
261 6622301
261 2722201
261 6512101
261 2722101
261 3622101
261 6422301
261 5612111
261 5612101
261 6722301
261 1722101
261 3722101
261 1722301
261 5712101
261 6722901
261 1722201
261 6422101
261 6712201
261 4422101
261 6422301
261 5713101
261 3622201
261 2612301
261 6612101
261 6522201
261 6722101
261 6722301
261 6512201
261 3722201
261 2512301
261 5712101
261 6622101
261 5712101
261 6622301
261 6512101
261 3322201
261 1722301
261 5712101
261 5712201
261 6612101
261 3322201
261 1722101
261 6722001
261 2722101
261 6622301
261 1712201
261 2622201
261 3522201
261 6711201
261 2722301
261 5612101
261 3522201
261 1722301
261 1422101
261 6712001
261 6712101
261 5612101
261 6612301
261 6612301
261 5712101
261 7422001
261 6322301
261 6512201
261 3422101
261 6712201
261 5712101
261 3522201
261 6722101
261 6312101
261 6712901
261 6522201
261 5512101
261 2712101
261 5712101
261 5712101
261 6722101
261 5612301
261 6522901
261 6612301
261 6712301
261 6722201
261 5612101
261 2712301
261 6722901
261 6522201
261 2612301
261 2722301
261 1721301
261 6512001
261 6712301
261 6722001
261 2512101
261 5712101
261 6612201
261 4722201
261 7422001
261 5712101
261 3622101
261 3622101
261 3722101
261 3622901
261 3622201
261 3722101
261 1722201
261 6712301
261 6612201
261 3622101
261 2712201
261 5512101
261 5612101
261 6422301
261 2712101
261 6712101
261 6412301
261 2612301
261 6512301
261 6522101
261 2612201
261 3522101
261 4421211
261 2612301
261 6622101
261 7622001
261 6722301
261 6722201
261 3722101
261 2612901
261 3422201
261 6612301
261 6612201
261 2622301
261 2522301
261 3722201
261 7722001
261 6712301
261 2522301
261 3522201
261 5712101
261 6612901
261 2512301
261 1712201
261 3722101
261 6612301
261 6722301
261 6512301
261 2622301
261 6612101
261 6712901
261 1522101
261 5712201
261 2612301
261 6722301
261 6412101
261 7522001
261 3422101
261 6712201
261 6522301
261 2722301
261 5712101
261 5512101
261 6712301
261 6522201
261 3522201
261 6512301
261 6521901
261 6622301
261 2722301
261 2612301
261 1612901
261 5712901
261 6722901
261 6612901
261 6412901
261 6512901
261 2722901
261 2612201
261 6722301
261 5512101
261 2622201
261 6712301
261 2612301
261 6622101
261 3722101
261 2722101
261 6712301
261 6512201
261 2712301
261 1522301
261 1612201
261 6712201
261 6612201
261 5612101
261 7422001
261 5712101
261 5712101
261 5712101
261 6612301
261 5612101
261 6722101
261 6722101
261 3722101
261 6722101
261 1612101
261 2522101
261 6522301
261 4522101
261 6722301
261 6722301
261 1522201
261 5712101
261 1622301
261 6512301
261 6622301
261 6722201
261 5712101
261 5612101
261 6612301
261 5712101
261 2522201
261 3622101
261 2712301
261 6722301
261 3622101
261 2712301
261 2712101
261 5712101
261 3722201
261 6612201
261 5612201
261 5512101
261 6712301
261 1322201
261 7722001
261 6712301
261 6522101
261 3522101
261 5712101
261 6722301
261 5512101
261 2722101
261 6722901
261 6712301
261 6612901
261 6712301
261 2522301
261 2722901
262 3722201
262 5512101
262 7522001
262 6712101
262 3622101
262 7522001
262 2722301
261 6612301
261 5512201
262 5712301
262 1522101
262 6712101
261 6722301
262 6612301
262 6612901
262 6512901
262 4722201
262 1712301
262 5712101
262 2622301
262 3422201
262 6212101
262 3622101
261 3522201
262 3722101
262 2723301
262 6712101
262 6522901
262 6712301
262 5612101
262 6722101
262 1512101
261 6622901
262 5512101
261 6712101
261 6712901
261 1722201
262 2622301
262 6722101
262 6612301
262 6722301
262 5712101
262 1722101
262 6722301
261 3722201
262 2712301
262 1512301
262 1512101
262 5612101
262 6512301
262 2722301
262 1722101
261 6712201
262 6512301
262 6522101
262 3622101
262 6612101
262 6722101
262 3522101
262 3322201
261 2722201
262 1712101
262 2512201
262 6712201
261 3722201
262 1722101
262 6712301
261 6512201
262 2712201
262 3622101
262 5712101
262 7722001
262 2622301
262 6622101
262 2712301
262 3722201
262 3722101
262 6612101
262 6712101
261 2722901
261 6712901
262 1612901
262 6622101
262 3622101
262 6512301
261 6722901
262 6612201
262 5712101
262 5712301
262 2612301
262 6722301
262 5712101
262 2712301
262 5712101
262 6412101
262 2722301
262 5612101
262 2712101
262 6412101
262 5612101
262 6722301
262 6712301
262 5612101
262 5712101
262 2712301
262 2512301
262 1522301
262 7522001
262 7722001
262 3722101
262 4622201
262 2612201
262 1712201
262 2512201
262 6622301
262 1512101
262 2622101
262 7622001
262 5712201
262 3722301
262 7722001
262 5712101
262 6322101
262 2622101
262 6522301
262 6612201
262 2722301
262 2712301
262 1622301
262 3722111
262 2512201
262 6522901
262 6522301
262 2712101
262 5612101
262 1522101
262 4622101
262 6612301
262 1722201
262 1512201
262 5512201
262 6422101
262 2712301
262 3722301
262 7722001
261 3722101
262 6512101
262 6712301
262 2712301
262 6522301
262 2612301
262 1722301
261 6712901
262 6722301
262 4622301
262 6312301
262 6729101
262 6619101
262 3422201
262 6312301
262 5712901
262 3722901
261 2612901
262 2522301
262 6722301
262 6722301
262 2512301
262 3522101
262 6712301
262 2722301
262 5612101
262 5712101
262 2712301
262 1722101
262 3622201
262 7722001
262 3722101
262 3422201
262 1712301
262 6712301
262 1722101
262 2512301
262 6412201
262 6612101
262 6612301
262 6412201
262 2512301
262 6612201
262 6622201
262 2712301
262 5612101
262 6522201
262 6722101
262 5712101
262 2712301
262 6722301
262 7522001
262 6522101
262 3622201
262 6712301
262 2622101
262 3421301
262 2512301
262 1622201
262 6712301
262 5512201
262 3522101
262 5712201
262 1722201
262 2622201
262 2722301
262 2422301
262 2612301
262 6722301
262 2712301
262 6712101
262 6711101
261 4522101
262 7622001
262 6722201
262 7722001
262 6722301
262 6212301
262 7522001
262 1622101
262 5712101
262 5712201
262 6711311
262 3722301
262 3622201
262 6722201
262 6422101
262 6712101
262 2712201
262 5512101
262 5612101
262 3522201
262 3621101
262 6622301
262 6722201
262 7722001
262 3622101
262 6612301
262 6722101
262 3622101
262 6522301
262 6612101
262 6612101
262 6422301
262 2712901
262 7622001
262 3622101
262 5712101
262 3422101
262 6522301
262 5612101
262 6422301
262 6722201
262 6722201
262 1722204
262 2521301
262 3722201
262 7522001
262 3522101
262 6712901
262 6522304
262 6512101
262 6712201
262 1721101
262 6522301
262 3622101
262 6522201
262 6622101
262 1412201
262 1412101
262 6722301
262 2522301
262 2722301
262 2712201
262 6512101
262 3422101
262 6712101
262 6722301
262 3522101
262 2712301
262 6712301
262 2622201
262 2722301
262 6522901
262 6622101
262 6512301
262 6612201
262 3722101
262 6712301
262 6712301
262 6612101
262 1512201
262 3522201
262 5612101
262 6612304
262 3622201
262 6712101
262 7722001
262 6712301
262 6612104
262 1722101
262 2712301
262 5612101
262 6722301
262 2622301
262 2712301
262 6722101
262 2712301
262 6722301
262 6311311
262 6622101
262 3622101
262 6322101
262 6722301
262 6622101
262 2612301
262 5612101
262 5612101
262 5712901
262 6522201
262 6612301
262 6712301
262 3722201
262 2712301
262 2712101
262 2712301
262 6722301
262 3522101
262 2612301
262 6712201
262 6722901
262 6512101
262 3622201
262 6712901
262 6722301
262 1622201
262 3522101
262 3522101
262 6612101
262 5512101
262 6712101
262 3621211
262 6612101
262 3522201
262 6722201
262 3322101
262 3722201
262 7722001
262 2622201
262 3722201
262 6722101
262 5512101
262 2722301
262 5712101
262 2612201
262 2612311
262 6612901
262 7722001
262 2622301
262 3722201
262 6622901
262 1612101
262 6622101
262 6622101
262 3722101
262 6522001
262 1522201
262 6512301
262 6512301
262 2722101
262 6622301
262 7722001
262 7522001
262 3622201
262 1512201
262 1622101
262 5712301
262 3522201
262 6612201
262 1712901
262 2712301
262 3522201
262 6722201
262 2722301
262 5612101
262 6612101
262 3522101
262 6722301
262 2712301
262 6422101
262 6612201
262 1722101
262 3522101
262 6622301
262 6312101
262 4422104
262 1712901
262 5612101
262 2612201
262 6612901
262 3429101
262 6722301
262 2512101
262 3722101
262 5712901
262 1712301
262 3622101
262 5712104
262 5612111
262 6622201
262 1722301
262 1512301
262 2722901
262 6722901
262 6722901
262 6712901
262 1722901
262 7722001
262 7722001
262 4622101
262 2622301
262 2712301
262 3722101
262 2712301
262 3722101
262 5612101
262 6512301
262 6712901
262 6712101
262 1722101
262 5712301
262 2712201
262 3722301
262 3722101
262 6712301
262 3622201
262 6622901
262 5712101
262 5612201
262 5711111
262 3722101
262 3622101
262 6622101
262 2722101
262 2712301
262 6522301
262 6612301
261 6612901
262 6622301
262 5512101
262 6612101
262 6412301
262 6622201
262 6722201
262 3522201
262 5511201
262 6522901
262 3722101
262 1722201
262 2712301
262 2722101
262 6612101
262 6612901
262 5712901