271 1712201
271 2722201
271 1722201
271 5712101
271 2712301
271 2612201
271 6722001
271 5712201
271 2622201
271 1722201
271 6412901
271 1711201
271 5612201
271 6622201
271 3522101
271 6722301
271 6512211
271 1512211
271 1512111
271 1712201
271 1511111
271 2512301
271 3422101
271 1712301
271 2422301
271 7722001
271 6722901
271 2712101
271 2721301
271 6412001
271 1622301
271 2612301
271 1312101
271 5612101
271 2712301
271 1722101
271 5712301
271 4422101
271 7722001
271 6622301
271 6622101
271 4722201
271 6522901
271 2722201
271 3722101
271 1722101
271 7522001
271 6722101
271 5712101
271 6612301
271 2722101
271 6712301
271 6422301
271 4522101
271 6712901
271 5612101
271 3722101
271 5712101
271 1722201
271 6712301
271 1712201
271 3422201
271 2612301
271 6512301
271 6612201
271 7622001
271 6622101
271 6722901
271 6722101
271 6512901
271 3721101
271 1712101
271 2712301
271 7622001
271 6522301
271 3629201
271 5612101
271 6512101
271 6512301
271 1512101
271 1712301
271 6612301
271 6722201
271 3622201
271 1712301
271 2712201
271 6722101
271 6712301
271 1722101
271 6212101
271 6322101
271 1722901
271 2512101
271 5512101
271 6612311
271 6312901
271 1722101
271 1722201
271 5712101
271 6722101
271 3522101
271 3522101
271 6721111
271 6622301
271 6511201
271 6512101
271 6522201
271 3622201
271 6612101
271 1711311
271 6712301
271 5712101
271 5712101
271 6712901
271 5712101
271 3521111
271 6512101
271 5612101
271 5712101
271 6722301
271 6622201
271 6622301
271 3722101
271 5712101
271 5612101
271 2711301
271 6722201
271 6522201
271 6612301
271 6612301
271 6512301
271 1722101
271 6422201
271 1522201
271 1512201
271 1712901
271 4422301
271 6712901
271 5712201
271 3422101
271 4422101
271 2722301
271 2722301
271 2722901
271 6712101
271 5712101
271 6712301
271 6712301
271 5712201
271 4422101
271 6722901
271 2722101
271 6512101
271 2512301
271 6722101
271 2712301
271 6722101
271 3622101
271 6722901
271 6722301
271 2612301
271 6512101
271 1612301
271 6612101
271 3622201
271 6522301
271 6512201
271 6722301
271 6522301
271 2612201
271 6622201
271 6612301
271 6522201
271 6512301
271 5712901
271 7722001
271 7622001
271 5712901
271 6612301
271 6712901
271 6722901
271 2512901
271 1721101
271 3522101
271 4522901
271 3622901
271 5712101
271 6612101
271 5612101
271 5712301
271 5412101
271 6712101
271 6622101
271 6712901
271 3722101
271 6712301
271 6512901
271 6722101
271 6622201
271 6412901
271 5612101
271 6711301
271 3422201
271 5712101
271 6522001
271 6722201
271 7722001
271 6712301
271 6522201
271 2712301
271 2712301
271 6722101
271 5612101
271 6722101
271 5712101
271 5712101
271 2622301
271 6512301
271 6622301
271 5612101
271 6422101
271 6712301
271 6722301
271 1712201
271 2612301
271 5612101
271 1722201
271 1512201
271 3722201
271 6622301
271 6421101
271 3522301
271 6722201
271 6622201
271 6622301
271 1622301
271 6522201
271 4322201
271 6712301
271 1612301
271 6522101
271 1712101
271 1522201
271 6412101
271 6612201
271 5512201
271 6712301
271 3622901
271 5612301
271 6722001
271 2722301
271 2722101
271 5712301
271 3422101
271 6712301
271 6522301
271 2712201
271 6522301
271 5712101
271 1622301
271 5612101
271 6722001
271 3722101
271 1612101
271 5511111
271 3722201
271 1522301
271 5712101
271 6712101
271 2522301
271 6522101
271 3722101
271 6712301
271 6722901
271 6712201
271 2622301
271 6722101
271 5612101
271 5612101
271 6712101
271 3522101
271 2622301
271 6722101
271 6212301
271 6722301
271 5512101
271 6712201
271 1612901
271 4522301
271 1522301
271 6622301
271 6612301
271 1622101
271 6722901
271 6722901
271 6722901
271 6722901
271 3422901
271 2712301
271 6312901
271 5612101
271 6512101
271 1622301
271 6322101
271 2722201
271 1512301
271 6622901
271 6621101
271 3522201
271 6622101
271 6412301
271 6622101
271 6622101
271 6522101
271 3422201
271 2622301
271 5512101
271 1722101
271 5512101
271 6622301
271 2512301
271 3622101
271 3622201
271 6722901
271 3422101
271 3521101
271 1622201
271 6712301
271 6522901
271 6612201
271 3722201
271 2612301
271 3522101
271 2622101
271 3522101
271 1722101
271 3622201
271 5512101
271 5712201
271 1722101
271 5712101
271 3722201
271 6712901
271 6712201
271 6712201
271 3522101
271 2722301
271 1523901
271 2722301
271 2722301
271 6712301
271 6522101
271 6712101
271 2712101
271 1712301
271 6512101
271 6512101
271 3722301
271 1612301
271 5712101
271 2712301
271 4622301
271 6722301
271 1711111
271 1511111
271 2612301
271 2712301
271 6722101
271 1512201
271 2712901
271 6522901
271 2712901
271 6519101
271 6122201
271 5712101
271 7622001
271 3722101
271 2712201
271 2712301
271 5511301
271 4622901
271 6622901
271 2712101
271 3522201
271 3722101
271 1612101
271 6422201
271 4522201
271 1612301
271 6712201
271 1712101
271 6522101
271 3622101
271 6712901
271 5712101
271 1612301
271 6712301
271 6412101
271 5712201
271 7522001
271 6519101
271 1722301
271 6122901
271 5712101
271 6312301
271 6522901
271 1522201
271 2722301
271 3722101
271 6712101
271 6422101
271 2612301
271 5612101
271 6312301
271 5612101
271 1612301
271 3522301
271 5712101
271 1712201
271 1512101
271 6622301
271 6712301
271 3722101
271 6612101
271 5512101
271 1512201
271 6412101
271 1722301
271 6722101
271 3722201
271 6612901
271 2522201
271 6712301
271 6622101
271 1322201
271 6622301
271 6712901
271 5612101
271 6622301
271 3722201
271 2721901
271 2712901
271 6722901
271 5712901
271 5712101
272 1712301
272 6512301
272 2712301
271 6622101
271 1712201
272 6522201
272 7522001
272 6712101
272 5712101
272 2712301
271 6522101
272 2612201
272 3522101
272 3722101
272 5612201
272 6722901
272 6522101
272 5712101
271 5712101
272 3522201
271 6511201
271 6612301
272 5619101
272 1612201
272 6712301
272 1512101
272 2712101
272 4722201
271 2722301
271 2722301
272 2612301
272 2523301
272 6522301
272 6712101
272 6421101
272 2522301
272 5712301
272 2312301
272 1421211
272 6722201
272 7622001
272 1522201
271 6722901
271 6522901
272 1622101
271 6612301
272 2522301
272 6522301
272 5512101
272 6112101
272 2722301
272 6612201
271 6712901
271 6612301
272 6522901
271 1712301
272 1729901
272 3722101
272 1512301
272 3722201
272 6722101
272 4722101
272 6612101
272 1722201
272 1722101
271 5712101
272 1521211
272 2712301
272 6522101
271 5712101
272 6712201
272 3721901
272 2612301
271 6722301
272 6712101
271 6712901
272 1722101
272 1722101
272 1722101
272 1712901
272 3522201
272 6722101
272 7722001
271 2712901
271 2712901
271 6722901
272 7722001
272 3622101
272 6722901
272 6522901
272 6612101
272 3722101
272 3722301
272 6712901
272 1712201
272 6422101
272 5612101
272 5612101
272 4522201
272 6712901
272 6712301
272 6722301
272 1612101
272 2712301
272 6421101
272 6722301
272 2611301
272 3522301
272 6522101
272 3522301
272 5712101
272 1622101
272 1712101
272 1712101
272 2622101
272 2522201
272 6512301
272 6412901
272 6322201
272 2622201
272 2612201
272 3722901
272 5512101
272 2622201
272 5512201
272 3722101
272 5711101
272 5612101
272 3722101
272 5512101
272 3622301
272 3722101
272 2711211
272 6622301
272 6522101
271 5712301
272 2722301
272 5612301
272 6712301
272 7722001
272 7622001
272 1722201
272 2612301
272 6612311
272 6622101
272 6522101
272 6612201
272 6112201
272 2612301
272 1322301
272 6611211
272 1512301
271 6722201
272 5612101
272 6712301
272 3622201
272 1722101
272 3621101
272 7522001
272 3422101
272 3522201
272 2722301
272 5712101
272 2722301
272 3622101
272 6522201
272 6312301
272 2622301
272 6612901
272 6612001
272 6612301
272 6722301
272 2612901
272 2712301
272 3622201
272 6512301
272 2612301
272 6722901
272 3622101
272 1512101
272 2622201
272 6511101
272 5612101
272 1711201
272 1722101
272 6722201
272 6712101
272 6512301
272 3522201
272 2622301
272 6612101
272 6312201
272 6622101
272 4522101
272 1722301
272 6622201
272 1622201
272 7422001
272 6622301
272 6522201
272 5712101
272 6712101
272 2612301
272 6622201
272 3722101
272 1612201
272 5612101
272 1522101
272 6422201
272 5612901
272 5512101
272 6622901
272 5611901
272 7722001
272 6512301
272 5712101
272 2712301
272 1712901
272 5712301
272 4422201
272 6512101
272 5712101
272 3622901
272 6521301
272 6711011
272 3722101
272 3522101
272 6622301
272 6722201
272 6412301
272 6422101
272 4722201
272 6712101
272 5712101
272 1712201
272 2712201
272 6612301
272 5712101
272 6712301
272 5712101
272 2712301
272 6612201
272 3622201
272 5612201
272 5511311
272 6712301
272 3721301
271 6722901
272 6722301
272 6712301
272 6622301
272 5612101
272 5712301
272 2722101
272 6712301
272 5712101
272 5612101
272 2712201
272 6722901
272 1622301
272 6722101
272 6712301
272 6522201
272 6622101
272 6722201
272 2622201
272 6512201
272 6722201
272 3522201
272 3722201
272 7722001
272 6722101
272 6712901
272 6612301
272 6621111
272 6623301
272 3622101
272 2722201
272 6711301
272 2712201
272 6712301
272 6712301
272 6522201
272 6722901
272 1712201
272 1712101
272 5612101
272 2712301
272 1612201
272 1612101
272 2622301
272 6721301
272 5612101
272 6522301
272 7722001
272 3722101
272 5612101
272 6712301
272 6422201
272 3422101
272 2522301
272 6712901
272 5712101
272 6722301
272 6522301
272 7722001
272 6522301
272 6722101
272 6522101
272 3622101
272 6722101
272 5612101
272 2711301
272 2712301
272 6422301
272 1612101
272 6422101
272 6712201
272 6513101
271 5719101
272 2722301
272 5612101
272 6712301
272 5712301
272 5512101
272 6622101
272 2712101
272 6522311
272 6612901
272 1722201
272 4422201
272 6612101
272 6722901
272 6722101
272 6522101
272 7422001
272 3522301
272 6622301
272 2622201
272 6622301
272 6312301
272 6712301
272 3722301
272 6612101
272 2722301
272 5612101
272 6722201
272 6622101
272 3722301
272 2622301
272 2612301
272 6512101
272 6512301
272 1612101
272 6722301
272 5612101
272 2722301
272 6522101
272 6612301
272 2612301
272 6522301
272 6522101
272 6612101
272 6612901
272 5712901
272 2622301
272 2712301
272 7622001
272 3722101
272 1612201
272 3622101
272 2712301
272 6722301
272 3622101
272 4622101
272 6722301
272 1612101
272 6622101
272 1622201
272 3622201
272 3722301
272 1722201
272 6722101
272 6712201
272 6712301
272 3622201
272 3729101
272 3722101
272 5712101
272 6712301
272 6612101
272 1612201
272 6422301
272 1622901
272 6512101
272 6322101
272 5711101
272 2722301
272 1522301
272 2722301
272 6722301
272 5712101
272 1612201
272 2712301
272 6712301
272 2722301
272 6712301
272 6722301
272 2722301
272 6622201
272 1712301
272 6522101
272 6522301
272 2612201
272 6712101
272 6722901
272 1612101
272 6712301
272 6412301
272 6612201
272 3722101
272 2622301
272 6512301
272 3621301
272 1722901
272 1712301
272 6622201
272 2612901
272 6722901
272 1722301
272 6722301
272 2722901
272 5712901
272 3722901
272 1612901
272 3522201
272 2612301
272 1622301
272 3722201
272 5712301
272 6422301
272 6722901
272 6722301
272 1712201
272 4522101
272 6522101
272 6612101
272 1522301
272 5612101
272 5612101
272 6722201
272 5512101
272 6712301
272 5612201
272 3622101
272 3622201
272 6621301
272 2622301
272 2722301
272 6722101
272 6612101
272 6612201
272 6521101
272 3722101
272 6622201
272 3722101
272 5612101
272 5512101
272 6712201
272 2522201
272 6512101
272 6712301
272 5612101
272 6712301
272 6512201
272 1612201
272 3622101
272 6722201
272 6712301
272 6622301
272 6712301
272 6522301