281 3521301
281 3523101
281 3721111
281 2722301
281 5712101
281 1622201
281 1622301
281 5712101
281 5712101
281 6711101
281 2711201
281 3521101
281 6612104
281 2712101
281 7722001
281 2612301
281 1611201
281 6512101
281 6322201
281 3622101
281 6612301
281 5712101
281 6622104
281 6611101
281 3421101
281 2612101
281 6711301
281 1722201
281 6521311
281 1521101
281 5712101
281 6412301
281 6612101
281 6422201
281 1712201
281 1712301
281 6611301
281 1711101
281 6723201
281 6411901
281 6512301
281 6511911
281 6411101
281 2321301
281 3321101
281 1711101
281 1722301
281 6712201
281 1721211
281 6429101
281 6711201
281 6411101
281 5712104
281 6511101
281 3522201
281 6722101
281 6711101
281 6721101
281 6522301
281 1712301
281 1722201
281 5712101
281 5712301
281 3723101
281 6522101
281 3323101
281 6612101
281 3522101
281 6622301
281 2613301
281 6311311
281 1612301
281 6711301
281 2711301
281 2522301
281 2612201
281 3721101
281 6721311
281 2512301
281 2412301
281 6511101
281 6611304
281 1712301
281 1712101
281 6512301
281 1723201
281 6611201
281 6411111
281 1522101
281 6411201
281 1722201
281 6722101
281 2711211
281 3522301
281 5712101
281 6521101
281 1712301
281 6512901
281 5611101
281 6711901
281 3721111
281 6321101
281 3621101
281 6721301
281 6311201
281 6329201
281 6421211
281 2622101
281 2512301
281 6621901
281 6511211
281 6612301
281 6419101
281 1712301
281 5612104
281 5712101
281 1521111
281 3622201
281 3722201
281 3722201
281 5712101
281 5712101
281 6712301
281 6321101
281 6711101
281 6722101
281 6511101
281 3722204
281 6622001
281 6722301
281 6321101
281 2712901
281 6321201
281 6612201
281 6712901
281 6722901
281 5612104
281 6623101
281 6623201
281 5611101
281 6722901
281 6519201
281 5512201
281 6622301
281 6322101
281 6511301
281 6311201
281 6423201
281 6612301
281 1712201
281 1612101
281 2522201
281 6522301
281 2622301
281 1512301
281 6411101
281 3322211
281 1722301
281 6722901
281 7622001
281 3722201
281 6321101
281 4721201
281 6521201
281 6711101
281 6721301
281 3722301
281 6522104
281 2611201
281 6611101
281 6721201
281 1721211
281 2522201
281 6522101
281 1721111
281 2712301
281 6712201
281 6523301
281 1621204
281 7721001
281 6623101
281 5711201
281 1611201
281 6621101
281 1721201
281 6522101
281 2512301
281 2522301
281 1611111
281 2712301
281 1622101
281 5712101
281 7521001
281 1712101
281 5711201
281 6411101
281 6621101
281 6321111
281 6722901
281 5611101
281 3622101
281 7622001
281 5711101
281 2711101
281 7521001
281 1622201
281 6521101
281 2712301
281 2721301
281 6612001
281 1622201
281 2712901
281 6512201
281 5611111
281 2612201
281 6312201
281 6722201
281 6712301
281 1722301
281 6512301
281 5711111
281 1522204
281 1711101
281 2611101
281 7723001
281 3621101
281 1522201
281 3621101
281 3621101
281 4621211
281 6722301
281 6611101
281 1611101
281 6511201
281 6512101
281 6722904
281 5712104
281 3521101
281 6522201
281 3623201
281 6512101
281 6722201
281 1721101
281 6721101
281 6723301
281 6712101
281 6721311
281 3522201
281 6623101
281 3621101
281 6522301
281 6722101
281 6612201
281 6612201
281 6611301
281 6611101
281 6512901
281 1621901
281 2712301
281 5719311
281 5712101
281 7423001
281 6621101
281 5712301
281 2611301
281 6711301
281 6512901
281 6621201
281 5711101
281 3721101
281 3721201
281 5512101
281 1722901
281 6421111
281 1712201
281 4522104
281 6622901
281 1711101
281 2711201
281 3522101
281 1621201
281 2521301
281 6711301
281 6521201
281 6621301
281 5612301
281 2712301
281 2422301
281 6311101
281 6722101
281 6722301
281 2512301
281 6712101
281 6712301
281 6313201
281 2712101
281 3722301
281 6612101
281 6521101
281 6321901
281 6711101
281 6721301
281 1611101
281 1422101
281 3622101
281 6712101
281 3421201
281 3622101
281 5512201
281 3522101
281 2712301
281 2712301
281 6512201
281 1621201
281 1412201
281 2722301
281 6722301
281 6311101
281 6711301
281 6321201
281 2512304
281 6512301
281 5712101
281 3722301
281 4622101
281 6722901
281 2722301
281 6622904
281 3522101
281 6721301
281 2712201
281 3321111
281 2612301
281 5512101
281 6712201
281 2722301
281 5712104
281 5511101
281 2712201
281 6312101
281 2712101
281 3622201
281 6321101
281 3721211
281 2622201
281 2622301
281 5611101
281 5612201
281 3522101
281 6522301
281 5612101
281 5512101
281 2612301
281 6712901
281 3722301
281 1521101
281 6411101
281 3521201
281 6723301
281 6222301
281 6711211
281 6712901
281 6722301
281 5612104
281 2712901
281 2611301
281 6411101
281 6722301
281 6721901
281 3721901
281 5712201
281 5712104
281 2612301
281 5612101
281 5712301
281 6612901
281 1612301
281 6511901
281 2711101
281 5611111
281 6712101
281 6712301
281 1712201
281 5712101
281 6611101
281 6412304
281 6711001
281 6722304
281 5713101
281 6412101
281 6512901
281 6312101
281 7421001
281 6711311
281 6712101
281 3422101
281 5711111
281 2722301
281 6712201
281 1612301
281 6522301
281 3621201
281 6421301
281 6511201
281 5611101
281 3622201
281 2622301
281 6321101
281 6711101
281 6721101
281 2712301
281 1712301
281 6722301
281 5612101
281 3522301
281 3522301
281 3621101
281 7421001
281 6311311
281 5511101
281 6311101
281 1622101
281 7622001
281 2722301
281 6722201
281 6323101
281 5712101
281 6711301
281 6321101
281 2512201
281 4622201
281 4622201
281 5711211
281 6521111
281 3422101
281 6323201
281 6721101
281 4722201
281 5712101
281 6412201
281 6522301
281 4322201
281 5712101
281 6722301
281 4622101
281 6722301
281 1722201
281 5712201
281 6511301
281 6611201
281 6711311
281 6711211
281 5712101
281 6721301
281 4321111
281 5612101
281 2722101
281 1722101
281 7721011
281 5612101
281 6422901
281 6521211
281 6622201
281 5711301
281 1722101
281 1721301
281 2711301
281 6611201
281 6711101
281 7622001
281 5611201
281 6311101
281 3523101
281 6612301
281 6621201
281 4722101
281 6522301
281 6611101
281 6712301
281 5711111
281 5711101
281 3722101
281 3722101
281 3522101
281 2711301
281 6722301
281 6522201
281 6311301
281 6712101
281 6321101
281 5712104
281 6712101
281 6712201
281 5712101
281 6712101
281 3722101
281 6711111
281 6721311
281 6612201
281 2612101
281 5512101
281 7522001
281 6722101
281 4722101
281 2611301
281 6312201
281 6622201
281 6521101
281 3521101
281 5711211
281 6612301
281 4322101
281 6521201
281 5612101
281 3522101
281 1712201
281 2712101
281 6622301
281 2622201
281 6523201
281 2511901
281 1511201
281 2722901
281 5712101
281 5612201
281 3722101
281 5712101
281 3722201
281 4622101
281 2721301
281 1622201
281 6722101
281 2722301
281 2622301
281 5612101
281 6521201
281 6412301
281 6512201
281 5713101
281 2512301
281 6712101
281 6411211
281 3321201
281 6722301
281 6622301
281 1722201
281 6712301
281 5712101
281 2721101
281 5511201
281 6421301
281 6722201
281 6512301
281 1719101
281 6712201
281 6621301
281 1711101
281 1622101
281 1711101
281 2622301
281 6512301
281 3423101
281 3422101
281 3521201
281 3722201
281 7423001
281 5612101
281 5511201
281 4422204
281 5713101
281 4621301
281 3721101
281 5611111
281 6622901
281 1712301
281 2512201
281 3722101
281 6622101
281 5612101
281 1512301
281 3721101
281 6711301
281 5612101
281 6321101
281 3722201
281 6711911
281 6712901
281 2622901
281 5712201
281 5611204
281 6512004
281 3321201
281 3421201
281 6412301
281 2622301
281 3622201
281 6712301
281 5512101
281 3422101
281 6712201
281 5712101
281 5712101
281 6111301
281 6711311
281 6612201
281 6612201
281 6612201
281 1511101
281 6722101
281 1612301
281 5712101
281 2712901
281 6621101
281 5712101
281 7722001
281 6711101
281 2621201
281 6722301
281 3521101
281 1712301
281 1711301
281 6621101
281 6422101
281 5511101
281 5611101
281 6422101
281 6311111
281 6712101
281 6313201
281 3621201
281 3721101
281 6622301
281 4722301
281 6612201
281 6712101
281 7321001
281 6722101
281 2612201
281 6712101
281 6511301
281 1612101
281 6712101
281 5612101
281 6612201
281 6322101
281 5511101
281 6621101
281 6121101
281 5512101
281 3721101
281 3722104
281 1612301
281 6721301
281 3721101
281 6721901
281 3522101
281 2512201
281 3621201
281 1612101
281 6722901
281 6522301
281 2711201
281 6521101
281 3323101
281 2512301
281 6612101
281 2712301
281 6722201
281 3421301
281 5611101
281 3522204
281 3422201
281 5712101
281 2722101
281 5512101
281 6711304
281 2722301
281 6721311
281 6712101
281 5712101
281 6512101
281 6622101
281 6629101
281 6629101
281 6711901
281 2612301
281 6622201
281 6413101
281 2712201
281 6313201
281 2722301
281 6721101
281 1712301
281 3421211
281 3722101
281 1611101
281 6511201
281 6621301
281 7421001
281 7421001
281 6722301
281 6321104
281 6722001
281 7421001
281 2611204
281 6311211
281 6413301
281 6621211
281 6521101
281 6712301
281 1611201
281 2721301
281 6111101
281 4422101
281 7722001
281 3521101
281 5612101
281 6621001
281 6621201
281 6712201
281 5711111
281 5712901
281 6512901
281 7622001
281 1713901
281 5711301
281 6712901
281 6712101
281 6521211
281 6511301
281 6311311
281 6222301
281 6422101
281 6722301
281 6611111
281 6721111
281 2612301
281 6612301
281 5512101
281 6721101
281 1621201
281 1722201
281 1722101
281 1722101
281 6522201
281 6711311
281 6621101
281 6622301
281 4722901
281 6722901
281 3722201
281 5612101
281 3422201
281 5611301
281 6512201
281 6522201
281 6512101
281 1722101
281 3722901
281 2512901
281 6523901
281 6712201
281 6512101
281 2722301
281 4622101
281 6521101
281 7722001
281 6622901
281 2722101
281 2622301
281 7622001
281 6323101
281 6722201
281 6721101
281 5512104
281 6311301
281 3621201
281 6329201
281 6411304
281 6612301
281 6522201
281 6422101
281 1722101
281 3623201
281 6611201
281 5711201
281 7621001
281 5712101
281 2722201
281 1722101
281 3321201
281 6712101
281 2313301
281 6729101
281 6712101
281 6712101
281 2621101
281 6411301
281 1622101
281 6711101
281 5612101
281 2612201
281 5712101
281 6712201
281 5612204
281 5612204
281 5712101
281 5712301
281 5712101
281 6712201
281 3721101
281 6312201
281 7622001
281 2712101
281 3629201
281 2722301
281 6621111
281 5712101
281 6621301
281 6111301
281 3521101
281 3522201
281 5712901
281 6622301
281 6722301
281 6712301
281 6421101
281 1622101
281 3621101
281 6511201
281 6522101
281 1722201
281 1711201
281 2622201
281 6711201
281 6721301
281 5611111
281 6721101
281 6622901
281 6711901
281 6722301
281 6622104
281 5712101
281 3622101
281 3521101
281 2711304
281 3621101
281 6511311
281 5612101
281 1612101
281 7722001
281 2712101
281 6712301
281 6722201
281 4422101
281 3523201
281 1722301
281 6423201
281 6611104
281 5711201
281 1611101
281 3521104
281 2722301
281 2511301
281 6621201
281 4622201
281 3523201
281 3421101
281 2521111
281 6512301
281 2712301
281 5612101
281 6511101
281 6711001
281 7621001
281 3421201
281 6712301
281 6421901
281 6521101
281 3722101
281 5711101
281 1622301
281 3622301
281 3323201
281 6611201
281 1622201
281 6721311
281 6712101
281 5712201
281 6321111
281 6622201
281 3621101
281 7622001
281 6622101
281 2712301
281 6722201
281 6712301
281 7621011
281 3621101
281 5712101
281 5712101
281 3721101
281 2711101
281 6619101
281 7521001
281 5612201
281 6611901
281 5711111
281 3621201
281 6321201
281 6321201
281 7621001
281 3621201
281 3621111
281 6423101
281 3621211
281 6712301
281 3423201
281 3722201
281 6421301
281 3422101
281 6612101
281 1721301
281 1722301
281 6612301
281 1722101
281 5711111
281 1721101
281 6721901
281 6629101
281 5712901
281 6722901
281 2722901
281 3721901
281 6722301
281 2612901
281 6519101
281 1722901
281 2722901
281 6712101
281 6321101
282 6711301
282 6611101
282 6711301
282 6422101
282 1712904
282 6721101
282 2521301
282 2721301
281 6712901
282 3521101
282 6411101
282 6611901
282 6721901
282 6611301
282 6722101
282 5711201
282 5712101
282 6522301
282 6721101
282 7621011
282 3522104
282 6311101
282 6611201
282 6512301
281 2612301
282 6523101
282 2622201
281 6511301
281 6621201
282 5712101
282 5712101
282 5511111
282 7723001
282 1511201
282 3521211
282 6411101
282 6411201
282 1512101
282 5711901
281 6712101
281 6421101
282 3721101
282 5711104
282 4722101
282 3722101
282 6622201
282 2712301
282 6712101
282 6712901
282 5612101
282 6511101
282 3622301
282 6512301
282 1711201
282 6621301
282 3621101
282 5712201
282 6621101
282 2722301
282 1712201
282 6522301
282 6622301
281 2522301
282 6611301
282 7522001
282 6722301
282 6511201
282 1712101
282 1712201
282 2712301
282 6722201
282 1722301
282 2611301
281 3422101
282 1621201
281 3721101
282 6721101
281 6711901
282 7722001
282 3721101
282 1722301
282 6712101
282 5612101
282 6711101
282 1712301
282 2622301
282 1612301
282 1721201
282 1613301
282 6712301
282 5611101
282 3522111
282 2722301
282 6412301
282 6622301
282 3522201
282 6611101
282 6421201
282 3521101
282 6611204
282 6611201
282 7621001
282 6421201
282 6611104
282 6311101
282 7521004
282 1712301
282 6423101
282 3622301
282 2622301
282 3622201
282 2722101
282 6512201
282 3722101
282 1712201
282 1722101
282 1721211
282 6323101
282 6522201
282 6312301
282 6421201
281 1319201
282 6611301
282 2612101
282 6722301
282 6322301
282 6512104
282 1711101
282 3722201
282 6721311
282 6521201
282 1612201
282 6722101
282 6722301
282 6722301
282 6721111
282 6712001
282 3722301
282 6621101
282 6712101
281 6711201
282 6712201
282 6712101
282 1711211
281 1712901
281 6722301
282 5712101
282 3321101
282 3622201
282 6722201
282 6723901
282 6722201
282 6611201
282 3522201
282 6522101
282 6522101
282 2522301
282 1712201
281 1712101
282 6711101
282 6722101
282 6711301
282 6722301
282 3721211
282 6612301
281 5712301
282 2522301
282 6512901
281 2712301
282 5612101
281 6523311
282 7721011
282 5611101
282 6712201
282 6721901
282 6611101
282 7623001
282 7721001
282 6622301
282 6321101
282 5511101
282 5713101
282 6721301
282 6722201
282 3521201
282 5712101
282 6712301
282 2712301
282 6529111
282 6721311
282 6711201
282 6711211
282 6612101
282 6612301
282 6521301
282 1421301
282 1421101
282 6521201
282 3721101
282 6521101
282 6612101
282 6712001
282 6411201
282 6321101
282 5712101
281 2611301
282 3621101
282 6511101
282 6412301
282 2712201
282 3622101
282 2611301
282 3621201
282 1323301
282 6411201
282 2722901
282 5512101
282 6422101
282 6711201
282 2522301
282 2622301
282 6612201
281 6411201
282 7521004
282 3621201
282 6512101
282 6712301
282 6612101
282 1612301
282 6712101
282 6712901
282 4322201
282 6512301
282 3421101
282 3722201
282 6712901
281 6511901
282 5611101
281 3721901
282 6311101
282 6611201
282 6623301
282 5712101
281 6611911
281 6611901
282 5712101
282 1611201
282 6712101
282 5712101
281 2712901
281 6512901
282 6721211
282 3423201
282 7423001
282 6722301
282 2722101
282 5611101
282 3521101
282 3621101
281 6611201
282 3521201
282 6721201
282 6722901
282 1722301
282 6522101
282 5711111
282 6512301
282 2712301
282 3722201
282 2612301
282 2612301
282 6511301
282 6512301
282 6722101
282 6721301
282 6712301
282 6323201
282 6421301
282 6522301
282 2712301
282 6712304
282 6512301
282 2722101
282 1722101
282 6721111
282 3521201
282 3721101
282 6423301
282 2612301
282 5612101
282 6611101
282 6311211
282 2611301
282 3321101
282 3521211
282 6311101
282 6712101
281 3522301
282 1622101
282 6712101
282 3722101
282 6612201
281 6329101
282 6421101
282 6622104
282 6311201
282 3523101
282 5512101
282 6511101
282 6621101
282 2712301
282 2722201
282 6311101
282 6622101
282 1612101
282 1612201
282 7622004
282 2612301
282 1711101
282 3621101
282 6722101
282 6512301
282 2612101
282 1722301
282 6721101
282 6523101
282 4421201
282 6611201
282 3721101
282 6611201
281 6622201
281 6412101
282 3522101
282 2722101
282 6722101
282 6522301
282 2712301
282 6711101
282 1621201
282 3522101
282 6612901
282 6311101
282 6421101
282 1612201
282 6611211
282 6512901
282 6522901
282 6311101
282 6421101
282 7421001
282 1421101
282 1421101
282 6422101
282 6422301
282 6611311
282 6512101
282 2423101
282 6712301
282 6612301
282 6612301
282 2611304
282 3422101
282 6712901
282 3721211
281 5712301
282 3721101
282 6711001
282 5612101
282 3721111
282 6712201
282 5711301
282 6723301
282 6722201
282 6721101
282 2712301
282 1721301
282 3423101
282 7421001
282 6321101
282 5512101
282 6122101
282 6621301
282 6311101
281 6611301
282 7421001
282 6722104
282 3621101
282 5511101
282 5511101
282 6712301
282 6712101
282 3722101
282 5712101
281 2722201
282 6722104
282 6722101
282 6611111
282 6712301
282 6612101
282 6622201
282 6621101
282 6712901
282 1722301
282 6719111
282 6621301
282 6522101
282 6611201
282 6712101
282 5711311
281 6522901
282 7721001
282 3521101
282 3621101
282 6511101
282 6422301
282 2511301
282 6721101
282 1511101
282 5612101
282 6711201
281 2622201
282 1713101
282 7422001
282 6511101
282 6111101
282 5712101
282 2721301
282 3722204
282 7722001
282 3722101
282 6311101
282 2512101
282 6513201
282 1721101
282 3521201
282 2711301
282 1711201
282 6413301
282 6622301
282 5612101
282 6711301
282 6511111
282 6512901
281 6712101
281 6712901
281 2712301
281 6712104
281 2712101
281 5712301
281 5512104
281 6511101
282 6711101
282 6511201
282 2722101
282 5712101
282 6311101
282 6711201
282 5612301
282 6612201
282 6712301
282 6621201
282 6721101
282 5713101
282 7721011
282 6722101
282 6612101
282 6311101
282 6721311
282 6722301
282 6711301
282 6311101
282 6622101
282 7623001
282 6711001
282 6712104
282 6712001
282 3521201
282 1423101
282 3321101
282 3621201
282 6612301
282 2722301
282 2721311
282 2712301
282 5612301
282 7421001
282 7422001
282 7521001
282 3521101
282 7521001
282 6521101
282 6323101
282 6611101
282 6111101
282 6621301
282 6412301
282 2722201
282 1622101
282 6521111
282 6612201
282 2722201
282 6622301
282 1721101
282 3721101
282 3621311
282 2512301
282 2722101
282 6321101
282 5611101
282 6522101
282 1622101
282 6513201
282 6612301
282 5712101
282 6721101
282 5612104
282 6721201
282 5612101
282 3621101
281 5511101
282 6321201
282 1711101
282 6511111
282 6721111
282 3421101
282 6613911
282 3421101
282 6621101
282 6621201
282 6612301
282 1622101
282 6612901
282 6712201
282 6712301
282 6512201
282 6612301
282 3322201
282 7621001
282 6313301
282 3321101
282 7721011
282 3722101
282 6712301
282 6712301
282 5712301
282 6121101
282 3722101
282 5512101
282 1722201
282 6721101
282 6522901
282 7621001
282 7522001
282 2711301
282 3621201
281 2723301
282 4721201
282 2712301
282 6621201
282 1511201
282 6612101
282 1413201
282 6722301
282 2722101
282 6112301
282 3322201
282 2722101
282 2722101
282 6711101
282 3622201
282 6712301
282 6122301
282 3722101
282 1522301
282 6321101
282 3622101
282 6621304
282 3321211
282 6329201
282 3721101
282 7421001
282 6622101
282 6721101
282 6722901
282 6329101
282 5713101
282 6722301
282 3621101
282 6722301
282 6312301
282 6311101
282 5712201
282 3721101
282 6723201
282 6321101
282 6411111
282 6711111
282 6411101
282 3622101
282 3522101
282 5719901
282 5712101
282 6511101
282 6712301
282 6412301
282 6512101
282 2512201
282 6311101
282 6321101
282 3421101
282 5719101
282 3521201
282 3521101
282 6421101
282 5611101
282 6512101
282 6722201
282 6722201
282 2722301
282 3521111
282 3522104
282 6722101
282 6411301
282 6612301
282 2612301
282 6522101
282 6612201
282 6611301
282 5612901
282 6323101
282 6621101
282 6311101
282 6419111
282 2712301
282 6711304
282 6512101
282 5612101
282 2712201
282 5712101
282 6411111
282 6622201
282 1722201
282 5411114
282 2612301
282 3621101
282 6711101
282 6711201
282 5612304
282 7722001
282 5712101
282 2622201
282 6721301
282 3722101
282 6712301
282 3721201
282 3522101
282 6711301
282 6512104
282 6721101
282 6311101
282 5511101
282 6622301
282 1712101
282 6521201
282 6521101
282 6423101
282 6611301
282 6622301
282 3722201
282 2722101
282 7522001
282 6611301
282 6722201
282 6522301
282 6711101
282 6622901
282 6321201
282 6711101
282 6722901
282 5611101
282 5612101
282 2721301
282 5712104
282 3521101
282 7521001
282 6721101
282 2722301
282 2722201
282 6611301
282 5711111
282 6721911
282 2722901
282 6512301
281 6721901
282 3522104
282 2722301
282 6722301
282 2712101
282 6311101
282 6711301
282 7521011
282 2721101
282 6411301
282 1511101
282 2722101
282 3521201
282 6511301
282 6612101
282 6313101
282 1722101
282 6322304
282 1511301
282 5612101
282 3722201
282 6722301
282 6721111
282 6622204
282 6712101
282 6512101
282 6722204
282 2713301
282 6612101
282 6612201
282 6623101
282 6712101
282 3522201
282 2712201
282 3523101
282 3722201
282 3722201
282 1611201
282 2511201
282 6711211
282 6622301
282 6629901
282 3521101
282 6611101
282 6711101
282 6721211
282 6611301
282 6722101
282 3522104
282 7421001
282 6422201
282 6722101
282 6522101
282 6712301
282 6712111
282 3622101
282 6712001
282 6622104
282 6612001
282 2722201
281 2612301
282 4422901
281 5512101
282 6421101
282 6511101
282 6521201
282 3722101
282 3421101
282 5711111
282 5612104
282 6612004
282 2722101
282 6722301
282 3722101
282 2712301
282 6722201
282 6721111
282 6712001
282 3721311
282 6611301
282 6412104
282 6722101
282 3622101
282 4522101
282 6612101
282 6623201
282 6712101
282 6712301
282 1622201
282 1722301
282 5712201
282 1512101
282 5612101
282 6722101
282 6321101
282 3722101
282 5612101
282 5512101
282 6321111
282 6712301
282 6712104
282 6712301
282 2712301
282 1722301
282 6622101
282 2712301
282 6511301
282 6622301
282 3522301
282 6612101
282 2711301
282 5711101
282 3621201
282 6721101
282 6611001
282 6611901
282 6612301
282 1521111
282 2712201
282 5713101
282 6722201
282 6121301
282 6721101
282 6721301
282 2612304
282 2511301
282 6612201
282 6612301
282 6321211
282 3722101
282 5611101
282 6511301
282 3722101
282 5713201
282 6722301
282 2722301
282 1722201
282 2712301
282 6612301
282 6612104
282 3423101
282 1722301
282 2512301
282 2611301
282 1723201
282 2612201
282 5612101
282 6713201
282 6519101
282 2612301
281 5612101
282 6611101
282 2711301
282 6711201
282 6712301
282 5612104
282 2611201
282 6321101
282 6712301
282 3521101
282 6711301
282 3721214
282 2712301
281 5712101
282 6712101
282 6711201
282 6711301
282 6712201
282 6712101
282 6712201
282 6711911
282 1712301
282 6611111
282 1712904
282 6511301
282 2712301
282 3622101
282 6511201
282 6722301
282 1712201
282 5612901
282 6722301
282 6511301
282 1612201
282 1712201
282 3622201
282 3521101
282 6411101
282 6711101
282 3421101
282 3521201
282 6522104
282 1522201
282 6411201
282 6721101
282 6711101
282 6611301
282 3421201
282 6622101
282 3321101
282 5611201
282 3521201
282 6711301
282 5711101
282 3721101
282 6722101
282 6621301
282 6712901
282 6411101
282 6722301
282 6521101
282 6419101
282 6711101
282 6311101
282 3622301
282 2711301
282 6712001
282 6511101
282 3622101
282 3622201
282 3421101
282 1722301
282 3521101
282 6323101
282 6519101
282 5612101
282 6712101
282 3722301
282 5712101
282 6721301
282 5511101
282 5611101
282 3622101
282 7721001
282 6712101
282 3721101
282 6421101
282 6712101
282 5711301
282 3722101
282 5511101
282 3521101
282 3421101
282 6622901
282 6511101
281 6611301
282 6721301
282 3721201
282 3722101
282 6512301
282 1721101
282 6323201
282 6722101
282 1622201
282 6611901
282 3322301
282 6522101
282 6612901
282 4729201
282 6612201
282 2622101
282 2612301
282 6322201
282 6521101
282 3521101
282 3621111
282 3622301
282 3421201
282 6521101
282 6512101
282 6711101
282 6311101
282 6422101
282 6711901
282 6611101
282 2722301
282 6611301
282 2721301
282 5712101
282 2611101
282 6721201
282 6421101
282 3423201
282 2612301
282 5611101
282 6512201
282 6621211
282 6712301
282 6522101
282 6411101
282 6321101
282 4722101
282 6712301
282 6522201
282 3522201
282 6511101
282 6711101
282 5712201
282 6712301
282 6622301
282 6722901
282 3622201
282 6622101
282 5612301
282 6712301
282 5612201
282 5712101
282 5712101
282 3722101
282 6621201
282 2712101
282 7521001
282 6511301
282 6421101
282 6411101
282 6612201
282 6612201
282 3523101
282 3523101
282 6712301
282 2612301
282 5711101
282 6622201
282 6722101
282 1512101
282 6711101
282 6722301
282 6612901
282 3321101
282 2722301
282 6712101
282 6622101
282 6623201
282 4622301
282 1512104
282 6622101
282 2712901
282 6311101
282 6621201
282 6521101
282 6511104
282 5711101
282 6322201
282 6613201
282 6411101
282 2712301
282 6512301
282 5512101
282 5612101
282 3722901
282 6711101
282 3422101
282 6722101
282 3722101
282 2612301
282 2522101
282 6311101
282 1611111
282 5611201
282 6322301
282 6321101
282 6411301
282 6721111
282 6711301
282 6711001
282 6719101
282 5611101
282 6621101
282 5612201
282 2622301
282 6622301
282 6712201
282 1719101
282 7421001
282 6622301
282 6622104
282 3721201
282 3622101
282 1722201
282 3422301
282 2722301
282 2622301
282 2622301
282 6622301
282 6722101
282 6612201
282 2622101
282 2522301
282 6712301
282 6722301
282 6612201
282 6313301
282 6712101
282 6611211
282 5611101
282 3722101
282 6522301
282 6622101
282 3521101
282 3721101
282 6722201
282 6722301
282 6721301
282 5712101
282 5612101
282 6321101
282 3421201
282 6622101
282 5612101
282 2712301
282 5712201
282 2712101
282 5512301
282 5712101
282 6712901
282 3421111
282 5711201
282 6612201
282 6412101
282 6622311
282 1612301
282 6512901
282 2722201
282 2721901
282 6712901
282 2722901
282 5711301
282 3721301
282 1612101
282 6612111
282 1612301
282 6712901
282 2712901
282 6722901
282 2712901