291 6722101
291 2722301
291 6712301
291 6722901
291 2412201
291 6412101
291 6722301
291 1622301
291 5712101
291 1612201
291 3722201
291 1722101
291 2712101
291 2711101
291 6722301
291 6612101
291 1622201
291 2622101
291 2512301
291 6612101
291 3522101
291 3622201
291 3722101
291 6722201
291 6712301
291 3722201
291 6622101
291 6722301
291 6522201
291 3522201
291 5712201
291 1712101
291 1712901
291 6622201
291 6712101
291 6722201
291 2722201
291 6622901
291 5712101
291 2522201
291 2522301
291 2722301
291 6522301
291 3522301
291 6522301
291 3521101
291 7722001
291 1722201
291 5712301
291 2722201
291 6722101
291 6622201
291 2712101
291 1722201
291 5612301
291 2712301
291 5712101
291 2722301
291 3722101
291 6721201
291 5612101
291 3722101
291 1712201
291 7722001
291 6522101
291 3422101
291 2722301
291 1622301
291 5612101
291 2612301
291 3522201
291 5712101
291 6612901
291 6712201
291 6612301
291 2722301
291 7622001
291 6612101
291 4322201
291 6722901
291 6522201
291 6722301
291 6522201
291 1722301
291 2512901
291 2612201
291 1722101
291 1722901
291 5612101
291 3522301
291 3722101
291 2611201
291 3522101
291 1712201
291 2712301
291 2712201
291 6612201
291 2712101
291 1722201
291 5712101
291 2712101
291 6521311
291 6712301
291 6622101
291 2612301
291 3722101
291 6622301
291 6312201
291 3722101
291 6722301
291 3721211
291 5612301
291 3622201
291 6712201
291 6722101
291 6622101
291 4522201
291 2722301
291 4522201
291 3722901
291 5612201
291 2712201
291 1712101
291 1722301
291 2712201
291 5512301
291 6422301
291 2612301
291 7622001
291 1712301
291 4722101
291 5712101
291 6611311
291 6511301
291 6612101
291 5712101
291 5612101
291 6622901
291 6622101
291 3522201
291 2612301
291 5712301
291 1712101
291 6612301
291 3422101
291 5712101
291 6521301
291 7522001
291 1612301
291 7722001
291 2522101
291 6722301
291 2712201
291 6712201
291 2622201
291 3722201
291 5712101
291 7722001
291 5612101
291 6411111
291 1621211
291 6722301
291 1721201
291 6722901
291 6712901
291 6712301
291 6712101
291 2712301
291 3522201
291 2612301
291 2622301
291 6522301
291 6522101
291 6412101
291 3622301
291 5612101
291 5512101
291 7722001
291 6612101
291 6722101
291 2622101
291 6722901
291 3522101
291 6722101
291 1512201
291 6321311
291 2712301
291 6612201
291 5611101
291 6722901
291 6529101
291 6612201
291 6512101
291 2421301
291 3522111
291 1712101
291 2622301
291 5512101
291 6612201
291 6312101
291 5712101
291 6412301
291 6512101
291 3522201
291 7722001
291 1712101
291 2622301
291 2512904
291 6722901
291 3622201
291 1722201
291 6622301
291 1722301
291 1722301
291 6622201
291 6722301
291 2722301
291 1622201
291 6612001
291 2612301
291 5512101
291 6622201
291 1622101
291 4422201
291 6322301
291 6322201
291 1612301
291 1612301
291 5512201
291 2612101
291 2612301
291 5711101
291 5512201
291 6622201
291 2512301
291 3722201
291 3522101
291 3522201
291 1722201
291 6522301
291 6722201
291 6612901
291 6722901
291 3622101
291 1712301
291 3522101
291 1722201
291 1622201
291 2522201
291 5612101
291 6722101
291 6512301
291 6622301
291 4322301
291 6722101
291 4722301
291 3422201
291 6412201
291 6322301
291 4322101
291 1712201
291 5712101
291 1722301
291 6722901
291 6722901
291 6722201
291 1612201
291 2612201
291 5712101
291 1721101
291 6722101
291 2722301
291 6722301
291 3522201
291 3522301
291 2512201
291 2612301
291 2512301
291 6612301
291 6712201
291 1622301
291 6111311
291 6722901
291 6722301
291 6722301
291 3522101
291 5712101
291 1722201
291 3722901
291 6522101
291 2512301
291 6512901
291 2712301
291 2622301
291 3722101
291 5712901
291 1712101
291 2722301
291 1712901
291 6622901
291 2512301
291 1722301
291 6712901
291 6522301
291 6722901
291 6411901
291 2522301
291 5712101
291 5712101
291 5712101
291 5512101
291 2712101
291 6712101
291 2712101
291 6612901
291 5712301
291 5612201
291 6712101
291 6512201
291 2712301
291 1712101
291 5712101
291 6722301
291 3722301
291 6612901
291 2722301
291 2722301
291 6712201
291 5512101
291 6422301
291 4622101
291 3622901
291 2512201
291 3422101
291 5712101
291 6612101
291 5712101
291 1522901
291 6722301
291 6722201
291 3722101
291 2722201
291 6612201
291 5712101
291 6522301
291 5512101
291 6512201
291 2512301
291 5512101
291 6422901
291 1522301
291 6412101
291 5712901
291 6722301
291 5712201
291 6311211
291 5712101
291 6412301
291 6622101
291 6722101
291 2712101
291 2712101
291 2722101
291 6612301
291 6122101
291 3722101
291 5612101
291 5511111
291 5712101
291 6612201
291 6312201
291 6722201
291 6712101
291 5712101
291 6712301
291 1712101
291 6622101
291 2512301
291 6322101
291 6712201
291 6712301
291 2722201
291 3522101
291 5712101
291 3422301
291 3522301
291 3522301
291 5712101
291 6512201
291 6412101
291 5612101
291 5712101
291 6612101
291 6612101
291 6622901
291 6612301
291 2612301
291 2512301
291 1612101
291 3422101
291 6712201
291 6622001
291 2712201
291 1712201
291 3622301
291 6622901
291 3622201
291 3622101
291 5712101
291 6722101
291 3422101
291 2712301
291 3622201
291 5612101
291 5512101
291 6722101
291 6722301
291 6612101
291 5712301
291 5712901
291 1622201
291 6722201
291 3722101
291 3722101
291 6612101
291 2512201
291 6722201
291 6722101
291 6712101
291 2712301
291 6512001
291 3722201
291 5712101
291 5712101
291 5612301
291 1512301
291 3522101
291 3722101
291 2622201
291 1712301
291 1712301
291 2722101
291 6722201
291 4522201
291 2712301
291 5511111
291 5611101
291 6621101
291 2422201
291 2522301
291 1612101
291 1612301
291 5511301
291 5612101
291 6612101
291 6612301
291 3722101
291 6722301
291 6612301
291 3622201
291 6512901
291 6212101
291 5712901
291 5512101
291 6612301
291 5711101
291 6612901
291 2712301
291 6322301
291 6712301
291 1522201
291 3722201
291 3622101
291 6712901
291 7721001
291 3622101
291 5412101
291 6512901
291 6312201
291 6612101
291 6622201
291 5512101
291 3622201
291 2712201
291 6612301
291 6712201
291 5712901
291 5712901
291 5712101
291 2712901
291 5712901
291 5712901
291 6722301
291 6722901
291 2722101
291 2722101
291 3622201
291 3622101
291 6712301
291 5612101
291 2622201
291 5612101
291 5611111
291 2712101
291 2712101
291 1622101
291 6522201
291 6711201
291 2612301
291 6611111
291 6611211
291 2622301
291 2622301
291 6622101
291 1712301
291 6712201
291 5512201
291 5512101
291 1612301
291 6512101
291 2712301
291 6512201
291 6622101
291 2622301
291 6522101
291 2612201
291 2522904
291 6522201
291 6612101
291 2512301
291 4622101
291 6622001
291 1422901
291 5612101
291 3622101
291 3622101
291 6722301
291 6312301
291 6722301
291 6112301
291 6722001
291 6622201
291 1512301
291 6512101
291 5612101
291 6722301
291 5512101
291 6612201
291 3522201
291 3522201
291 6112101
291 6612101
291 2612301
291 6712301
291 6712301
291 2612311
291 6522101
291 6722201
291 6712901
291 4622201
291 2612301
291 3422101
291 6622201
291 6622301
291 5512101
291 3722201
291 6722201
291 6522101
291 6712101
291 5712901
291 6712301
291 5611101
291 6712901
291 1512201
291 3522301
291 1612201
291 6712301
291 1722301
291 6622101
291 2512301
291 3622201
291 6722101
291 2711201
291 3621111
291 3622301
291 6522201
291 5612101
291 1722301
291 6612301
291 6622201
291 6712301
291 5712101
291 2722301
291 6622901
291 6622901
291 1512201
291 1712101
291 5611114
291 6612201
291 6712301
291 1522301
291 6312101
291 6712301
291 6522101
291 5712101
291 5712101
291 6712101
291 6622101
291 6522301
291 2712201
291 6722901
291 5512101
291 3422101
291 5612101
291 6512901
291 2512201
291 5612101
291 3722101
291 6712301
291 3522101
291 6722901
291 6512301
291 2722301
291 6722201
291 3722201
291 6722101
291 1722201
291 6712301
291 1712201
291 5612101
291 2712301
291 5612101
291 2422301
291 6512301
291 3722101
291 1712901
291 6712301
291 6612901
291 1722901
291 6712901
291 1712901
291 6722901
291 6712201
291 6722101
291 2512301
291 2722901
291 3522101
291 6322101
291 1722101
291 2612201
291 6512901
291 2712301
291 1722301
291 5612101
291 6513301
291 1412301
291 6722201
291 5712101
291 1412101
291 5612101
291 5512101
291 6722301
291 6722101
291 3622101
291 6422301
291 4622201
291 6722101
291 6522901
291 7422001
291 4522101
291 5612101
291 6712101
291 6612201
291 5712101
291 6722101
291 2622301
291 3522101
291 6312201
291 6212901
291 1622301
291 6512901
291 2712901
291 1612201
291 1612201
291 6622901
291 2622301
291 2612301
291 6322101
291 3722101
291 2612301
291 3622201
291 1722201
291 5712101
291 6612201
291 5712201
291 6222101
291 6722101
291 5512101
291 4422101
291 3622301
291 7722001
291 6711901
291 1512201
291 5619101
291 6422301
291 5712301
291 3622201
291 6322301
291 5712101
291 6712101
291 6712301
291 5712301
291 6712101
291 1712101
291 1722301
291 5612301
291 6712901
291 6712001
291 1712101
291 6612101
291 6312301
291 3521111
291 3521111
291 2512301
291 3722101
291 6611211
291 6722101
291 7622001
291 3722101
291 6422101
291 6522201
291 6721211
291 2712201
291 6722301
291 7522001
291 7622001
291 1722301
291 6423101
291 2722201
291 2612301
291 3422201
291 2722201
291 2512101
291 2712301
291 6312201
291 5612101
291 6712201
291 6612101
291 3722101
291 6522101
291 3621211
291 6722901
291 6712201
291 1712301
291 5612101
291 2712201
291 1712301
291 5712301
291 6419111
291 5711201
291 1712101
291 6612201
291 5712101
291 5612101
291 5712101
291 2712301
291 6512301
291 6612901
291 2712301
291 6612301
291 2712201
291 1722901
291 2422301
291 1712901
291 3722901
291 6722301
291 6612901
291 6722301
291 6722901
291 1722901
291 2712901
291 2712901
291 1612301
292 6612201
291 2612301
291 5712301
292 4622201
292 1412301
292 2622101
292 6422101
291 6712301
292 2522301
292 7522001
292 6422101
292 6722301
292 2622301
292 2722101
291 5712901
292 6612201
292 5712104
292 6622201
292 3722101
292 6612301
292 3621101
291 6712101
291 5612101
292 6712101
292 6712201
292 5712101
292 6622301
292 1522901
292 7522001
291 6722301
292 6722101
292 6612101
292 6722301
292 3622201
291 6322301
292 3721101
292 2712301
291 6712301
292 6512301
292 2722301
292 2612201
292 6722301
292 1722201
292 2622101
292 1522101
292 6622101
292 1712101
292 6522901
292 2622101
292 6512301
292 2522301
292 6522101
292 6312201
292 1612101
292 6712301
292 2422301
292 1512301
292 1312101
292 6612901
291 2722201
291 6722901
292 6622101
292 3722101
292 6711101
292 1512101
292 2622301
292 6512901
292 1721201
291 3722101
292 6622301
292 6612901
292 6722301
292 2522201
292 6722301
292 4622201
292 6722101
292 2722101
292 6522301
292 6722101
292 6722101
292 6612101
292 5612101
292 6412101
292 2712101
292 3522101
292 2712301
292 6412301
292 2712301
292 6712101
292 2712201
292 3322101
292 3722101
292 6712101
292 5712101
292 6622301
292 5712101
292 6712201
292 5712101
292 6622101
292 2612301
292 2722201
292 6712201
291 6722201
292 2722201
292 6622301
292 6722301
292 1622101
292 6712201
292 6512301
292 6522201
292 3522101
292 6622101
292 6622301
292 2612101
292 6722901
292 1712101
292 3522201
292 4322101
292 6612301
292 6412101
291 6622301
291 6512301
292 1522301
292 6622201
292 6622201
291 3622201
292 6422301
292 2722301
292 6612201
292 6422201
292 3722101
292 5619901
292 1712101
292 1322101
292 6722101
292 1712101
292 1722101
292 6722301
292 6512101
292 2612301
292 6712201
292 6612101
292 6722301
292 3722301
292 5612101
292 5712101
292 6422101
292 6712101
292 6712101
292 3722101
292 5512101
292 3622301
292 1622901
292 3622201
292 3422101
292 5612101
291 6722301
292 5612101
292 6722301
292 2512301
292 5712101
292 6622101
292 6712901
292 2512301
292 1511311
292 6712301
292 5711101
292 6722301
292 1512301
292 6712101
291 2722901
291 6722301
292 2622201
292 6512201
292 5712101
292 3722301
292 1612101
292 6612101
292 6722301
292 3622301
292 2712201
292 7522001
292 6412301
292 6712101
291 1721901
292 6712001
292 2612201
292 6722301
291 6722901
292 5512101
292 5712101
292 6521101
291 6712901
291 1622901
291 2722901
291 6722901
291 6721901
292 5612101
292 6612201
292 2622201
292 2612301
292 6611201
292 6722001
292 7622001
292 6722201
292 6622201
292 3722301
292 6322101
292 2622101
292 6712101
292 1722101
292 6512301
292 6612901
292 2622301
292 6622101
292 2622201
292 3722101
292 6522301
292 5612101
292 6512301
292 1712101
292 6722101
292 1622101
292 6722101
292 1722301
292 2622301
292 1712201
292 5711101
292 6511211
292 2622301
292 6722301
292 5412104
292 6522301
292 5512101
292 1422101
292 2712301
292 3522301
292 6622301
292 5611111
292 4521111
292 3622101
291 6412301
292 6422111
292 7422011
292 6322101
292 6712901
292 6312101
292 6729101
292 3322201
292 5512101
292 5712301
292 6622201
292 3722101
292 6722101
292 3722201
292 6722101
292 6712201
292 6722301
292 1712201
292 2622201
292 5712101
291 6722301
292 6522101
292 6612301
292 5512101
292 6522101
292 6322101
292 5612101
292 5712301
292 6322101
292 5712301
292 6622101
292 6729301
292 1712201
292 5719101
292 2622311
292 5712101
292 2722201
292 6512201
292 6522301
292 6722301
292 3622201
292 6712901
292 5612301
292 6612301
292 6722301
292 3622101
292 3322301
292 6612301
292 6522101
292 6722301
292 6722101
292 3322201
292 3322101
292 1712901
291 5612101
292 7422001
292 5512101
292 2522901
292 5612201
292 1722101
292 5612101
292 3622101
292 2622201
292 6712101
292 6512201
292 1712101
292 6423101
292 3622201
292 5512101
292 6322301
292 6522101
292 6622101
292 6312301
292 6722101
292 6622201
292 6512201
292 7422001
292 3622101
292 6512301
292 1512301
291 6612201
292 6622101
292 5712101
292 6312101
292 2712901
292 6712901
292 5712101
292 5512101
292 6722101
292 3421211
292 5612201
292 6721111
292 7622001
291 2712301
292 6712901
292 5512301
292 6712901
292 2512201
292 2712101
291 6612201
292 6712301
292 6612201
292 3722101
292 5712101
292 6721101
292 3622301
292 6722101
292 6722301
292 2712901
292 2712101
292 5712101
292 6612101
292 2712901
292 6712301
292 6622301
292 3622201
292 3722101
292 3722101
292 5611101
292 6322101
292 1421201
292 5712101
292 2722301
292 6722901
292 6312901
292 2722901
292 3622201
291 6712201
292 6722101
292 2512301
292 6612101
292 6722301
292 6722901
292 6621111
292 6722301
292 6722301
292 3421201
292 3622201
292 4422101
292 6722201
291 3422201
292 6322201
292 6212101
292 6511311
292 6622101
292 7721001
292 1512101
292 2712201
292 5512111
292 1422201
292 2622301
292 1722301
292 6712301
292 7722001
292 6612201
292 6712201
292 6712101
292 6512201
292 3721111
292 3722201
292 2722301
292 5712101
292 6411101
292 2522301
292 3522101
292 6722101
292 6722201
292 6712301
292 1712101
292 1722201
292 4422301
292 6212101
292 6422301
292 3622101
292 6722301
292 5712101
292 1722301
292 2712301
292 5712301
292 7422001
292 1512101
291 6722301
292 6522101
292 6422301
292 6712301
292 2712301
292 2712301
292 7622001
292 6622201
292 1712101
292 6722101
292 5612201
292 1712201
292 6422301
292 6622301
292 6712101
292 2722101
292 2722301
292 3522201
292 6712101
292 3529201
292 6512201
292 1622201
292 3722101
292 3722201
292 5712101
292 6722301
292 6622101
292 2612101
292 2622311
292 2712301
292 1712101
292 6122301
292 3322301
292 2722201
292 6622101
292 6622201
292 1621311
292 5612301
292 2711301
292 6722201
292 6622101
292 3422101
292 6712101
292 3422201
292 3422101
292 5712301
292 2612301
292 1612301
292 1712901
292 5612101
292 3722101
292 3722101
292 5712301
292 6712101
292 7722001
292 6712301
292 6712301
292 6722301
292 6412201
292 2712201
292 6622301
292 3522101
292 7722001
292 1722201
292 6312101
292 2722301
292 6722101
292 3722101
292 1712101
292 5612301
292 6722901
292 2522101
292 6612201
292 1622201
292 3622101
292 6322101
292 2723301
292 6722901
292 6322101
292 3529101
292 1722101
292 6622101
292 3522301
292 6512201
292 6612101
292 7722001
292 3722101
292 6722901
292 6622301
292 1612301
292 3722301
292 6612301
292 6712301
292 6722101
292 6712201
292 2712301
292 6422101
292 2722201
292 6622101
292 6422301
292 6212101
292 6622101
292 6712301
292 2512301
292 2722301
292 6722101
292 1712101
292 4622201
292 6612201
292 6722101
292 6512301
292 4622201
292 2722301
292 6722201
292 2612301
292 1722101
292 3722101
292 6722301
292 6722901
292 1712201
292 3622101
292 6622101
292 6322301
292 3622201
292 6612301
292 1422101
292 6412101
292 6612101
292 6622301
292 7622001
292 1722101
292 6612901
292 3622201
292 6621911
292 3722101
292 2622301
292 1712201
292 6522301
292 5712101
292 3622101
292 1722101
292 6712301
292 6622301
292 6612301
292 6422901
292 6612201
292 6722101
292 6712901
292 6522101
292 6722301
292 6722301
292 3422101
292 5511111
292 3722101
292 2612101
292 6722101
292 6712101
292 2712201
292 6612301
292 6612101
292 2712901
292 5512101
292 6722201
292 6612201
292 6712301
292 3422101
292 6622101
292 1622201
292 1422201
292 6412901
292 6521111
292 1512201
292 6512101
292 1722901
292 6712101
292 6712901
292 6612101
292 5612301
292 6421911
292 2729301
292 6612901
292 6512301
292 6619301
292 6612301
292 6622201
292 5712101
292 6612101
292 2612201
292 5712101
292 2712301
292 2712101
292 3622101
292 6622301
292 1722101
292 1722201
292 6712301
292 3422301
292 6512301
292 6622101
292 6722101
292 6511211
292 5612101
292 6522301
292 6522101
292 6722301
292 6712301
292 6622301
292 1321111
292 6512901
292 1712901
292 2712901
292 6712901
292 6722901
292 6722901
292 6722301
292 6722101
292 3622101
292 3522101
292 6712101
292 1622201
292 6722201
292 7722001
292 6722101
292 6722201
292 6322301
292 5712301
292 6722201
292 2712301
292 5612101
292 3322101
292 3722201
292 6722101
292 5612101
292 6622201
292 1712301
292 3622201
292 6612901
292 3722101
292 2612301
292 3722101
292 6629301
292 5712101
292 6312301
292 6522301
292 7722001
292 1522301
292 3722201
292 6612201
292 6612201
292 1712201
292 1622201
292 6522001
292 6622101
292 6722101
292 1722101
292 3422201
292 1712201
292 1712901
292 1612301
292 6322301
292 2712101
292 1722301
292 6722301
292 1612301
292 1612301
292 1719301
292 1711201
292 6712301
292 1512201
292 2611901
292 6622301
292 3722101
292 2622201
292 2522301
292 1722201
292 7622001
292 1522201
292 6722101
292 3622101
292 5712101
292 6722201
292 6712101
292 1621301
292 6622101
292 1722301
292 6712301
292 2512301
292 2511301
292 6512101
292 6622201
292 6722101
292 3622301
292 6412201
292 6322101
292 3522101
292 3622201
292 6622301
292 6422101
292 6712301
292 1612301
292 2712101
292 2512301
292 6712101
291 5712101
292 4422101
292 3622101
292 2722201
292 3522301
292 6722301
292 6622901
292 3522101
292 6712101
292 6722301
292 2712901
292 5712901
292 6422901
292 2712101
292 6712101
292 2622301
292 2712301
292 4522201
292 5712101
292 6722301
292 2712901
292 2721301
292 6722901
292 3622201
292 6712901
292 1412301
292 6712201
292 6421111
292 3722301
292 6612201
292 1622101
292 7722001
292 6722301
292 3422201
292 3522201
292 3722201
292 6622301
292 2722301
292 6722201
292 3522301
292 6612201
292 6612101
292 6712201
292 6312301
292 3622201
292 6612301
292 7722001
292 3622101
292 3622201
292 6722301
292 3522101
292 6312101
292 2612301
292 5612101
292 5612101
292 5712101
292 6312301
292 6712901
292 2612301
292 6622101
292 5712101
292 2422301
292 2612201
292 2712301
292 5512101
292 6312101
292 5712101
292 5612101
292 6719311
292 5712101
292 2712201
292 5612101
292 4722111
292 5512101
292 3722201
292 5712201
292 6712901
292 3622101
292 5712901
292 2612901
292 6512901
292 6722901
292 6722301
292 3622201
291 5612101
292 6612201
292 6712201
292 6712201
292 6722901
292 6712901
292 1512901
292 2712901
292 6712901
292 6722901
292 2612901