311 6611311
311 6511201
311 2611101
311 3721101
311 6621111
311 6711311
311 3421111
311 2711311
311 6721311
311 3521111
311 2711101
311 6621101
311 6711111
311 6721201
311 6711211
311 6711301
311 6621111
311 6621311
311 1611101
311 6511211
311 6621101
311 1611111
311 2622101
311 1721101
311 6711101
311 3521111
311 6721301
311 6711111
311 3721301
311 6721311
311 6311211
311 6411111
311 3721301
311 6721311
311 6511911
311 6321211
311 1411111
311 6611311
311 6721301
311 1611211
311 6211311
311 5711111
311 3621111
311 3721101
311 6721311
311 6321111
311 6321311
311 6311111
311 4421211
311 6711911
311 6511311
311 6111311
311 6611101
311 6721301
311 7721001
311 6711211
311 6721911
311 6721101
311 2521111
311 6721101
311 6711211
311 6411311
311 3521111
311 6621211
311 6711311
311 6321911
311 5711911
311 6711211
311 6611111
311 6721201
311 4321111
311 3721211
311 4621211
311 6721101
311 2711311
311 6321211
311 3721211
311 5711111
311 5611111
311 5711111
311 1511301
311 6521301
311 6421101
311 4521111
311 3521911
311 6421311
311 5711111
311 2711201
311 6511201
311 6721211
311 6411211
311 6511911
311 6611311
311 6721211
311 6411101
311 6521211
311 6611311
311 6621311
311 6711901
311 5611211
311 6722301
311 6521311
311 6721311
311 6511111
311 1421201
311 4621111
311 5711311
311 5711111
311 6621311
311 3621111
311 3421111
311 5612301
311 6321211
311 6611301
311 6621211
311 1612101
311 6621911
311 4621211
311 6511111
311 1721211
311 6311111
311 6711311
311 6311211
311 6311201
311 1721311
311 6411311
311 6121311
311 5711311
311 1511211
311 3721201
311 1711111
311 2711311
311 6721911
311 3321111
311 2711111
311 4421311
311 6321201
311 6611111
311 6711211
311 6711311
311 3321201
311 6721101
311 6421211
311 5511111
311 5711211
311 7621001
311 6521111
311 6611211
311 1411111
311 3721111
311 6721911
311 6611211
311 6721101
311 6611101
311 7521011
311 6511111
311 5711111
311 1612201
311 2721111
311 6612201
311 6721311
311 6521111
311 5711111
311 6711311
311 5711211
311 2711301
311 6611911
311 2411911
311 6711211
311 6611211
311 6511111
311 7721011
311 6611911
311 6713101
311 6711111
311 6711101
311 5612101
311 7521011
311 2721101
311 2721301
311 3421211
311 6711311
311 3521101
311 6711111
311 4421111
311 6721901
311 3621111
311 3521111
311 3721111
311 3721101
311 5611211
311 1612201
311 2711201
311 2721301
311 2721311
311 6711201
311 3422301
311 6711301
311 2711211
311 1411311
311 6511111
311 6711311
311 6711311
311 3721211
311 6511311
311 6611311
311 6711211
311 6411311
311 6721311
311 6512301
311 3421111
311 3421111
311 1721211
311 5612101
311 6521211
311 3521101
311 6121311
311 5611211
311 6521111
311 5711101
311 5711111
311 2721101
311 5712101
311 6621211
311 6721311
311 6721111
311 5611111
311 6621311
311 2711101
311 6611111
311 6511311
311 2621111
311 6421111
311 6721111
311 1621111
311 2711301
311 6622101
311 6611211
311 3621211
311 6711211
311 6712301
311 5511111
311 6511211
311 6621211
311 6711911
311 6621111
311 6512301
311 6711111
311 2521311
311 6721311
311 2712301
311 6721111
311 6711101
311 1611211
311 6612101
311 6721211
311 2711111
311 6711311
311 6721311
311 6511111
311 1721901
311 6712901
311 2721301
311 7721011
311 6511111
311 6621311
311 5611111
311 5711111
311 7621011
311 6411201
311 2621211
311 6511201
311 3621211
311 5711101
311 6721311
311 6511311
311 6711301
311 5711211
311 5611111
311 1411211
311 2719901
311 6221211
311 6611111
311 6521311
311 3522101
311 1721301
311 5711111
311 6711311
311 3721111
311 3621211
311 6521111
311 2611101
311 6321201
311 2711301
311 6721111
311 6511311
311 5711111
311 6211111
311 6711311
311 6611111
311 3621111
311 1721111
311 3521211
311 6421211
311 6311111
311 6511311
311 3722101
311 7621011
311 6711111
311 6611301
311 6321101
311 6621111
311 6521301
311 1711311
311 6721311
311 5711111
311 5711111
311 3521301
311 4321111
311 3721211
311 6711211
311 5711111
311 6621111
311 6511311
311 2711311
311 2711201
311 6711311
311 5511211
311 6511111
311 6721111
311 6721111
311 6721311
311 6611111
311 6711101
311 5711111
311 1721211
311 5711111
311 6312301
311 6721111
311 6513211
311 5612101
311 6611911
311 5711101
311 6411111
311 6411111
311 3721101
311 6611011
311 6621211
311 6511111
311 6411311
311 6621111
311 6321111
311 6421311
311 6421211
311 5711111
311 6523101
311 5713311
311 5611111
311 2711201
311 6621201
311 3521111
311 1711111
311 6511311
311 6311311
311 6721111
311 6711311
311 6621311
311 6423911
311 6412201
311 6621101
311 6721301
311 5711111
311 5612101
311 6421301
311 6621111
311 6721311
311 6621211
311 5511101
311 2521101
311 6321111
311 2721901
311 6411211
311 1711311
311 5711101
311 6411111
311 6611011
311 6311911
311 6311101
311 3521211
311 6511211
311 6421111
311 2711311
311 6411211
311 3621211
311 6721111
311 4321111
311 6721111
311 6529211
311 6521111
311 6311311
311 1723301
311 6311111
311 6711911
311 5611311
311 6711211
311 6711311
311 6611311
311 6611311
311 5712101
311 6721911
311 6712301
311 6511111
312 5711111
312 1711201
312 6311111
311 6311111
311 6429101
312 6311201
312 6311201
311 3621101
311 2721901
312 6721311
312 6611101
312 6711311
312 6511311
312 6511301
312 1721311
312 7521011
312 6711211
311 3621311
312 6721111
312 6521111
312 6611101
312 6221311
312 6321111
312 7521011
312 7621011
312 3721101
312 4521311
311 2511301
312 2711311
312 6629311
312 6711311
311 3721211
311 6712201
312 6711111
311 6711311
311 6721301
312 3721201
312 3621311
312 6721911
312 6721311
312 6721111
311 2621311
311 6511111
311 6511211
312 5711211
312 6711211
312 2611301
312 6211311
311 6611201
312 2611301
312 6321101
312 6721211
312 6711111
312 6411301
312 3721111
312 6721311
312 6621211
312 2721901
312 7721011
312 6521311
312 1712101
312 6429101
312 5519111
312 5612111
312 6621111
312 3621201
311 5712101
311 1611211
312 5611101
312 1722901
312 6621311
312 6621301
312 3421111
312 5611111
311 6721311
312 4629901
312 6711311
312 5711901
312 3621101
312 6211111
312 6321311
312 3621111
312 3721111
312 6511111
311 6721911
312 6211111
312 1611211
312 6511211
312 6421211
312 6711301
312 6711101
312 3621111
312 3522201
312 2619301
312 6321114
311 6711311
312 2721311
312 6611311
312 6321311
312 2711311
312 6311111
312 6421111
312 1621211
312 2611301
312 1712201
312 2713301
312 6711311
312 6611111
312 6411111
312 6721111
312 6721211
312 6621111
312 3621111
312 5611111
312 3521111
312 4421111
312 1521111
312 6321111
312 6611111
312 4523201
312 2611311
312 6611101
312 3721111
312 6421311
312 7423011
312 4721311
312 6621111
312 6321111
312 6721111
312 6711311
312 6721311
312 7621011
312 5711111
312 6621311
312 6711311
312 6712101
312 6311111
312 6321111
312 3322101
312 6721911
312 6511311
312 6711011
312 5612101
312 3621211
312 3621211
312 6511111
312 1711211
312 6521211
312 5619111
312 3321211
312 7621011
312 6629111
312 6721111
312 3522201
312 2721211
312 7421011
312 2611211
312 4521211
312 6611111
312 6711311
312 6611311
311 6729311
312 6611211
312 6621311
312 6721111
312 2721211
312 6311311
312 3523111
312 1611111
312 6611111
312 3721111
312 5711111
312 3321211
312 1421111
312 6523101
312 6711911
312 6621911
312 6611311
312 6711911
312 2711311
312 1611301
312 6721111
312 1722201
312 6321211
312 3721111
312 6711911
312 5612101
312 6713301
312 7621011
312 6611311
312 1521101
312 6711311
312 6721311
312 6711211
312 6711311
312 6311211
312 6621311
312 5711111
312 5611111
312 3521201
312 6711001
312 6621311
312 5711111
312 6622104
312 6611311
312 6321101
312 3721301
312 6621111
312 6311111
312 6721311
312 1611211
312 6611311
312 6421111
312 1511311
312 6711101
312 6721911
312 6421201
312 1521111
312 6721211
312 5711311
312 3721211
312 6711211
312 5711311
312 6711311
312 6321311
312 6711111
312 5511111
312 3721211
312 5711111
312 3721111
312 6611911
312 6721111
312 7421001
312 1321101
312 6711211
312 6711911
312 6711111
312 3621311
312 6211311
312 6311101
312 7721011
312 5711201
312 5711111
312 6721311
312 2611211
312 3621111
312 7621011
312 5611111
312 2722301
312 6711201
312 6511111
312 6721311
312 6721911
312 6711911
312 6621901
312 2711911
312 6321311
312 3622101
311 3721101
312 1521211
312 6521111
312 6711101
312 6521111
312 6711211
312 6721311
312 6711211
312 3521111
312 7521011
312 6321101
312 6521101
312 6721311
312 3421111
312 3621211
312 5711111
312 6721111
312 7621011
312 2621301
312 6721101
312 6621111
312 1611111
312 5519101
311 6621311
312 6711211
312 6411301
312 2612201
312 2721311
312 6421111
312 5712301
312 2611311
312 3729111
312 3729111
312 3621111
312 6411111
312 6721111
312 6711011
312 6711301
312 5611111
312 5711111
312 2721301
312 6711311
312 6721311
312 3521211
312 1611111
312 3721111
312 6621111
312 4522901
312 1611311
312 6521211
312 1711311
312 5612101
312 6621111
312 6721211
312 6621111
312 6721911
312 6721211
312 6711211
312 6711111
312 5611211
312 6611311
312 6621211
312 6712201
312 6313301
312 6412001
312 6621311
312 3621214
312 2711311
312 3622101
312 6511211
312 1721211
312 7521011
312 6711011
312 2621301
312 3321211
312 5711111
312 6711911
312 6711111
312 6721911
312 6721211
312 3721211
312 2622201
312 6711211
312 6711211
312 6421111
312 6711001
312 5611111
312 2711901
312 3521111
312 2711111
312 6711111
312 4621111
312 6321211
312 5719111
312 6411111
312 2711311
312 6421211
312 6621911
312 6721911
312 1611311
312 1721311
312 1611211
312 5711111
312 6311111
312 2722301
312 5711311
312 3521211
312 6711111
312 1721211
312 6621201
312 6511111
312 2721901
312 6311311
312 7621011
312 6711211
312 5711311
312 5611211
312 6721911
312 1511911
312 6611311
312 3521211
312 6611301
312 6711301
312 6721911
312 6721211
312 6711311
312 3721111
312 5711111
312 6722201
312 6711211
312 6721111
312 3521111
312 6711311
312 6421111
312 6711211
312 6611311
312 5611111
312 6521111
312 6311111
312 6511311
312 6711111
312 6711111
312 6621911
312 1712201
312 6512301
312 6721311
312 6411101
312 6521111
312 6711211
312 6621901
312 1711301
312 6711311
312 6721911
312 6711911
312 6421111
312 6611211
312 1621311
312 4621111
312 2621311
312 1711311
312 6329111
312 6311101
312 6321301
312 5611111
312 6611011
312 6721311
312 6721211
312 6719311
312 3421211
312 6521211
312 1511311
312 5711211
312 2521111
312 5711211
312 5711111
312 1713201
312 5611111
312 6711301
312 6521211
312 5511911
312 6511111
312 6712201
312 1611111
312 6521311
312 1611111
312 6311101
312 5711111
312 6521211
312 6721311
311 5711211
312 2721901
312 2721911
312 6611311
312 6611301