371 7722001
371 3722101
371 5712201
371 4522201
371 6521311
371 6722201
371 6622201
371 6612901
371 6722901
371 2712301
371 2612301
371 3622101
371 6712101
371 6722101
371 4622201
371 1522201
371 1522101
371 1722101
371 6622101
371 5612101
371 1722101
371 5712901
371 2712301
371 2512201
371 2512301
371 5712101
371 6612301
371 2612201
371 3622201
371 5612101
371 5712101
371 6712901
371 1512201
371 3422201
371 6711311
371 5712101
371 6622101
371 2712301
371 2712201
371 3622201
371 5712901
371 2712901
371 6622201
371 6522101
371 3722201
371 5712101
371 2712301
371 2612301
371 3722101
371 2622201
371 2612301
371 6622101
371 2722201
371 2622101
371 5712101
371 3522201
371 3622301
371 6622301
371 5712101
371 3622201
371 1612301
371 1712301
371 5612101
371 3322101
371 6722101
371 2712101
371 5612101
371 6722301
371 6712301
371 2722301
371 2722201
371 2622301
371 6712101
371 2712201
371 6722101
371 5712301
371 5712901
371 2611301
371 2612301
371 6622301
371 6722301
371 1722101
371 1522101
371 6722101
371 6612101
371 2722301
371 2712301
371 6712901
371 7522001
371 6712901
371 3722201
371 6722101
371 2522201
371 6422101
371 6612901
371 5512101
372 2622201
372 2722301
372 6522201
372 6712301
371 5712101
372 3722101
372 6612101
372 1522101
371 6622301
372 2712301
372 2722201
372 3522201
372 6712901
372 6722201
372 5712101
372 7722001
372 1722101
372 3722101
372 6722301
372 6722301
372 6612101
371 5712901
372 6712301
372 2512301
372 1722101
372 3722201
372 2712301
372 6522301
372 6712901
372 2722301
372 6722901
372 6612101
372 5712301
372 2522301
372 4622301
372 2722301
372 5612101
372 3522101
372 2622301
372 6712201
372 6612101
372 6722901
372 6712301
372 5612101
372 7722001
372 5612101
372 6712101
372 5712101
372 2612201
372 2612101
372 5711101
372 6712201
372 6712301
372 1712201
372 5612101
372 6722301
372 6722901
371 2712301
372 6712101
372 6412901
372 2612301
372 6612201
372 6612301
372 5512101
372 6722201
372 6712301
372 6712201
372 6712101
372 6612301
372 1612101
372 2522301
372 6712901
372 6712301
372 3622201
372 6622101
372 2722201
372 5612101
372 6612101
372 3622201
372 3722101
372 2612301
372 6712301
372 6612101
372 3722101
372 6622201
372 3722101
372 2712301
372 6712301
372 2622301
372 1722201
372 5712101
372 6722101
372 6612101
372 6522201
372 2712201
372 3722101
372 3722101
372 2612301
372 5612101
372 6622301
372 2512901
372 6612901
372 5612101
372 6622301
372 6722901
372 5612101
372 6312201
372 7722001
372 2722201
372 6722101
372 1712301
372 6712301
372 1722101
372 6722301
372 3722101
372 5712101
372 3722101
372 2612301
372 3522101
372 3622101
372 6712101
372 6712301
372 1712101
372 2712101
372 2622301
372 1722301
372 6712901
372 2712301
372 2622301
372 6722101
372 5712101
372 6712301
372 1512201
372 6722901