391 5612101
391 6522301
391 1522201
391 6622201
391 6611201
391 6711101
391 5712101
391 3621101
391 3622101
391 6512301
391 7621001
391 7622001
391 6722301
391 6721101
391 5712101
391 6722301
391 5712101
391 3722101
391 2512201
391 3621101
391 1722901
391 3722201
391 6722301
391 6722201
391 6422301
391 1722201
391 5612101
391 5711901
391 3622101
391 3721101
391 2712301
391 2722301
391 3722201
391 1722101
391 2722101
391 5713101
391 3622101
391 3622201
391 7722001
391 5712101
391 6612101
391 6722101
391 3422101
391 6322201
391 5611101
391 3522101
391 6622301
391 6312101
391 3622101
391 2712301
391 5712101
391 1612101
391 6722201
391 5712101
391 1322201
391 6422101
391 5612101
391 6612101
391 2612301
391 1712301
391 6722301
391 6722101
391 6722101
391 1712201
391 3622101
391 6312301
391 6312901
391 3522201
391 6612201
391 6712301
391 6521101
391 6622101
391 6622101
391 1711201
391 2722301
391 3522201
391 2722301
391 2612301
391 6612301
391 6512901
391 6721101
391 1722201
391 6711301
391 5712101
391 3622101
391 1722101
391 7522001
391 6622201
391 4722201
391 7421001
391 3722101
391 3621201
391 2412301
391 6722301
391 6611201
391 5712101
391 6712301
391 6721101
391 5712101
391 5712101
391 6611211
391 3621101
391 1622201
391 3521201
391 2612301
391 3622201
391 1522301
391 6422101
391 5611101
391 7721001
391 6722101
391 2722201
391 6421301
391 6712101
391 6612201
391 7722001
391 3422201
391 2722301
391 2712901
391 2712301
391 2722301
391 7722001
391 5712101
391 5612101
391 6622301
391 6412301
391 5712101
391 2612301
391 3722201
391 5712101
391 2722301
391 6721201
391 1712201
391 5712101
391 5612101
391 6522101
391 3722101
391 1611111
391 1622301
391 6722301
391 5711101
391 6612201
391 3622201
391 3622101
391 3522101
391 2721301
391 1711201
391 6511101
391 6722301
391 6721101
391 6711101
391 5612101
391 6723301
391 6729301
391 1712201
391 1512201
391 6721001
391 6522101
391 6611301
391 1522201
391 2612301
391 1722301
391 1412301
391 3722201
391 6711201
391 6722301
391 3522201
391 1712101
391 3622301
391 2612301
391 6722101
391 3422201
391 3722101
391 6522201
391 3422101
391 6622101
391 5711101
391 6522101
391 1722301
391 5712101
391 6611301
391 6722201
391 5712101
391 5612101
391 5611201
391 7521001
391 2612201
391 6621311
391 6722901
391 1712901
391 2712901
391 2722901
391 2712901
391 2722901
391 6722201
391 5711101
391 5712101
391 5612101
391 5712101
391 6712101
391 6712201
391 1712101
391 2612301
391 5512101
391 5711101
391 6722301
391 6722101
391 2711201
391 2722201
391 3622101
391 6612101
391 7322001
391 5712301
391 7622001
391 6422201
391 1712101
391 3722101
391 2511111
391 5612101
391 3722204
391 6712101
391 6722901
391 3722101
391 2522301
391 5612101
391 5712101
391 5712101
391 3722301
391 3722101
391 2712301
391 2712301
391 5712101
391 6622301
391 6622301
391 2712201
391 5712101
391 6712201
391 6712301
391 6721301
391 6721101
391 4321101
391 1722101
391 7729001
391 5712101
391 6621101
391 5711101
391 7722001
391 6622301
391 6512101
391 5712101
391 6622101
391 5612901
391 6721101
391 6312301
391 5612101
391 6612301
391 6512201
391 6622901
391 4622201
391 1722101
391 6722101
391 6722901
391 2721301
391 6721101
391 6721901
391 6712301
391 5612201
391 6622001
391 5711101
391 6511001
391 3722101
391 5712101
391 6722201
391 6622101
391 5612101
391 7622001
391 3721101
391 2622301
391 7422001
391 6722301
391 6722301
391 6711301
391 6212301
391 5712101
391 5712101
391 1722301
391 3721101
391 5512101
391 4322101
391 6622101
391 4622201
391 2622301
391 3722101
391 5712101
391 1712101
391 5712101
391 6421101
391 5712101
391 1711201
391 2522301
391 1612301
391 1612101
391 2621301
391 5611101
391 2722301
391 6512901
391 2722301
391 1712101
391 2711101
391 3722201
391 7722001
391 3622101
391 5612101
391 6622201
391 5712101
391 5712301
391 2512301
391 1721101
391 3422101
391 5612101
391 6712101
391 2721101
391 3722101
391 5712301
391 6322201
391 3622201
391 6512901
391 1622201
391 2722201
391 5512201
391 6722101
391 3522301
391 6722901
391 5712901
391 5712901
391 5712901
391 6722901
391 1722901
391 6722901
391 5712901
391 6712301
391 6712301
391 5711101
391 1722901
391 3522201
391 2722201
391 6312901
391 5611101
391 6521001
391 1622101
391 6421101
391 6522101
391 1612101
391 3522201
391 2712301
391 6712301
391 7722001
391 3722101
391 7722001
391 6722301
391 1722201
391 3722101
391 6722101
391 1722101
391 5712201
391 6412101
391 5612101
391 5712101
391 5612101
391 6622101
391 6712001
391 6611101
391 3722101
391 6722201
391 6512201
391 6422901
391 6711101
391 6711101
391 1712101
391 6721301
391 2722201
391 3522101
391 6611101
391 2712201
391 6711301
391 3422101
391 1712101
391 2722301
391 2722301
391 3722301
391 1722301
391 2412301
391 3522201
391 2721301
391 7522001
391 2722201
391 3721201
391 6622101
391 6612101
391 3722201
391 6611201
391 6522301
391 6622101
391 1722101
391 6722201
391 2522301
391 6422301
391 3422201
391 7721001
391 1512201
391 5512101
391 6722301
391 1712201
391 5619901
391 3422101
391 3422201
391 3622101
391 2712101
391 6512301
391 5612101
391 1612301
391 1722301
391 5711201
391 6712301
391 6512101
391 6712101
391 2712201
391 6422301
391 6612201
391 6722101
391 6622201
391 6622101
391 3721101
391 6712901
391 6622301
391 6712901
391 5712901
391 5712301
391 6721101
391 5611211
391 6611101
391 6721301
391 5611101
391 1712101
391 6723901
391 2512201
391 6512201
391 3622101
391 5711101
391 2413101
391 5712101
391 3722201
391 1512201
391 3722101
391 5712101
391 5612101
391 2712101
391 6712901
391 3721101
391 6622901
391 2612201
391 6712201
391 6722101
391 2622201
391 6621101
391 7622001
391 3422101
391 3721101
391 6612201
391 3621101
391 3522201
391 6522101
391 6512301
391 7722001
391 3721101
391 6722301
391 4622101
391 6521101
391 2722301
391 6622301
391 6622101
391 3722101
391 3422201
391 5712101
391 6212901
391 6422301
391 6422201
391 2622104
391 6622204
391 3522201
391 3721101
391 6422101
391 3522101
391 2712101
391 7722001
391 1722201
391 3622101
391 6622101
391 6321101
391 3729101
391 6412101
391 3722201
391 2522301
391 6712101
391 3622101
391 3721201
391 7722001
391 6612101
391 6622301
391 1722201
391 6722101
391 6522201
391 6711101
391 7522001
391 1722101
391 3721201
391 6722901
391 6522101
391 1711101
391 5612101
391 3622101
391 6622301
391 6712901
391 1722901
391 6722301
391 3722901
391 6722901
391 4622101
392 6711301
391 2722101
392 6711101
392 6711101
392 5612101
392 7622001
392 6722301
391 2612301
392 6622301
392 2722301
392 6521101
392 5612101
391 3622101
391 6722901
392 2721301
392 5612201
392 4622101
392 5712301
392 6711101
392 1712301
392 6522101
392 6612201
391 6722101
391 5712201
391 6112101
392 3521101
392 6612301
392 6511101
392 6421101
392 1712901
392 2712301
392 4522101
392 2711301
392 2711101
392 2711301
392 6612101
392 1612201
392 6622101
392 2722301
392 3721101
392 1722101
392 2612201
392 7622001
392 6622301
391 5611101
392 6612001
392 3722101
392 7722001
392 6711001
392 3722201
392 6722301
392 6712301
392 6612301
392 6612301
392 3722201
392 3722201
392 6621101
392 7622001
391 6612101
392 5611101
392 6612201
392 3622201
392 6712101
392 6522001
392 5612101
392 6722101
392 3521211
391 6712901
392 1712901
392 7722001
391 5512101
392 6712901
392 7721001
392 3721101
391 2722201
392 2612201
392 6722101
392 3422101
392 6722001
392 6722201
392 6712301
392 3422201
391 5712301
392 1722301
392 5712101
392 5612101
392 5712101
391 6722301
392 6712101
392 7722001
392 2722301
392 3722101
392 6722101
392 1712301
392 7622001
391 6312901
392 1622101
392 3722101
392 6722101
392 2722301
392 3622201
392 3423201
391 6322301
392 2722301
392 5512101
392 2711101
392 7522001
392 3522101
392 7722001
392 5719101
391 2711901
391 6722301
391 2721301
391 6722201
391 6722301
392 6721301
392 7721001
391 3722901
392 2622201
392 6512901
392 6322101
392 1521201
392 7621011
392 7621011
392 6721301
392 6611201
392 2612201
392 6621101
392 5712101
392 6722301
392 2712301
392 5712101
392 1722301
392 3522101
392 5512101
392 3622101
392 6722301
392 7422001
392 5712101
392 3521201
392 1722101
392 6522201
391 6621901
392 6612201
392 6412301
392 5612101
392 1521201
392 2712301
392 7722001
392 7722001
392 6711101
392 3721211
392 6512301
392 3722101
392 2723301
392 1722101
392 6622301
392 5711301
392 1511201
392 6622201
392 6512201
392 6622901
392 2723101
392 6712101
392 6522201
392 5612101
392 6612301
392 6712301
392 2712201
392 3722101
392 6529111
392 3622101
392 5712101
392 3522101
392 6712901
392 1722301
392 1711301
392 2723301
392 5712201
392 2722301
392 6722301
392 3722201
392 6722301
392 6722301
392 3722101
392 1622101
392 6712301
392 3721111
392 3722101
392 6712101
392 1511101
391 6612301
392 3722101
392 3622101
392 2512301
391 5613201
392 2622301
392 2722101
392 6712901
392 3722101
392 6412301
392 6712101
392 2722301
392 2722301
392 6721301
392 5711201
392 3621101
392 6711101
392 3722901
392 6622201
392 3722101
392 3722201
392 6722101
392 6721901
392 6722901
392 1522101
391 1712201
391 5712101
392 5512101
392 7622001
392 1711201
392 2622201
392 6712201
392 5612101
392 6612101
392 3723101
392 6722201
392 2722301
392 6712301
392 1711201
392 6612901
392 7621001
392 6522201
392 5512101
392 6711301
392 7622001
392 3722101
392 2722301
392 3722101
392 6622101
392 6121311
392 6712201
392 6712301
392 6622301
392 6712201
392 2622301
392 6412101
392 6711301
391 6712101
392 3622201
392 1712301
392 6721301
392 2722301
392 6613101
392 2722301
392 3721101
392 3721101
392 1422101
392 3622201
392 6612101
392 2722301
392 6211901
392 1722201
392 2722301
392 3622201
392 6622101
392 6622101
392 5712101
392 2612101
392 3721201
392 3522301
392 6611901
392 6522101
392 6612101
392 6622201
392 3721201
392 6412101
392 2721101
392 1721101
392 1622301
392 1612101
392 3722101
392 2622304
392 6423101
392 3722101
392 2522201
392 6722901
392 3722201
392 3622101
392 5611101
392 6321111
392 6711301
392 3622101
392 7622001
392 6621101
392 3722101
392 2712101
392 2712101
392 6712901
392 3722101
392 3722101
392 5512101
392 3522101
392 1612201
392 6512101
392 5612101
392 5711101
392 1722201
392 3522101
392 2712301
392 2722301
392 6712301
392 6712301
392 6622201
392 2622201
392 2722301
392 3721901
392 6412301
392 6621101
392 7722001
392 1612101
392 5712301
392 6612301
392 7722001
392 6622301
392 6722301
392 7722001
392 6713301
392 2712301
392 6722101
392 5711201
392 3522201
392 5712101
392 6723201
392 3521101
392 2722101
392 6711901
392 7622001
392 3622101
392 6612301
392 7722001
392 3522201
392 6722301
392 2722201
392 5712101
392 6722301
392 3722301
392 2612301
392 3322101
392 2722301
392 6722101
392 6722101
392 6622201
392 5712101
392 6612101
392 6421301
392 1423101
392 6622301
392 2722301
392 3522101
392 6712301
392 6422301
392 3722101
392 6412101
392 1622101
391 6722201
392 4322101
392 6722001
392 5711101
392 6511101
392 6712201
392 1612101
392 2722201
392 2722301
392 6612101
392 1521201
392 3722101
392 7722001
392 6612301
392 6722201
392 2612301
392 6622201
392 6722101
392 1622301
392 1522301
392 6711201
392 6311301
392 6712901
392 6721001
392 2712101
392 6512301
392 4722901
392 6722001
392 6622901
392 6521301
392 3323201
392 6722901
392 6612901
392 6722901
392 3522101
392 6713301
392 3721101
392 6712301
392 5512101
392 6712201
392 2712101
392 5612101
392 6712101
392 6512101
392 6712101
392 4421101
392 1711101
392 2712301
392 6722101
392 3622101
392 3621101
392 2622101
392 3721101
392 3721101
392 5712101
392 7722001
392 6611101
392 3722301
392 3521101
392 3721101
392 3722101
392 6711101
392 6611101
392 6711101
392 4321101
392 6722301
392 2322201
392 7622001
392 2612301
392 6422101
392 6612201
392 5612101
392 6612301
392 3522101
392 2622301
392 6612301
392 1622301
391 3622201
392 6721101
392 6722301
392 7621001
392 5612101
392 6722101
392 3421111
392 6712901
392 1712301
392 6712201
392 5512101
392 3622101
392 5612301
392 7722001
392 6712101
392 7622001
392 3722301
392 3622101
392 7622001
392 2612201
392 6511301
392 6712101
392 6422101
392 2712101
392 3722101
392 6612901
392 6521311
392 6622101
392 6722301
392 1622201
392 6722301
392 6612201
392 6622101
392 3622201
392 6512901
392 5711111
392 6612301
392 4722201
392 6621301
392 6711901
392 6622901
392 2722301
392 6622301
392 2722901
392 2722101
392 3621201
392 6311901
392 6712901
392 6722301
392 3722101
392 6722201
392 1522301
392 3622101
392 6711301
392 3622101
392 6529101
392 6711201
392 6712301
392 6422101
392 6512101
392 6622301
392 6612301
392 6712101
392 2721301
392 2721301
392 3721101
392 3522101
392 5711301
392 6522101
392 6612201
392 6622201
392 6712301
392 6722101
392 6722901
392 6712201
392 6722301
392 6712901