 41 4321101
 41 2711301
 41 6611101
 41 3521111
 41 2711301
 41 6211211
 41 6423301
 41 1511301
 41 6521901
 41 6721301
 41 6712201
 41 7623001
 41 1521201
 41 6612101
 41 6421201
 41 2622301
 41 6723101
 41 5713301
 41 6721311
 41 6621301
 41 3721201
 41 6621211
 41 2721201
 41 6711001
 41 5711101
 41 3621101
 41 3521201
 41 1711111
 41 5711101
 41 1521101
 41 3723101
 41 6711101
 41 5711101
 41 3421101
 41 6411111
 41 5711101
 41 6621101
 41 6521201
 41 1621111
 41 6521111
 41 6511301
 41 2712301
 41 3523201
 41 6411111
 41 6611201
 41 3521201
 41 6721311
 41 6511011
 41 6711311
 41 5711211
 41 5619101
 41 5611201
 41 2621304
 41 6611301
 41 1611201
 41 5713101
 41 6312301
 41 4521101
 41 6621101
 41 1612201
 41 1713201
 41 6311111
 41 5611101
 41 1721201
 41 6721201
 41 3623201
 41 3621101
 41 6721101
 41 5711101
 41 6611301
 41 2513301
 41 6311111
 41 6511301
 41 2711311
 41 6311101
 41 1511101
 41 3521101
 41 6412101
 41 4429111
 41 3721101
 41 4721201
 41 6711901
 41 3621111
 41 6611301
 41 6711201
 41 3521101
 41 6621311
 41 6721101
 41 6711001
 41 7723001
 41 7723001
 41 1711301
 41 1711301
 41 1711301
 41 6711901
 41 5711311
 41 6722201
 41 6512101
 41 3629101
 41 6521101
 41 1711201
 41 2711101
 41 6721301
 41 7721001
 41 6723101
 41 6611901
 41 2721201
 41 6511201
 41 1711201
 41 1611101
 41 1611101
 41 5611101
 41 5512301
 41 3721201
 41 3321101
 41 6611101
 41 3623201
 41 6621311
 41 6721101
 41 1721101
 41 7721001
 41 6721201
 41 3621201
 41 2521201
 41 1721301
 41 6311301
 41 6711111
 41 6711111
 41 6721111
 41 6311311
 41 6711301
 41 6711101
 41 2711201
 41 6711301
 41 6711201
 41 3521101
 41 3522201
 41 6721311
 41 2711101
 41 5611111
 41 6721301
 41 6711301
 41 3723201
 41 1721301
 41 3621111
 41 6621101
 41 3721101
 41 6313201
 41 3623101
 41 3721201
 41 2711111
 41 2711311
 41 1523101
 41 3721101
 41 2711301
 41 6729111
 41 6421101
 41 7721001
 41 1521101
 41 6521201
 41 6611301
 41 1611311
 41 6321211
 41 3721101
 41 7721001
 41 6711201
 41 6321201
 41 6321101
 41 5611101
 41 3621201
 41 6711101
 41 7721001
 41 6711201
 41 6711101
 41 3621111
 41 6611101
 41 6711211
 41 7721001
 41 1621301
 41 6611201
 41 6513901
 41 6421101
 41 5611101
 41 3623101
 41 6711201
 41 6711101
 41 5711111
 41 3621201
 41 6521901
 41 6721101
 41 3621101
 41 6711101
 41 5711111
 41 6421301
 41 6611111
 41 6721101
 41 6721101
 41 1721201
 41 3721201
 41 2621201
 41 6721201
 41 5711101
 41 6411101
 41 6721101
 41 6611201
 41 1711911
 41 6421301
 41 3621201
 41 2721201
 41 5711101
 41 5511101
 41 1611201
 41 6721101
 41 1711101
 41 6621111
 41 5613101
 41 6321301
 41 6721101
 41 6621901
 41 6721901
 41 6511301
 41 2611301
 41 3421101
 41 3721301
 41 2711201
 41 6711111
 41 6512101
 41 5711201
 41 3521101
 41 7721011
 41 6711201
 41 3721101
 41 6721211
 41 5711101
 41 2721301
 41 3523101
 41 6511911
 41 4521111
 41 3621111
 41 6623101
 41 7521001
 41 6511201
 41 6311101
 41 6611201
 41 5611101
 41 6521101
 41 3523201
 41 2711201
 41 1611101
 41 6711301
 41 3721201
 41 1623201
 41 6721301
 41 3721201
 41 1711211
 41 2721301
 41 2711101
 41 6619901
 41 6721111
 41 6721201
 41 5711101
 41 3521201
 41 2711201
 41 6521111
 41 6611001
 41 6721101
 41 2611301
 41 6611101
 41 5619901
 41 3721101
 41 3621101
 41 7521001
 41 6411301
 41 5711111
 41 6511901
 41 6721901
 41 6711301
 41 2611901
 41 6511101
 41 6621111
 41 6711901
 41 5411101
 41 5611101
 41 2711201
 41 6612101
 41 6611101
 41 5711101
 41 6611201
 41 6411101
 41 5712101
 41 5711101
 41 6411101
 41 3721101
 41 3721101
 41 6329101
 41 5713101
 41 4321301
 41 5611101
 41 6721301
 41 6721301
 41 2611201
 41 2611901
 41 7621001
 41 6621201
 41 6711301
 41 2711201
 41 6711301
 41 6621901
 41 3621101
 41 3623101
 41 3721101
 41 6721301
 41 5711101
 41 5611101
 41 6721201
 41 6323101
 41 6721101
 41 7521001
 41 2611301
 41 3721201
 41 5611101
 41 7721001
 41 1611101
 41 1713101
 41 1711101
 41 3721301
 41 6721101
 41 6721301
 41 2613101
 41 6611901
 41 3521101
 41 6711101
 41 6721301
 41 3622201
 41 7421001
 41 3521111
 41 2711201
 41 5613101
 41 5711111
 41 1611311
 41 7723001
 41 6711301
 41 6711111
 41 2711301
 41 6411301
 41 1721211
 41 6621111
 41 1721901
 41 5711101
 41 5719101
 41 5711301
 41 6421111
 41 6513301
 41 6521901
 41 6611101
 41 4521201
 41 6721301
 41 1711301
 41 6511111
 41 6321101
 41 1421211
 41 6611001
 41 4523201
 41 6422901
 41 6611111
 41 6711904
 41 5611101
 41 5611101
 41 6521201
 41 4521101
 41 6311101
 41 6729101
 41 6611111
 41 6711301
 41 6321101
 41 2723201
 41 3621101
 41 1511201
 41 6621201
 41 6511301
 41 5612101
 41 6612301
 41 6521201
 41 5611101
 41 2723301
 41 6511101
 41 3321201
 41 6711101
 41 6613201
 41 6429111
 41 3721211
 41 6511211
 41 6311101
 41 6711101
 41 6711201
 41 2521301
 41 6511901
 41 6513201
 41 6119101
 41 2511301
 41 6521301
 41 6611101
 41 6723101
 41 6511111
 41 5613201
 41 6511211
 41 6521101
 41 5611101
 41 1321301
 41 6611201
 41 6711101
 41 2621301
 41 6721201
 41 7721011
 41 2611201
 41 6721101
 41 3521101
 41 3721111
 41 5511201
 41 5611911
 41 6711201
 41 6711311
 41 6521311
 41 6321201
 41 6721901
 41 6721901
 41 1721901
 41 6721901
 41 2721901
 41 6611901
 41 6723901
 41 2411301
 41 6711301
 41 2711301
 41 5511111
 41 2521201
 41 3421201
 41 2721201
 41 6611201
 41 6721101
 41 6511301
 41 6613001
 41 6321201
 41 6611001
 41 5712101
 41 6423301
 41 3429201
 41 5711101
 41 3621101
 41 6521301
 41 6711901
 41 1721201
 41 6711301
 41 3623101
 41 6321101
 41 5512901
 41 6611311
 41 1721101
 41 2721201
 41 6711201
 41 5713101
 41 6721301
 41 6721201
 41 1721201
 41 6723301
 41 2721201
 41 6621301
 41 2721101
 41 6711101
 41 1711111
 41 6711301
 41 5711101
 41 6721301
 41 2712301
 41 6611101
 41 6721301
 41 1711201
 41 3621101
 41 2613101
 41 6711201
 41 2611311
 41 5511111
 41 6411101
 41 6711301
 41 6521301
 41 6723201
 41 6611901
 41 6521101
 41 6711001
 41 6712201
 41 1521301
 41 6722201
 41 6711301
 41 6711011
 41 6411301
 41 7421001
 41 6721901
 41 2723301
 41 6111301
 41 5611101
 41 6722201
 41 2712201
 41 5711111
 41 1622201
 41 1611101
 41 5713201
 41 6611301
 41 6712101
 41 2621301
 41 6321101
 41 6521001
 41 2621301
 41 6721111
 41 5711101
 41 5611101
 41 3421101
 41 6521101
 41 3421101
 41 3721101
 41 3521101
 41 7421001
 41 3621111
 41 1511101
 41 6611301
 41 6511101
 41 6721101
 41 3721211
 41 3723101
 41 6411301
 41 1521101
 41 6421101
 41 7622001
 41 2712901
 41 6622901
 41 6711201
 41 3422101
 41 2711201
 41 6211111
 41 2621201
 41 6711101
 41 6711101
 41 6621301
 41 5711101
 41 6511901
 41 6711301
 41 2711201
 41 6329111
 41 6511301
 41 3621101
 41 6611301
 41 6721201
 41 6511311
 41 6721901
 41 2711901
 41 2711911
 41 1711301
 41 2721101
 41 7421001
 41 3421101
 41 6613201
 41 5611901
 41 1711911
 41 6711301
 41 6511901
 41 1721911
 41 2711101
 41 1622101
 41 5719201
 41 5513111
 41 3721101
 41 5611101
 41 3521101
 41 5511101
 41 6721301
 41 6329201
 41 1711101
 41 2721201
 41 2721211
 41 6621301
 41 6623901
 41 6511301
 41 7721001
 41 5611101
 41 6511201
 41 6721201
 41 1712901
 41 2621111
 41 6711201
 41 6711101
 41 2711301
 41 1511201
 41 7621001
 41 6721201
 41 6311311
 41 5611111
 41 6621311
 41 2721301
 41 6311201
 41 7529001
 41 5511101
 41 3721201
 41 6613101
 41 6311901
 41 6711301
 41 5713101
 41 2721901
 41 2723301
 41 2621201
 41 6611111
 41 6311101
 41 5611101
 41 1521301
 41 5611101
 41 6613201
 41 3521101
 41 6611301
 41 5711101
 41 3721301
 41 6711201
 41 5611201
 41 6313101
 41 4421101
 41 6413301
 41 5711101
 41 6711101
 41 6611111
 41 6521101
 41 6411111
 41 1311201
 41 3521211
 41 7621001
 41 5711301
 41 2711101
 41 5611901
 41 5713101
 41 6713301
 41 2711301
 41 3721101
 41 3721201
 41 6511301
 41 6621211
 41 6621301
 41 5713111
 41 3721201
 41 3523101
 41 5611101
 41 1711201
 41 1721301
 41 6621201
 41 6611911
 41 2621201
 41 7521001
 41 1712101
 41 1421311
 41 1711111
 41 1419101
 41 1711101
 41 1711101
 41 1711101
 41 2721301
 41 2522301
 41 3721101
 41 6711101
 41 6521201
 41 6511101
 41 3721101
 41 1611201
 41 3621101
 41 6611201
 41 4329101
 41 7621001
 41 6411101
 41 2511301
 41 6411101
 41 6411001
 41 6321211
 41 6711301
 41 3621101
 41 6311101
 41 6621201
 41 3421211
 41 5711101
 41 1722101
 41 6711301
 41 6611111
 41 6721301
 41 6611101
 41 6711201
 41 3721111
 41 6611301
 41 5611201
 41 2711101
 41 6621101
 41 6721101
 41 5613201
 41 2711901
 41 2721901
 41 6513901
 41 6711901
 41 6721911
 41 6721901
 42 6321101
 42 4421111
 41 6421111
 42 1721201
 42 1711101
 42 1711101
 42 1711101
 42 1611101
 41 1521201
 42 3521101
 42 1721301
 42 6411101
 42 6711101
 42 2721301
 42 6721201
 42 3621301
 42 6729101
 42 3429201
 41 5611101
 42 5611101
 42 6321201
 41 6621101
 42 7521001
 42 7621001
 42 7621001
 42 6721111
 42 3621101
 41 3622101
 42 7621011
 42 3621211
 42 1621201
 42 6611101
 42 6511111
 41 6513301
 42 6713301
 42 5612101
 41 4421101
 41 6521301
 42 1621101
 42 1511201
 42 7421001
 42 7521001
 42 6411201
 42 6321201
 42 3421201
 42 6621101
 42 6711301
 42 6511101
 42 6411311
 42 5711101
 42 1612301
 42 3321101
 42 1621111
 41 5711201
 41 6711301
 42 2711301
 42 1423301
 42 3723201
 42 1713101
 42 1611101
 42 6711111
 42 6611301
 42 4421101
 42 1711201
 42 6621201
 42 6411101
 42 6511101
 42 6421201
 42 6723201
 42 1721101
 42 1411301
 41 6711201
 42 6311101
 42 3721111
 42 2613301
 42 6623301
 41 7623001
 42 6511111
 42 5711211
 42 5719101
 42 3721101
 42 6711101
 42 3521101
 42 6721911
 42 3621201
 42 6622101
 42 4521101
 41 3723101
 42 5611101
 42 6321201
 42 4421101
 42 6421101
 42 1711101
 42 6411201
 42 3721101
 42 6711101
 42 3621201
 41 3721301
 42 6611201
 41 6713301
 42 6711211
 41 2713301
 42 3421101
 42 6711901
 42 5719101
 42 3723101
 42 6412301
 42 6411301
 42 1711101
 42 6611311
 42 6411201
 42 6621311
 42 1711201
 41 1711111
 42 3721101
 42 3721101
 41 6523301
 42 4521201
 42 4721201
 41 6711301
 42 2721311
 42 3721201
 42 7721001
 42 6411101
 42 5711201
 42 6721101
 42 3521101
 42 6321301
 42 6711001
 42 5611111
 42 3523301
 42 2711301
 42 6311201
 42 6321111
 42 6321101
 41 2711101
 42 1721101
 42 3523201
 42 6611301
 42 2611101
 42 6721101
 42 6311201
 42 6721901
 42 5513211
 42 6711001
 42 6721101
 42 6621101
 42 5711101
 42 6421211
 42 2421301
 42 3621101
 42 7621001
 42 7621001
 42 6321201
 41 2721901
 41 6523301
 41 6412901
 41 2711911
 41 6611901
 41 2721901
 41 2721301
 41 6711901
 41 5711301
 42 6511111
 42 6321201
 42 5511101
 42 3421101
 42 3621101
 42 3621201
 42 3423101
 42 6621211
 42 6721101
 42 5711101
 42 2711301
 41 1413201
 42 1513201
 42 7721001
 42 3721101
 42 1321301
 42 1713201
 42 1511301
 42 2712301
 42 1711101
 42 6711101
 42 5611201
 42 3721111
 42 6311101
 42 3421201
 42 6611301
 42 6711301
 42 6612101
 42 6721211
 42 6611301
 42 6421101
 42 6123301
 42 3421301
 42 6311101
 42 5711111
 42 6711101
 42 6512301
 42 6721101
 42 6721101
 42 6621211
 42 1321101
 42 5711101
 42 6711201
 42 6721101
 42 6721201
 42 1711101
 42 3521101
 42 6621101
 42 7421001
 42 6711311
 42 6321201
 42 6711201
 42 6711001
 42 6711001
 42 6521101
 42 1521101
 42 6511301
 42 6221311
 42 6711101
 42 1511101
 42 6711101
 42 6711101
 42 6511101
 42 6511101
 42 6722301
 42 5611101
 42 6521101
 42 2611201
 42 6611301
 42 6521201
 42 6711911
 42 4521201
 42 6411101
 42 2723301
 41 6511101
 42 6711301
 42 5711201
 42 2423301
 42 2613201
 42 6711101
 42 2711101
 42 6311101
 42 7421001
 42 6321301
 42 6711311
 42 5711201
 42 2711211
 42 1721311
 42 1611201
 42 6612901
 41 1412301
 42 6511301
 42 3621101
 42 5512101
 41 6711301
 41 6721311
 42 3321101
 42 6321101
 42 6721101
 42 6521301
 42 6521301
 42 3521111
 42 6311101
 42 6511201
 42 3521201
 42 6721301
 42 6513301
 42 2513301
 42 3422101
 42 6729901
 42 3621101
 42 6611201
 41 6511311
 42 2611201
 42 6519201
 42 1721301
 42 3421201
 42 6711101
 42 2711201
 42 1721101
 42 6721901
 42 2621301
 42 1521204
 42 6611201
 42 1723101
 42 7721001
 42 7721001
 42 6721301
 42 5611101
 42 2721301
 42 6711101
 42 3721101
 42 1722101
 42 3721201
 42 6611101
 42 6711201
 42 2713301
 42 6421201
 42 6721101
 42 1711301
 42 6721311
 42 5611111
 42 2713201
 42 6611901
 42 6721101
 42 5611211
 42 3721101
 42 5711101
 42 2721301
 42 2721311
 42 6721211
 42 6529301
 42 6411201
 42 6711311
 42 6711101
 42 6619101
 42 6611101
 42 6411101
 42 5619101
 42 6523101
 42 3621101
 41 6721201
 42 1421301
 42 6511101
 42 5611101
 42 6111301
 42 6521301
 42 3521201
 42 6621101
 42 6421101
 42 3422111
 42 1511301
 42 6723311
 42 2721901
 41 6611201
 41 2611201
 42 6411101
 42 3521201
 42 6521301
 42 6721301
 42 6411301
 42 2711201
 42 6711901
 42 6311101
 42 2511301
 42 6711901
 42 6713301
 42 2711301
 42 6711101
 42 5611101
 42 6613201
 42 6522201
 42 3721101
 42 3421101
 42 6511201
 42 6721101
 42 1611111
 42 6611101
 42 6611111
 42 6511001
 42 7521001
 42 3521201
 42 7721001
 42 1723301
 42 6321101
 42 6421101
 42 3521101
 42 5711101
 42 6621001
 42 3521111
 42 1611201
 42 1721101
 42 6611201
 42 3521101
 42 1623201
 42 6411301
 42 6411301
 42 6721301
 42 3421211
 42 1713101
 42 6711211
 42 3421101
 42 6321101
 42 6711101
 42 3321201
 42 6623201
 42 2721101
 42 5713101
 42 5613101
 42 6522101
 42 3621101
 42 2711201
 42 6621301
 42 2713301
 42 6711301
 42 6611201
 42 2623301
 42 6713301
 42 6421101
 42 6621111
 42 6411101
 42 3421201
 42 6711101
 42 6711101
 42 2711301
 42 6121301
 41 6723301
 42 6321201
 42 5711101
 42 6721301
 42 3721101
 42 5711101
 42 7521001
 42 6521211
 42 3421111
 42 6721301
 42 6721201
 42 5711201
 42 6621101
 42 6613201
 42 5711111
 42 1711101
 42 3721101
 42 1621101
 42 6621201
 42 1713101
 42 6721901
 42 6621301
 42 7521011
 42 1711201
 42 2711311
 42 4521301
 42 5711101
 42 3522101
 42 2721301
 42 1711201
 42 6621301
 42 3721201
 42 1721111
 42 6721111
 42 2712301
 42 6421101
 42 3421201
 42 6611201
 42 6711901
 42 6721201
 42 7723001
 42 3723101
 42 3721201
 42 1713101
 42 3621111
 42 6423101
 42 6721101
 42 6721101
 42 6721111
 42 6721201
 42 6711001
 42 1711201
 42 6611101
 42 6511301
 42 6621211
 42 6611201
 42 3521111
 42 6521301
 42 6421201
 42 3621111
 42 6129301
 42 3423201
 42 6623901
 42 3621111
 42 6411101
 42 6621211
 42 6311101
 42 6711301
 42 6511201
 42 6711101
 42 6711101
 42 6711901
 42 6611301
 42 6421301
 42 3321101
 42 1711101
 42 6411101
 42 3721101
 42 2623301
 42 6711101
 42 6711301
 42 1411201
 42 6421101
 42 6411101
 42 6621101
 42 6711201
 42 5711101
 42 3721101
 42 6622911
 42 5611101
 42 6721901
 42 6713901
 42 1621201
 42 3721104
 42 6311201
 42 1511301
 42 2611311
 42 3723101
 42 2621301
 42 5612101
 42 2721901
 41 3721901
 42 5711901
 41 6711901
 42 2611301
 42 6721101
 42 6723101
 42 6711301
 42 6711301
 42 6422101
 42 3721101
 42 6721001
 42 6722101
 42 2713301
 42 1621101
 42 6621101
 42 6621201
 42 3521101
 42 3421201
 42 6711301
 42 3421101
 42 6421101
 42 6521111
 42 6311101
 42 3721101
 42 5711101
 42 6411111
 42 2721301
 42 3621201
 42 6719101
 42 6329101
 42 5719101
 42 1619111
 42 2621301
 42 3723101
 42 3721101
 42 2711301
 42 3721101
 42 1721211
 42 3621211
 42 2721101
 42 6622301
 42 6122101
 42 6711101
 42 4721201
 42 6611301
 42 6421211
 42 6311311
 42 2621301
 42 6721301
 42 6411201
 42 6711101
 42 6723101
 42 6311101
 42 2611301
 42 6611111
 42 7421001
 42 6711201
 42 6321101
 42 7521001
 42 6611301
 42 3521201
 42 3521101
 42 2721201
 42 2721111
 42 6711301
 42 6711101
 42 1611201
 42 6623211
 42 6521101
 42 3321301
 42 6521101
 42 6621001
 42 6711101
 42 6719101
 42 6712301
 42 1712101
 42 2611101
 42 6721101
 42 6711101
 42 3521201
 42 6611301
 42 6721201
 42 3721101
 42 6421201
 42 2621301
 42 6611101
 42 6521101
 42 3721101
 42 6421301
 42 3621101
 42 6411201
 42 6711311
 42 6711201
 42 6529101
 42 1711201
 42 6721101
 42 2711301
 42 3721101
 42 1511201
 42 6711101
 42 6711301
 42 5713301
 42 6611211
 42 6621301
 42 5711301
 42 2721301
 42 6622301
 42 6711301
 42 6611201
 42 5611101
 42 6513101
 42 6721901
 42 7721011
 42 6621201
 42 6721201
 42 6721101
 42 6321201
 42 1721301
 42 2721301
 42 1723301
 42 5611101
 42 4621101
 42 7721001
 42 3721101
 42 7721001
 42 2711311
 42 3521201
 42 2721301
 42 6711101
 42 7623001
 42 3623101
 42 3721101
 42 6719111
 42 6721301
 42 6721101
 42 6411201
 42 6611311
 42 6721301
 42 6429111
 42 5711101
 42 2711901
 42 6711901
 42 6713901
 42 6723301
 42 6711901
 42 6721201
 42 1611201
 42 3721201
 42 7621001
 42 6521101
 42 6721301
 42 7521001
 42 6621301
 42 6621301
 42 3621101
 42 6711101
 42 6611301
 42 6321201
 42 6421301
 42 7521001
 42 6611101
 42 6611101
 42 5711301
 42 6621201
 42 1521201
 42 6721201
 42 3421111
 42 6711301
 42 6321101
 42 6711201
 42 1721201
 42 3721201
 42 6611001
 42 6721301
 42 1511201
 42 1521201
 42 6721211
 42 3421111
 42 3521301
 42 1711201
 42 5712101
 42 1711101
 42 3622104
 42 6711101
 42 7423001
 42 3521101
 42 6721101
 42 3621201
 42 3421101
 42 1721201
 42 5611101
 42 5712101
 41 5619101
 42 7723001
 41 6521301
 42 6611311
 42 3423101
 42 6713301
 42 6511311
 42 1611201
 42 6711101
 42 6611201
 42 6611101
 42 5511201
 42 2711301
 42 6711301
 42 4421201
 42 3421201
 42 3521111
 42 1711301
 42 6521204
 42 6611301
 42 3623101
 42 6621301
 42 6723101
 42 3621101
 41 6711001
 42 6711301
 42 6711001
 42 1713101
 42 6621101
 42 5711111
 42 5612301
 42 6711301
 42 2621301
 42 1721301
 41 6321211
 42 6611201
 42 6721201
 42 3521101
 42 1611101
 42 1621201
 42 6423301
 42 6721301
 42 5611101
 41 6411101
 42 6621201
 42 1711111
 42 6522901
 42 5711101
 42 5711901
 42 2721901
 42 5711901
 42 6711301
 42 2611301
 42 6711301
 42 1523201
 42 2721301
 42 6621101
 42 6311911
 42 6611311
 42 6611201
 42 1513201
 42 6413901
 41 3421901
 42 5611301
 42 1721101
 42 6621101
 42 6121301
 42 2721311
 42 3621101
 42 5711301
 42 6211311
 42 6621311
 42 3621101
 42 6611201
 42 5711101
 42 5611101
 42 1721101
 42 6711301
 42 6711101
 42 3621101
 42 3621101
 42 6719301
 42 6611301
 42 6621101
 42 3622201
 42 5612101
 42 5511211
 42 5613301
 42 6411301
 42 3521101
 42 6311301
 42 6711301
 42 6711101
 42 3723101
 42 6521101
 42 3721101
 42 6611911
 42 6711111
 42 2612301
 42 1721201
 42 2721301
 42 7423001
 42 3521101
 42 6721301
 42 2721201
 42 1711101
 42 2613101
 42 2611301
 42 6722101
 42 5711101
 42 6411301
 42 3621201
 42 6711901
 42 1411201
 42 6311101
 42 5611101
 42 6521301
 42 6721301
 42 3621201
 42 6721301
 42 6521301
 42 2611301
 42 1721101
 41 6521301
 41 6513301
 42 2711901
 42 6711901
 42 6621301
 42 6711901