401 1512101
401 2612301
401 6622101
401 6422301
401 1622101
401 1722201
401 6622101
401 6712201
401 4422301
401 1522301
401 4522101
401 6722201
401 7522001
401 1722201
401 6712901
401 6412201
401 6522101
401 1712301
401 6612201
401 2722301
401 6722101
401 4322201
401 3722101
401 1522301
401 2712201
401 6712101
401 2622301
401 2622301
401 1712201
401 1522301
401 3722201
401 3722101
401 3622101
401 3522201
401 2612901
401 2522301
401 1712301
401 1712101
401 6612201
401 6222301
401 5712101
401 2712101
401 2622301
401 7722001
401 2722301
401 6422101
401 6712901
401 2512201
401 6512201
401 1512301
401 5712301
401 1722301
401 3722101
401 6512201
401 2712201
401 2722301
401 3422101
401 3422201
401 6522901
401 4322201
401 5712901
401 6612301
401 2712301
401 6712301
401 1712301
401 4622201
401 5712101
401 6422301
401 1712201
401 6722101
401 6712101
401 7722001
401 2712201
401 1412301
401 6722301
401 6512301
401 6622901
401 6512101
401 2612301
401 6722301
401 6622201
401 2712101
401 2612301
401 6712901
401 6422301
401 3522101
401 6512301
401 7722001
401 2622301
401 6322301
401 6712301
401 1712301
401 3522201
401 6612201
401 2722301
401 1722101
401 5512101
401 3522301
401 6522201
401 6712301
401 6612901
401 2512901
401 6512901
401 6512901
401 2512901
401 5612101
401 5712101
401 6712101
401 6712901
401 6622101
401 6622901
401 6712101
401 2712101
401 6422101
401 3522101
401 6722101
401 2622101
401 2712301
401 6722901
401 3722201
401 6712101
401 2622301
401 3622101
401 6712901
401 3722101
401 7622001
401 7622001
401 6722201
401 2612301
401 6522201
401 2712901
401 1612201
401 6522101
401 1722101
401 1712101
401 6612301
401 3522101
401 1722201
401 5612101
401 4622201
401 6722201
401 3422201
401 2522301
401 6622301
401 6522201
401 5511301
401 6712101
401 6722301
401 6612301
401 1422101
401 6522201
401 5712101
401 3722201
401 3722301
401 1712101
401 5712101
401 4622201
401 2722301
401 1522101
401 2512301
401 7622001
401 6422301
401 6711301
401 6412901
401 5712101
401 4522101
401 6712901
401 3622101
401 4522301
401 1722901
401 6722901
401 5712301
401 2612301
401 1612301
401 3622101
401 3422201
401 3322101
401 3622101
401 6722301
401 5512101
401 2712301
401 7722001
401 3722101
401 6722101
401 6722301
401 6612901
401 4622201
401 2612301
401 6612301
401 6722201
401 5612101
401 7522001
401 2712111
401 5712301
401 3322201
401 4522301
401 6612201
401 2722301
401 6622301
401 6512301
401 6722301
401 3322101
401 1712101
401 3422201
401 3722101
401 6712301
401 6612301
401 3522201
401 5612101
401 3622301
401 3722201
401 6622101
401 3722101
401 6512201
401 6422101
401 6622101
401 6712101
401 6722301
401 6512101
401 6729101
401 5612101
401 5712101
401 3722101
401 6522201
401 2712301
401 6712301
401 2712301
401 1522101
401 3522201
401 5712101
401 1522901
401 6622901
402 6712101
402 6712201
402 6712201
402 6722901
402 3422101
402 1712201
402 1722101
402 6612301
402 5512101
402 2612301
402 6112301
402 3722101
402 1722201
402 6722901
402 3622301
402 5612101
402 3422101
402 6711302
402 1512301
402 5512101
402 6522101
402 5612101
401 6712301
402 5712101
402 5712101
402 6321201
402 6722201
402 6722201
402 2722101
402 6722101
402 3522101
401 3622101
402 3422101
402 2712301
402 5712101
402 6712901
402 5712101
402 6622301
402 3722101
402 5712201
402 6622001
402 1422201
402 6522901
402 5612101
402 3722301
402 3722201
402 3522101
402 2722301
402 6712101
402 5712101
402 3722101
402 6622901
402 6622301
402 3322101
402 6312301
402 6312301
402 5712301
402 5612201
402 1722301
402 3522201
401 6712901
401 6722901
402 1622201
402 6522201
402 6722301
402 5712301
402 5612201
402 6312201
402 2612301
402 7622001
402 7522001
402 2722301
402 6412201
402 5712101
402 5612101
402 2712301
402 1512101
402 1612101
402 2722201
402 6422301
402 6612101
402 6512201
402 5612101
402 6522901
402 6322301
402 6522201
402 6522201
402 3522201
402 6722901
402 3622201
402 7622001
402 2722301
402 1722901
402 5712301
402 2722301
402 3722901
402 3622301
402 2612911
402 6522301
402 5612101
401 4322101
402 6622101
402 6622901
402 1722901
402 6722001
402 1722901
402 6712901
402 2712901
402 6722201
402 5712101
402 5512201
402 6412901
402 6422301
402 1722201
402 2612901
402 5512101
402 2712301
402 6411301
402 3722101
402 3722301
402 5613101
402 2322201
402 2512301
402 6512101
402 2712301
402 5612101
402 3622101
402 1722201
402 6322101
402 5712101
402 6612301
402 1512301
402 6612301
402 6712901
402 2712101
402 2612301
402 6722301
402 6622001
402 6622301
402 2612301
402 6522301
402 2612201
402 6711301
402 6722301
402 3322301
402 3622101
402 2712301
402 2722301
402 2611201
402 2522301
402 2612301
402 5712201
402 3422201
402 6611101
402 6612301
402 6612101
402 6712201
402 2612301
402 5612101
402 1622201
402 2712201
402 6721002
402 6612301
402 6712101
402 6712301
402 6711901
402 2612901
402 3722101
402 6722301
402 6722001
402 6512301
402 5712101
402 6712201
402 6622301
402 6622301
402 6722101
402 2712901
402 3622101
402 3622101
402 6722201
402 3722201
402 5612201
402 4522201
402 6612101
402 6322101
402 6622201
402 1712201
402 6522101
402 5712301
402 6712301
402 6612301
402 1722901
402 2612301
402 6622101
402 6322101
402 6622301
402 6622301
402 2622301
402 6622901
402 2722301
402 1622201
402 3722301
402 6522101
402 3522201
402 6622901
402 2722301
402 6722101
402 6712301
402 2712201
402 2612301
402 6622201
402 6622101
402 6622901
402 6622901
402 6712301
402 1612101
402 2722201
402 6722201
402 2612301
402 1612301
402 2622301
402 3722201
402 5712101
402 5712901
402 6622301
402 6722301
402 6722301
402 6612301
402 6612201
402 4722201
402 3422201
402 6722301
402 3622101
402 6712301
402 6712301
402 1712301
402 6612301
402 3622301
402 2622301
402 1622301
402 6612201
402 3722101
402 6412301
402 6422101
402 1512201
402 1411201
401 6612101
402 6522301
402 6712301
402 1512301
402 7722001
402 3722201
402 5612101
402 2712201
402 1712101
402 3422101
402 6522101
402 5712101
402 3622101
402 6612901
402 2712901
402 1522101
402 6722101
402 3422201
402 1622201
402 6612301
402 4422101
402 3322201
402 2622301
402 5612101
402 6612101
402 5712201
402 5712101
402 6622201
401 6412101
402 2612901
402 6612201
402 1722901
402 2722901
402 1712901
402 6712301