421 6722301
421 6612101
421 6722101
421 6712201
421 2722901
421 2712301
421 6622901
421 6412301
421 3522101
421 5712101
421 7722001
421 3722101
421 1612201
421 1722101
421 2622301
421 6722101
421 3722101
421 2712301
421 5512101
421 3722201
421 3521111
421 6622301
421 6522101
421 2712201
421 5712101
421 3722201
421 3722101
421 6622201
421 6722101
421 5512201
421 6422901
421 6512101
421 1712101
421 2722301
421 6521201
421 3422301
421 5712101
421 2721301
421 6712901
421 5512901
421 1722201
421 2722201
421 7722001
421 3522101
421 4722101
421 2722301
421 3622101
421 3622201
421 5712301
421 6712101
421 5612101
421 5712301
421 2722301
421 5612101
421 5612101
421 1622201
421 2722201
421 6622901
421 2722301
421 6712901
421 5612101
421 1622101
421 6722101
421 7622001
421 6712101
421 2712301
421 6712301
421 6722201
421 5512301
421 2622101
421 3722201
421 6712301
421 6422101
421 6512901
421 1712201
421 3722101
421 6322101
421 1512301
421 6722201
421 5712101
421 6712201
421 5712101
421 6722901
421 6722201
421 6422101
421 6612101
421 2712201
421 4422201
421 5512101
421 5712101
421 6512201
421 6522101
421 2722201
421 6522001
421 2712201
421 2722201
421 2722301
421 6722301
421 6722301
421 2722301
421 5712101
421 3722101
421 2712201
421 6712301
421 6712101
421 7522001
421 1412201
421 5512101
421 1612301
421 1622301
421 6723301
421 3722201
421 7522001
421 5712101
421 6722101
421 6722901
421 3722101
421 2412301
421 1722301
421 3722201
421 5712101
421 7722001
421 6311101
421 3722101
421 6712301
421 6622201
421 5612101
421 6612301
421 5712301
421 2622201
421 6612001
421 5612101
421 3722201
421 3722101
421 6422901
421 6722901
421 3622201
421 2722901
421 6712301
421 5712101
421 5712101
421 2712201
421 5712101
421 1712201
421 6712201
421 5712101
421 3722201
421 6612201
421 7722001
421 2612301
421 6512201
421 1722101
421 6622101
421 3722101
421 6612201
421 6712901
421 7622001
421 1722101
421 6522901
421 5712101
421 5712101
421 6622101
421 6712111
421 1612211
421 5612911
421 2422301
421 3722201
421 5712101
421 5612101
421 6712301
421 6622101
421 6611101
421 2722201
421 6722201
421 2712201
421 6412301
421 6412301
421 6512901
421 5712101
421 3622201
421 6712101
421 5619101
421 6612301
421 6712301
421 6722201
421 1712101
421 5712301
421 1612101
421 5712101
421 5712101
421 2722201
421 6522901
421 1722101
421 6712301
421 5712101
421 6522901
421 2722201
421 5612101
421 3621201
421 6312301
421 5712101
421 3622201
421 3622101
421 6712301
421 6512001
421 6512101
421 6512101
421 1622101
421 6722301
421 6622201
421 3722101
421 6422301
421 6722301
421 6722901
421 6722901
421 3722901
421 2712901
421 2522901
421 2712901
421 2522901
421 6722901
421 2712901
421 6622201
421 2612901
421 2612301
421 1712101
421 6712301
421 2712901
421 1512901
421 6712301
421 6712901
421 6712901
421 6712101
421 2712301
421 3722101
421 5712201
421 1722201
421 6712301
421 3622201
421 5612101
421 3722201
421 6612201
421 5719101
421 3722101
421 1722301
421 6522101
421 6622101
421 1622201
421 6612301
421 2712301
421 2722301
421 6722101
421 1522201
421 2512301
421 1612301
421 5612301
421 6612101
421 5612101
421 5612101
421 1712301
421 3522101
421 6712901
421 7722001
421 6722901
421 6311201
421 7722001
421 2611901
421 6612101
421 6612201
421 5712101
421 6722201
421 1622201
421 6421111
421 6612301
421 4722201
421 1722901
421 6722101
421 6722301
421 5612101
421 6612301
421 1712201
421 5612101
421 1622201
421 6722201
421 5712101
421 6722201
421 6612301
421 1612201
421 6722201
421 2722301
421 2712301
421 1622901
421 6722201
421 3521201
421 6622101
421 6712301
421 6722301
421 2722201
421 2712301
421 2612901
421 1722101
421 6612101
421 1722901
421 2612201
421 5712101
421 2522301
421 2522301
421 3422201
421 1712201
421 3722201
421 5712101
421 1712201
421 6622301
421 6622301
421 6622301
421 5712101
421 6722301
421 5712201
421 5712101
421 6722201
421 6712101
421 6722201
421 2722201
421 5612101
421 3622101
421 4622201
421 5712101
421 5712101
421 5712101
421 6412001
421 6612101
421 6322301
421 6722101
421 3722101
421 2722101
421 6622201
421 6612901
421 5712101
421 5612101
421 2712201
421 2622301
421 2612301
421 6412201
421 3322201
421 5712301
421 3422301
421 1522101
421 1422201
421 2722101
421 7722001
421 3622201
421 6722901
421 5712301
421 1522301
421 6722201
421 2622301
421 7421001
421 2722301
421 6712201
421 1722101
421 2712301
421 2712301
421 2522201
421 5712301
421 1522201
421 3622101
421 7522001
421 6712901
421 2722901
421 6612901
421 2712901
421 6722901
421 2722901
421 6712301
421 6712301
421 6722301
421 5612201
421 2622201
421 6722301
421 1722101
421 6722101
421 6722301
421 1722101
421 3722201
421 6512101
421 6512101
421 6622301
421 3522101
421 5612101
421 5612201
421 2622301
421 5612101
421 1322301
421 6721201
421 6521201
421 6712301
421 6712301
421 6722301
421 6712201
421 6722301
421 6422901
421 2722301
421 3622101
421 2712301
421 1522301
421 3622101
421 4522101
421 7422001
421 2711201
421 6722301
421 6722101
421 6722201
421 6722101
421 2722301
421 7722001
421 1612301
421 6722301
421 2712301
421 4322101
421 5612101
421 3422201
421 6622301
421 3422101
421 3722201
421 6622101
421 7622001
421 4322101
421 7622001
421 1722301
421 2622301
421 2722201
421 3722101
421 5712101
421 6722201
421 3722201
421 2422301
421 5712101
421 6522201
421 5612101
421 6712201
421 5712101
421 2722101
421 1722201
421 1612301
421 2512301
421 6612101
421 7722001
421 6722101
421 6522301
421 5712101
421 6622301
421 2712201
421 6621101
421 6612101
421 2722101
421 2722301
421 2722201
421 5613101
421 2722101
421 2512901
421 6622101
421 6612301
421 5612101
421 6522901
421 2622201
421 2722101
421 6622301
421 6512301
421 5612101
421 3722301
421 3622101
421 6412301
421 2712201
421 3722301
421 5512101
421 6722901
421 2712901
421 6722901
421 6522101
421 1622201
421 6622201
421 4622201
421 6622201
421 6722301
421 2712201
421 2722201
421 6222201
421 2722301
421 3422201
421 2722201
421 6311101
421 6522101
421 3522201
421 1722101
421 6722101
421 6722901
421 6722101
421 6722101
421 1722101
421 6722301
421 6712301
421 1712101
421 6722201
421 6522901
421 1612301
421 6622301
421 5712101
421 2712301
421 6722301
421 6712301
421 3722201
421 3722101
421 6522301
421 5712901
421 5712101
421 5712101
421 2712101
421 6712901
421 6612301
421 6712301
421 6712301
421 1722301
421 1722101
421 5712101
421 5712201
421 3722201
421 3722101
421 5712301
421 7622001
421 6612201
421 1722901
421 2722301
421 6612101
421 6511111
421 2722301
421 4522101
421 2722201
421 6612201
421 1622201
421 6622101
421 1512201
421 6722101
421 3722201
421 1712201
421 1712101
421 1512201
421 3522201
421 5612101
421 6612101
421 6722201
421 1712201
421 5612101
421 6422101
421 3722101
421 6712101
421 5612101
421 7622001
421 6722201
421 3622201
421 6512101
421 6512301
421 1722301
421 6622201
421 3622101
421 6722301
421 5712101
421 3722101
421 1722201
421 1622301
421 2522301
421 5712101
421 6312301
421 2712101
421 6712901
421 3422101
421 2722901
421 6722101
421 6722901
421 6722901
421 2722901
421 5712901
421 6622201
422 3622301
422 6622101
422 2722301
422 5712301
421 3522101
422 6712301
422 5612111
422 6612101
422 6612301
422 1712101
422 6712301
422 1722101
422 5712101
422 1512201
421 2712301
421 1722101
421 5712201
422 3522201
422 7522001
422 2722201
422 6512101
422 5612301
422 6412201
422 2612201
421 7522001
422 1512201
421 5712301
422 6512101
422 6612101
421 1722301
421 1712101
421 5612301
422 3522201
422 6712201
421 6612901
422 6712201
422 3722101
422 3622101
422 7722001
422 3522201
422 5612101
422 5612101
422 6612101
422 2712301
422 2522201
422 6722301
422 2512101
422 6721301
422 6722101
422 6222301
422 6712301
422 6512901
422 6512101
422 1422101
422 5612101
422 6422301
422 1612101
422 5712201
422 1712201
422 1622201
422 3522101
422 2722301
422 5612101
422 5712101
422 4622201
422 6612201
422 1712101
422 6712301
422 3722201
422 6612101
422 6612101
422 3322201
422 6512901
422 6421101
422 1722901
422 6722101
422 6612101
422 6512301
422 1712201
422 4722201
422 2622101
422 2712301
422 2612301
422 6722201
422 6722101
421 5712101
422 5612301
422 6422201
422 6622101
422 6712101
422 6522201
422 5612201
422 6512301
421 5612101
422 6612301
422 6712301
422 3722101
422 2622301
422 1522201
422 5712101
421 3622201
421 5712901
422 3722101
422 1512301
422 6722901
422 5612101
422 6722901
421 3722101
422 3522301
421 2622301
422 2612301
422 7622001
422 3422101
422 3622101
422 1722101
422 1712201
422 3422101
422 1512101
422 2722301
421 6722101
422 3722301
421 6722901
422 6612301
421 6712301
422 1612301
422 2622301
422 6622301
422 6622301
422 7721011
422 6722101
422 2722101
422 5719101
421 6712901
421 6712901
421 6612901
421 6712901
421 6722901
421 6712901
422 1622301
422 6722111
422 1722201
422 2622301
422 2422301
422 5612101
422 2722301
422 7622001
422 5612101
422 6412101
422 5619101
422 6712301
422 6512201
422 3722201
422 4422101
422 7522001
422 2722201
422 2622201
422 6722201
422 1722101
422 5712101
422 6622201
422 5612101
422 4522201
422 6412301
422 6512101
422 3622201
422 5512101
422 6622101
422 7622001
422 2722201
422 2722201
422 6712901
422 3522201
422 2612201
422 6412301
422 6512201
422 7622001
422 2522201
422 6612301
422 6622301
422 6612301
422 6722201
422 6622301
422 3622201
422 5611101
422 6512301
422 2512301
422 2522301
422 6422101
422 6622301
422 6712301
422 6722301
422 6512201
422 4622301
422 6422301
422 6722101
422 3722101
422 6722301
422 2722101
422 2722201
422 6712201
422 6412901
422 3722101
422 6712301
422 6712201
422 6522101
422 3621301
422 6712301
422 6622301
422 2712301
422 6722301
422 2722301
422 3722101
422 5612201
422 3622101
422 1612201
422 3722101
422 5612101
422 5512101
422 1712901
422 3722101
422 6612301
422 6722201
422 6722201
422 5612201
422 3422301
422 6522101
422 6422101
422 6612901
422 5612101
422 6712301
422 6722301
422 6622301
422 2712301
422 2712901
422 6712301
421 5712101
422 5712101
422 6712301
422 6712201
422 6621201
422 2722301
422 6622201
422 5712101
422 6722101
422 6712101
422 3422201
422 3722101
422 6122301
422 2622101
422 6711101
422 2712301
422 6322301
422 6322301
422 2722301
422 1612201
422 6612201
422 6612201
422 2522201
422 6722101
422 5612301
422 6622301
422 1522101
422 6712301
422 2712301
422 3622101
422 6622901
422 6712201
422 3621201
422 3422101
422 6512101
422 6722301
422 2522301
422 6722301
422 5612301
422 6622101
422 6722301
422 2622201
422 6421201
422 2722301
422 6712301
422 6422201
422 1612201
422 2722301
422 5712101
422 5712101
422 7722001
422 2712101
422 6712101
422 6722301
422 6722201
422 5712101
422 6412201
422 3422201
422 6622301
422 3622201
421 6312901
422 4422201
422 2712301
422 6612301
422 1722301
422 1522201
422 7622001
422 1712101
422 1712301
422 3722101
422 7522001
422 6712101
422 3622101
421 6712101
422 6622901
422 7622001
422 5712301
422 6722301
422 6512301
422 1522201
422 7422001
422 6712901
422 2722301
422 5612101
422 5612101
422 6722101
422 5719901
422 5512301
422 3722101
422 1622201
422 6612101
422 6722101
422 6712301
422 2612201
422 7622001
422 2522101
422 6422201
422 5712101
422 2612101
422 6712201
422 2612101
422 3722201
422 1712301
422 1712301
422 6712101
422 6512301
422 3722301
422 6712101
422 6712201
422 6712201
422 6312101
422 6612301
422 6712301
422 2712201
422 1722201
422 1722901
422 2722901
422 2712901
422 6522901
422 6612101
422 6622301
422 6722101
422 6512101
422 3622301
422 6712101
422 7722001
422 6212301
422 3722201
422 5712101
422 2612201
422 6722101
422 3722101
422 3722101
422 2712301
422 5712301
422 2612301
422 3721101
422 2722301
422 1712204
422 1712101
422 6612301
422 6612301
422 6722301
422 2622304
422 6712201
422 6522101
422 5712301
422 6712201
422 6712301
422 2712201
422 2712201
422 5712301
422 3422301
422 5612201
422 5612101
422 1612301
422 6621101
422 6712301
422 6722201
422 3722101
422 5712101
422 2712101
422 1712101
422 3722101
422 3522201
422 2722301
422 6722201
422 6722301
422 2712201
422 1522301
422 5712301
422 5612301
422 6612301
422 6522101
422 6612001
422 6722301
422 6722101
422 2722301
422 3722101
422 3722201
422 7722001
422 6722301
422 2722301
422 3622201
422 6612101
422 5612201
422 3422101
422 6312201
422 1522201
422 6622901
422 2622301
422 6612101
422 2622301
422 5712101
422 5612101
422 3522301
422 6512101
422 1612101
422 3522101
422 2722301
422 6522301
422 6712301
422 6312301
422 1722101
422 1712201
422 1522201
422 2712201
422 6622101
422 5512101
422 5612201
422 6612101
422 2622301
422 6522104
422 6622301
422 6412101
422 5612101
422 2512301
422 2612901
422 3622101
422 1722301
422 6612901
422 3622101
422 5612101
422 5712201
422 5712201
422 5712101
422 6612201
422 6412301
422 6512101
422 5612101
422 2712301
422 2612301
422 2712301
422 1722301
422 6622101
422 6622301
422 6612201
422 6612301
422 6712101
422 6722101
422 6622301
422 6522101
422 6722101
422 5512101
422 5512301
422 6622201
422 2712301
422 2722301
422 6622101
422 6621101
422 6512201
422 1512101
422 7522001
422 2722201
422 5712101
422 2712101
422 1712301
422 2712201
422 6712301
422 1722101
422 6612101
422 6721104
422 6512101
422 2622201
422 3622101
422 7322001
422 4522201
422 6622301
422 1712301
422 6612101
422 2712301
422 6522301
422 1722101
422 2712101
422 5612101
422 2712201
422 7722001
422 1612101
422 6712101
422 3722201
422 6722901
422 6722301
422 3722101
422 3622101
422 5612101
422 2722301
422 6722101
422 5412301
422 2522301
422 6522101
422 2712301
422 2612301
422 5712101
422 2712301
421 3622101
422 2712301
422 6511201
422 6612301
422 2622301
422 3622201
422 3722301
422 5712301
422 6622301
422 2722201
422 6612301
422 6622201
422 6512101
422 7522004
422 6722201
422 6712101
422 6722101
422 5612201
422 1522201
422 6622101
422 6612301
422 3722301
422 6722101
422 5612101
422 6522201
422 6612301
422 6722101
422 6712901
422 6512101
422 3522201
422 6522901
422 2712201
422 6612101
422 5712301
422 6612301
422 6312101
422 6722901
422 2622101
422 5512101
422 6721101
422 5612201
422 5719201
422 6722301
422 6722301
422 5712901
422 6622301
422 6722301
422 3422101
422 5712301
422 6629901
422 2612201
422 3622201
422 5712101
422 6512101
422 5712301
422 6722901
422 5711101
422 6712301
422 5612101
422 5612101
422 6712301
422 6712901
422 2712901
422 6712901
422 5712901