431 6222111
431 3723101
431 6712101
431 3522101
431 2712301
431 4522101
431 2722101
431 1712901
431 5712101
431 5712301
431 6712201
431 2712301
431 6622101
431 6722301
431 6622101
431 6712101
431 6712301
431 6712301
431 6722901
431 2622301
431 6622101
431 3422201
431 6512201
431 5612101
431 6512101
431 6722301
431 3722101
431 1522201
431 6512101
431 6722901
431 3722101
431 6512301
431 6722301
431 6522201
431 6612301
431 5712111
431 6512101
431 1722201
431 1712201
431 6712101
431 6612301
431 2712301
431 3522101
431 6522201
431 6712901
431 6722301
431 6312101
431 2512301
431 2622301
431 2622301
431 5712101
431 1712101
431 6712111
431 6712301
431 2722301
431 3622201
431 2712301
431 3522101
431 2712101
431 5712101
431 6212101
431 2722301
431 2712201
431 6612301
431 5712301
431 6521101
431 1722901
431 6722101
431 6722101
431 6712901
431 1722301
431 1612901
431 6722301
431 7522001
431 6412301
431 3722201
431 3722101
431 1722301
431 6722301
431 5712101
431 2512301
431 6722901
431 2711201
431 2712201
431 1722301
431 6722101
431 5712301
431 6612101
431 6312301
431 6712201
431 5512201
431 7722001
431 3722101
431 6522301
431 4422101
431 3529101
431 5512101
431 3722101
431 3422201
431 3722101
431 6122201
431 6722301
431 6722201
431 2712201
431 2622201
431 6722301
431 5512101
431 6512901
431 2522301
431 4522301
431 1712301
431 1722201
431 3722101
431 5712101
431 7622001
431 6522201
431 4522201
431 2712201
431 1712301
431 2712201
431 2622201
431 3722101
431 5712101
431 2522101
431 5712101
431 2612201
431 6322301
431 2722201
431 6512201
431 3722101
431 6322201
431 6722101
431 2722201
431 2622301
431 2712301
431 7622001
431 5612101
431 5512101
431 1711201
431 6622101
431 3622201
431 2522301
431 2612301
431 6622201
431 6722301
431 5612101
431 2722101
431 6212301
431 6622901
431 6622201
431 5712101
431 6512301
431 6621301
431 6712301
431 1522201
431 2722301
431 3422201
431 2622301
431 6521301
431 6522301
431 2722301
431 5712101
431 6522101
431 2622301
431 6612101
431 6711101
431 6529101
431 6511301
431 5612101
431 6622101
431 2622301
431 6622301
431 1722201
431 3622201
431 3722101
431 2712301
431 2712201
431 2712101
431 2612301
431 5512101
431 1722101
431 5712101
431 6722301
431 6722901
431 6622201
431 3622301
431 3522101
431 6722301
431 4722301
431 6712101
431 2711101
431 5712101
431 5712101
431 3422301
431 6511301
431 7722001
431 7722001
431 6722311
431 6612901
431 5712101
431 6722301
431 6722301
431 6712301
431 6722101
431 2512201
431 2622301
431 6322101
431 6712101
431 5612101
431 6612201
431 5712101
431 2712101
431 6722101
431 6722301
431 1722101
431 6722301
431 3422101
431 2712301
431 3522301
431 6522301
431 6722201
431 2722301
431 6722101
431 1712201
431 3522201
431 6722101
431 3722201
431 2612301
431 6722101
431 6512101
431 6412301
431 6712001
431 6312201
431 2722301
431 6722901
431 5712101
431 6622201
431 5612101
431 3722101
431 6712101
431 2612301
431 7722001
431 3522201
431 6722201
431 2722201
431 6712201
431 6512201
431 3522101
431 3522101
431 2722301
431 6722201
431 5712101
431 2712201
431 5612101
431 6612201
431 3722201
431 5712301
431 1722101
431 2712301
431 6622101
431 5712901
431 5712901
431 6722301
431 6712901
431 4622201
431 6222301
431 6722301
431 2712301
431 1721101
431 2722201
431 2722201
431 7522001
431 6722901
431 7722001
431 1722101
431 5612101
431 5712101
431 6712101
431 3522301
431 6522101
431 3722101
431 3722201
431 2712301
431 1422101
431 2622301
431 2722301
431 3522101
431 2722201
431 6512101
431 2522201
431 1522901
431 5612901
431 7622001
431 3322301
431 3322301
431 6422201
431 6511101
431 2712201
431 6612004
431 6612101
431 6512101
431 2721301
431 7522001
431 1712201
431 2722301
431 6512301
431 5712201
431 2722204
431 2622101
431 7722001
431 6612201
431 6722301
431 6722201
431 2722201
431 7722001
431 3522101
431 2722201
431 6112301
431 1712301
431 6612101
431 6522301
431 3722201
431 6622101
431 7522001
431 2622301
431 6522101
431 3622201
431 4422101
431 6612301
431 2712301
431 6512301
431 6722101
431 2722201
431 1722901
431 7722001
431 1622101
431 1522101
431 2712101
431 2712301
431 3722101
431 6522101
431 5712101
431 2722301
431 5712101
431 5612901
431 6422301
431 6622301
431 3622101
431 5512101
431 2712301
431 2712301
431 6712201
431 2712101
431 2622101
431 6722201
431 6722301
431 6322301
431 2722301
431 3722201
431 7622001
431 5711101
431 1722101
431 6722901
431 6722101
431 5712101
431 5512101
431 2622301
431 6712201
431 5712101
431 5712201
431 2522301
431 6712101
431 2722101
431 5712101
431 5611201
431 5712101
431 3622201
431 5612101
431 2712301
431 6622101
431 3622101
431 5512101
431 5612101
431 2722101
431 6522901
431 7622001
431 3722301
431 1512201
431 3622901
431 6722901
431 6722901
431 5712901
431 6722301
431 5712101
431 6622101
431 1522101
431 2622301
431 1712101
431 3522301
431 5712301
431 6622301
431 6622101
431 3422201
431 6722301
431 3722201
431 3622101
431 6612201
431 6722301
431 2722301
431 1712101
431 5712101
431 6712901
431 6622101
431 1722201
431 2722301
431 3722201
431 2512301
431 7622001
431 2522201
431 6122101
431 6712301
431 5712201
431 6412201
431 1412201
431 1412201
431 2722301
431 6722101
431 6422201
431 6722201
431 6721901
431 1722301
431 1712101
431 6712301
431 2712301
431 3522101
431 5712101
431 5712101
431 3722101
431 1712101
431 2722101
431 2722301
431 3722201
431 1712201
431 6712301
431 1722301
431 5712101
431 2722201
431 3722101
431 7722001
431 3722101
431 6722901
431 1722201
431 2712901
431 3522101
431 6722301
431 6612201
431 6712001
431 6722301
431 5612101
431 3722101
431 6722301
431 6512301
431 2722301
431 6622301
431 2722101
431 6412201
431 2522201
431 1512101
431 6512301
431 5712101
431 3522201
431 6522201
431 2512301
431 1622201
431 2622301
431 2722301
431 6722101
431 1612101
431 1622101
431 6722301
431 3722101
431 3522101
431 6512201
431 6712101
431 6712201
431 5712101
431 5612101
431 3722101
431 6722101
431 3622101
431 6622101
431 5612301
431 6522101
431 6512101
431 6722901
431 1722301
431 6522101
431 6621201
431 6712201
431 6722901
431 6612901
431 7622001
431 7522001
431 3722201
431 1712201
431 5712901
431 2622201
431 1622301
431 5712101
431 2712301
431 6712001
431 2722101
431 6712101
431 5712301
431 2722311
431 6722111
431 6722101
431 2722201
431 6522201
431 6522301
431 6612901
431 2622901
431 6722901
431 1712901
431 5612101
431 5712101
431 6712901
431 2722901
431 6722301
431 6412901
431 6722201
431 2622201
431 4622301
431 6622101
431 5612101
431 1712901
431 5612101
431 6612101
431 5712101
431 6512301
431 6512301
431 5712101
431 6512901
431 5712101
431 6612201
431 6712101
431 6612301
431 3522201
431 6512301
431 5712101
431 6622901
431 5612101
431 2712301
431 6722101
431 6622901
431 3522201
431 6612101
431 6222101
431 3722101
431 2621201
431 5712901
431 5612201
431 2622301
431 5712101
431 6512201
431 1612101
431 2711101
431 5612101
431 3622101
431 3522201
431 6512901
431 6612301
431 2512301
431 5612101
431 7722001
431 5612201
431 6722101
431 5712201
431 6622301
431 1622101
431 2712301
431 2711311
431 6722301
431 6622301
431 6722101
431 2712101
431 6722201
431 6312301
431 5712101
431 6412301
431 6712001
431 2722301
431 6722101
431 6722201
431 5712101
431 3722101
431 2722301
431 4522201
431 2712301
431 6411301
431 6512301
431 1512201
431 6722101
431 3522101
431 2722301
431 1512201
431 2512301
431 1522301
431 5612101
431 1522101
431 6522901
431 1722201
431 6512201
431 1722201
431 3622101
431 2512301
431 3622201
431 5612101
431 2422201
431 3622101
431 2612301
431 6512101
431 6622301
431 1712201
431 1612301
431 5612101
431 6622101
431 5612101
431 5613101
431 5712101
431 6622101
431 7622001
431 7522001
431 3622101
431 6712101
431 5612101
431 3721101
431 3721101
431 7722001
431 3622301
431 1712301
431 5612101
431 3722101
431 4622201
431 3722201
431 7622001
431 3622101
431 6612301
431 6722101
431 2712301
431 6722201
431 6712301
431 3522201
431 6512101
431 7422001
431 6622201
431 1622101
431 6522201
431 6622301
431 5711201
431 3522101
431 3522201
431 6512301
431 6422301
431 5612301
431 5712901
431 3622201
431 2622301
431 6712901
431 2712201
431 6722901
431 1722201
431 6622201
431 6422101
431 7422001
431 6512101
431 6722001
431 6612301
431 7622001
431 5712101
431 2722301
431 2722201
431 1612301
431 6722301
431 6722301
431 2722301
431 2712301
431 3622211
431 6612301
431 2612301
431 2712101
431 6722301
431 3722101
431 1722201
431 5712301
431 1722101
431 6722101
431 1622101
431 6722301
431 1612101
431 5712101
431 2512101
431 1522101
431 5612201
431 5712101
431 6722201
431 6212301
431 2522301
431 6612901
431 5612101
431 5612101
431 5612104
431 5712101
431 6612101
431 5712901
431 5612201
431 6712101
431 3622201
431 1512201
431 5712101
431 2612201
431 2712301
431 6512101
431 6512901
431 6712101
431 1622101
431 3722101
431 3722101
431 6612201
431 6722301
431 5712101
431 6712901
431 6722301
431 6621301
431 2722201
431 5712101
431 3422101
431 5611111
431 5612301
431 6722201
431 3622201
431 6422101
431 6512301
431 1622201
431 3722201
431 3722101
431 2512201
431 6722301
431 1712101
431 6712901
431 2722201
431 1622101
431 6722201
431 1722301
431 4722901
431 2722301
431 6722101
431 6722301
431 6722901
431 6722901
431 5712101
431 6722201
431 1522301
431 5712201
431 2712301
431 6712301
431 3422201
431 3522101
431 6512101
431 4722201
431 6711301
431 5512104
431 6712301
431 6512301
431 2722301
431 6722101
431 2622301
431 6722901
431 5712101
431 5612101
431 6722301
431 6512301
431 7522001
431 5712101
431 5512101
431 3722201
431 7622001
431 7622001
431 3722101
431 5712301
431 1612201
431 5712101
431 6712101
431 5612101
431 6611101
431 6622301
431 6712101
431 2622301
431 1622201
431 1712101
431 2712301
431 6722101
431 6722301
431 1512201
431 3622101
431 6522301
431 6622301
431 3522201
431 6412301
431 1512201
431 1712101
431 6712101
431 5612101
431 6712101
431 6412101
431 6722001
431 6522101
431 6322201
431 2612201
431 2722301
431 3622301
431 6722901
431 2722201
431 5612101
431 6722301
431 6621111
431 5712101
431 2722301
431 3522301
431 6412301
431 5712101
431 6612201
431 1512301
431 2722201
431 2722301
431 5512101
431 3722101
431 6722301
431 3722101
431 6712201
431 6312201
431 6712301
431 1422101
431 2522101
431 6622301
431 6722101
431 6622301
431 5612104
431 2712301
431 3722101
431 6512301
431 2712101
431 2712301
431 1712101
431 1722301
431 1712201
431 2612301
431 3622101
431 6512301
431 7622001
431 4322101
431 6422101
431 5612101
431 5612101
431 6722201
431 5712101
431 6622301
431 6622301
431 3722201
431 6522901
431 6712101
431 5612101
431 6722201
431 1722101
431 1622101
431 3722201
431 5612301
431 3622101
431 3422201
431 3622201
431 3522201
431 6522101
431 2722301
431 1722101
431 7722001
431 3722101
431 1722301
431 6612301
431 3622101
431 2512901
431 6712901
431 2722201
431 6712901
431 6722901
431 2722901
431 2522901
431 2722901
431 1722901
431 6722901
431 6712301
431 2722901
431 1522901
431 1522901
431 2712901
431 6722901
431 6622901
431 6612901
431 1712901
431 5712901
431 2712301
431 5512101
431 6722301
431 2512301
431 6722101
431 2522301
431 6422201
431 6322901
431 3422201
431 3622201
431 4522101
431 6422901
431 7622001
431 1712301
431 2511201
431 6312301
431 5512201
431 1621101
431 6322101
431 3722101
431 3722101
431 5512101
431 6722301
431 1722201
431 6722101
431 2722301
431 2722101
431 5712101
431 2722301
431 3722101
431 2722301
431 6722101
431 6722301
431 5712201
431 6622304
431 5612101
431 5712301
431 4722301
431 6621101
431 5712101
431 6722211
431 5712101
431 6622301
431 3522101
431 3622101
431 3722201
431 3422201
431 3522101
431 4522201
431 6722101
431 6522301
431 3322101
431 6622201
431 6612301
431 5712101
431 3422301
431 6512901
431 1712101
431 6712101
431 5512101
431 6722101
431 5712101
431 5512101
431 2722301
431 6712101
431 6612201
431 6622101
431 2712301
431 4622201
431 5612101
431 5712101
431 1712301
431 3422101
431 6612301
431 6622201
431 5612101
431 5612101
431 6411301
431 6722201
431 6612301
431 2622101
431 2712301
431 6422201
431 6522901
431 5712101
431 7722001
431 6722301
431 5712101
431 1722201
431 1712201
431 5612201
431 6722301
431 3722101
431 3322201
431 6712301
431 6712301
431 2721101
431 6522101
431 1522301
431 3722101
431 6522301
431 7722001
431 6622101
431 6712201
431 2522301
431 3522101
431 6512201
431 6522301
431 5512101
431 3722101
431 6622201
431 6621301
431 5712301
431 6412101
431 1722101
431 3522101
431 6622201
431 5712101
431 3322101
431 5719101
431 2722201
431 3722101
431 6722201
431 4522201
431 6312301
431 5712101
431 3322101
431 2622101
431 1512301
431 6522301
431 2729901
431 6722101
431 1712201
431 6712101
431 6622901
431 6712901
431 2722901
431 3722901
431 6722901
431 6522201
431 3722301
431 3722101
431 6722301
431 1722901
431 6612901
431 5712101
431 4622101
431 6322101
431 5512101
431 2712101
431 6712101
431 5612101
431 5512201
431 6722901
431 6612901
431 6612901
431 3722101
431 6522101
431 2712301
431 6612301
431 7722001
431 6722101
431 5712101
431 6612101
431 2712101
431 3722101
431 6622101
431 6712301
431 2712201
431 2722101
431 5712101
431 2712101
431 6622101
431 6722301
431 5712101
431 6611311
431 5712101
431 6322101
431 1622201
431 2612101
431 6222101
431 6512301
431 5612101
431 2722101
431 6521101
431 2612201
431 6322101
431 3422201
431 2622201
431 3622201
431 3722301
431 2612301
431 2712101
431 5712901
431 6722901
431 2712901
431 6712901
431 6612901
431 2722901
431 1722901
431 3722901
431 4622201
431 6612201
431 6722301
431 6312101
431 3722101
431 5612101
431 3722101
431 2712301
431 5712101
431 2722101
431 6522901
431 6612301
431 6712001
431 6522201
431 3622201
431 6722301
431 5712101
431 3622101
431 6722301
431 6722101
431 5712101
431 6322101
431 6422101
431 5712101
431 7722001
431 1622101
431 6722301
431 6722301
431 5612101
431 6522901
431 6712301
431 5711101
431 5712101
431 6712301
431 6722201
431 5612101
431 3722201
431 1722301
431 7622001
431 6522301
431 6722101
431 3522101
431 1722301
431 2721201
431 1622201
431 6412901
431 6412001
431 6512901
431 6722101
431 4622201
431 6722101
431 2712301
431 2612201
431 6722101
431 6612201
431 3722101
431 3422101
431 3522201
431 5712101
431 6712301
431 1722301
431 2712301
431 1711201
431 4322101
431 4422101
431 5712101
431 5512201
431 5612101
431 5712101
431 1512201
431 6612101
431 6712301
431 1712101
431 5712101
431 6512101
431 6512301
431 6722301
431 3722201
431 6622101
431 5712301
431 2722901
431 6722901
431 6722901
431 3622101
431 6622101
431 6622201
431 5712101
431 5512101
431 5612101
431 6712901
431 6712201
431 2612301
431 1522201
431 3622201
431 6522101
431 1512201
431 6712301
431 3622301
431 6722301
431 2622101
431 6322201
431 6412301
431 6722101
431 6612101
431 6522901
431 3622101
431 5512101
431 6612301
431 6712101
431 3622201
431 6522301
431 2722101
431 6712301
431 5719101
431 6612301
431 6622901
431 3422201
431 5712101
431 6711301
431 1622101
431 7422001
431 1722301
431 6622101
431 6722101
431 5712101
431 3629101
431 5612301
431 5512101
431 6722901
431 3622101
431 1721101
431 6712101
431 6712301
431 6312301
431 3622201
431 6612201
431 6622301
431 2612301
431 6512301
431 6712301
431 6621301
431 6622101
431 7622001
431 6712101
431 5712101
431 3622101
431 6712301
431 2722301
431 3622101
431 3622101
431 6722201
431 3722201
431 6612301
431 3622101
431 6612101
431 6512301
431 3622101
431 3722101
431 6512101
431 3722101
431 2712301
431 6512201
431 2612301
431 1512201
431 5512101
431 2722101
431 2612201
431 2712301
431 6712901
431 2722301
431 1612301
431 6512301
431 6512301
431 2512101
431 1722201
431 3622101
431 2722301
431 6412901
431 6622101
431 1512301
431 1722301
431 2722101
431 1722301
431 6712101
431 5612101
431 2522201
431 6622901
431 6612301
431 6712211
431 6722101
431 6512301
431 3722101
431 6712201
431 6712101
431 5612101
431 5712101
431 5612101
431 2722301
431 6622301
431 6722301
431 1712301
431 3621101
431 6712901
431 6722901
431 6522201
431 6712101
431 7622001
431 3522201
431 6722201
431 6712301
431 2722301
431 3722101
431 1722101
431 5612101
431 6512301
431 6712101
431 5712201
431 6711301
431 6722201
431 5512901
431 6712101
431 6622201
431 3621101
431 1522301
431 1522301
431 3722201
431 5612101
431 1612301
431 6712901
431 4722301
431 1722101
431 5712101
431 3722101
431 1612201
431 6722301
431 7722001
431 3622201
431 5612101
431 6712901
431 5719101
431 1722101
431 6612301
431 1412901
431 3722901
431 5712901
431 2722901
431 3622901
431 5712901
431 6522901
431 5712901
431 6522901
431 5712301
431 5712901
431 6622901
431 1722901
431 1712901
431 5712101
431 1712201
431 2622301
431 4622201
431 2612101
431 1622101
432 3422201
432 5512101
431 3422101
432 3722101
432 5512201
432 6512301
432 6622201
431 7522001
432 5612301
431 6721111
432 1712101
432 2722201
432 6722301
432 6722201
432 3722101
432 7722001
432 3621201
431 2722301
431 6512101
431 6722301
431 2712301
431 6712901
431 6712901
431 5712101
431 2722301
431 1722201
431 3722201
431 6722201
431 3722201
431 7522001
431 6622104
432 1712201
432 1712201
432 5712101
432 3722201
432 3622201
432 6312101
432 6722201
432 6512101
432 6712101
432 6722101
432 2512301
432 6622101
431 2522301
432 6612301
431 6512901
431 1522101
431 6422101
432 3622301
432 3522101
432 3522101
432 5612201
431 6612201
432 1612101
432 3622101
432 6722301
432 1612101
432 2622101
432 1622301
432 5612201
432 3722201
432 2722301
432 6412301
432 3722101
432 3722201
432 1512201
432 6512001
432 6512101
432 6722301
432 6622201
432 6522301
432 6722301
432 7722001
432 6512201
432 1722301
432 6722901
432 1612301
431 2622901
432 6612201
432 6711111
432 7622001
431 5712101
432 6622301
432 5612101
432 3722201
432 6722301
432 6722101
432 5612201
431 6522101
432 6622101
432 2622201
432 6612201
432 6722301
431 5712101
431 1622301
432 1612201
432 5712301
432 6712201
432 1712101
432 1612101
432 3522201
432 1712101
432 7722001
432 3522201
432 7522001
432 2512301
432 2722301
432 6522301
432 6522101
432 6612301
432 6512301
432 6722301
432 3622101
432 5612201
432 6422101
432 6722101
432 6622101
432 3721201
432 1622101
432 6612301
432 6522301
432 1612101
432 1612301
432 6512301
431 6612301
431 5712101
432 6712001
432 6722201
432 6612301
432 7422001
432 3522101
432 6612101
432 2512201
432 1622901
432 1612901
432 1512101
432 5512101
432 5612101
431 5612301
432 2722301
432 1722101
432 2622301
432 1722201
432 6712001
432 7722001
432 6722301
432 5712101
432 6621101
432 5612101
432 2722201
432 6112101
432 6422101
432 6312101
432 2622101
432 6522101
431 2612301
432 6512201
432 1612301
432 5512101
431 5512101
432 6522301
432 6722101
431 2712101
432 4722201
432 6312301
432 6612301
431 6612201
432 2712301
431 3522101
432 6722301
432 5612301
432 1512201
432 6722301
432 6712901
432 5612101
432 1722301
432 1712101
432 6722101
431 2522201
432 1722201
432 5712301
432 5612201
432 2722301
432 6612211
432 5712301
432 6712901
432 5712901
432 1722201
432 6721101
431 1722301
431 2622301
432 2412901
432 1521901
432 1521901
432 1512301
432 5512101
432 4722911
432 6622301
431 1622201
432 3622101
432 2722101
432 7722004
432 6722201
432 5612101
432 3722201
432 2722101
432 6312101
432 1712201
432 6521201
432 3622201
432 6612301
432 5512101
431 2612301
432 6622201
432 3622201
431 6522901
432 2622311
432 6722001
432 1621201
432 7722001
432 2722301
432 6522301
432 6622201
432 6722201
432 6722901
432 6622301
432 3622101
431 6612301
432 3522201
432 6512101
432 7622001
432 6522301
432 6612301
432 6722301
432 2622301
431 2712301
431 1712901
432 6622101
432 1522301
432 3722101
432 5712101
431 6722101
432 4322101
431 6622301
432 6722101
432 2712301
431 6712101
432 6722201
432 6712301
432 6522901
432 3721201
432 6612201
432 3522101
432 6722301
432 1322301
432 6522101
432 6422101
432 5612101
432 2512301
432 5712101
432 6512301
432 5612101
432 3622101
432 5612101
432 5612101
432 3522201
432 6622101
432 5612101
432 1722101
432 3722101
432 3522201
431 5711101
432 5612101
432 1722101
432 6612301
432 2622201
432 6522101
432 6712001
432 6612101
432 6512301
432 2712301
432 6412201
432 6612101
432 6722301
432 1712101
432 3722201
432 6612301
432 5512201
432 2622101
432 6712301
432 6512101
432 1722901
432 5712101
432 5712101
432 3622201
432 5712101
432 6722301
432 6222101
432 5712101
432 6722301
432 5512201
432 3622201
432 6522201
432 1512201
432 6522901
432 1512301
432 3522101
432 2612301
432 6722301
431 6612901
432 2722301
432 6722301
432 2722201
432 6722101
432 6722301
432 5712101
432 1722201
431 2512911
432 6722301
432 6622301
432 2712301
432 6722301
432 6712101
432 6612201
432 2522101
432 2712201
432 6412301
432 6712301
431 2722301
431 6711901
432 7322001
432 5712101
432 6523201
432 5512101
432 6712901
432 3422101
432 6712901
431 5719901
431 6722301
432 6722301
431 6622301
432 6622101
431 3722301
432 2522101
432 1722301
432 7622001
431 2722901
432 1622201
432 6522901
431 2722901
431 6722201
432 1612201
431 3522901
431 6722901
431 6622901
431 3722901
432 5712101
431 2612301
432 6412201
432 2622301
432 6722201
432 3522301
432 1622301
432 6511111
432 3622201
432 6522101
432 2612301
432 6422101
432 6722101
432 6712301
432 1612201
432 6711201
432 3722201
432 6612201
432 6511901
431 6322101
432 6612101
431 5712101
432 7622001
432 1612101
432 2622301
432 6522101
432 2712201
432 6712201
432 6712101
432 2722201
432 6722101
432 2722201
432 2722301
432 6722101
432 6722101
432 6622901
432 1712101
432 1712101
432 3722101
432 6722101
432 5612101
432 3622101
432 6522301
432 6612201
432 6512101
432 5612101
432 3422201
432 6622301
432 6722301
432 6712201
432 6722301
432 7622001
432 7622001
432 3722101
432 5712101
432 6712901
432 1722901
432 5512101
432 3722101
432 3622301
432 6712001
432 5612201
432 5612101
432 6712301
432 6722301
432 6712101
432 6712301
432 1722901
432 6512101
432 2722201
432 5712201
432 3522101
432 2722301
432 6722201
432 2712301
432 5612101
432 6722901
432 7722001
432 2622101
432 1512301
432 3722201
432 3722201
432 2612301
432 2622301
432 5712301
432 5712101
432 3622201
432 6712201
432 5612101
432 5612101
432 3622301
432 7622001
432 2722301
432 6622201
432 1721201
432 6622901
432 6412201
432 3622201
432 6722101
432 5512101
432 6722301
432 6712301
432 1622301
432 5712101
432 5612101
432 5612101
432 7522001
432 6712301
432 3722101
432 7722001
432 1722901
432 3722101
432 6722301
432 5712101
432 2722201
432 5512101
432 5712101
432 1612201
432 5712101
432 5712101
432 2722301
432 3722201
432 1712101
432 3522101
431 5712901
432 1722101
432 1722201
432 1722901
432 6422301
432 6512901
432 6522301
432 3722201
432 7422001
432 6722201
432 5712101
432 2612301
432 6622101
432 7722001
432 2612201
432 6712301
432 2722301
432 3622101
432 1712101
432 6712101
432 2712301
432 1722201
432 5612101
432 6722201
432 2712301
432 6512101
432 3522201
432 2722301
432 1712201
432 6622901
432 6722901
432 3522901
432 6722901
432 2712301
432 2712301
432 1722101
432 1722201
432 1722101
432 6722101
432 2722201
432 1712201
432 6612101
432 6722101
432 7622001
432 5612101
432 3722201
432 3422101
432 3422301
432 4322201
432 4522101
432 2722301
432 3422201
432 2622301
432 6522101
432 5712301
432 2722201
432 6612101
432 6722301
432 6622101
432 4522201
432 6512201
432 3622101
432 3622201
432 3722301
432 6722101
432 2722101
432 6712301
432 2712901
432 5612101
432 3522201
432 3522101
432 6722101
431 2622301
432 6722101
432 6522201
432 2512301
432 2712901
432 6722901
432 5712301
432 5712301
432 6722901
432 3722101
432 6512901
432 6512311
432 7722001
432 1722101
432 6712101
432 6622201
432 7622001
432 6611301
432 2622301
432 1712301
432 1722201
432 6512901
432 6722101
432 6612301
432 1712901
432 2722901
432 6612001
432 1712301
432 1722101
432 6712201
432 2712301
432 6722101
432 5712101
432 6722301
432 6722101
432 1712201
432 6722901
432 5612101
432 3622901
432 2522101
432 5712101
432 5512101
432 6722111
432 3522101
432 2522201
432 6422301
432 6422301
432 3421201
432 6512101
432 6712301
432 6712901
432 1722901
432 2712901
432 3522201
432 5612101
432 3721901
432 3721901
432 2722201
432 3722101
432 6712101
432 6612301
432 3521201
432 7722001
432 5712101
432 6712101
432 3622301
432 6612901
432 2722901
432 2722901
432 6712901
432 1722901
431 5612101
431 5712101
431 2712101
432 6512301
432 6712201
432 3622201
432 2612201
432 1512301
432 6712901
432 2722901
432 6712101
432 6522201
432 3722301
432 3722301
432 2722901
432 2612301
432 2712301
432 6512201
432 6712901
432 3622101
432 6722301
432 1622311
432 3722101
432 1722301
432 3522101
432 6622301
432 2522301
432 7722001
432 6512301
432 2722201
432 6722901
432 6722101
432 7622001
432 5712101
432 2712301
432 6712101
432 6722301
432 6522101
432 6622201
432 6612201
432 6722201
432 3522201
432 7522001
432 3722201
432 2622301
432 3722101
432 1512301
432 2522301
432 2712101
432 3722101
432 5519101
432 1712201
432 6722301
432 6622101
432 2722301
432 6712301
432 1612101
432 6712901
431 5712101
432 2712901
432 6722301
432 5612101
432 6722101
432 6712101
432 6712301
431 6612301
432 5712301
432 6312901
432 1712101
432 6322101
432 6622901
432 6622301
432 6622201
432 6512101
432 2622901
432 6622901
432 6722301
432 1612201
432 6512101
432 6522201
432 6722201
432 1522201
432 1712301
432 2722301
432 6512101
432 6522101
432 6722901
432 3722101
432 6722301
432 5612201
432 3522101
432 2612201
432 2612301
432 6612201
432 3722201
432 6512201
432 5712101
432 2612301
432 3722101
432 2722101
432 2722101
432 6612201
431 6722101
432 2712301
432 6722101
432 6622301
432 3622201
432 6722201
432 6722101
432 3722101
432 6722301
432 3722101
432 6722201
432 6622901
432 2612301
432 5712101
432 6722301
432 7622001
432 6612101
432 6612101
432 6622201
432 6522201
432 2712301
432 1712301
432 6522101
432 6722201
432 6322101
432 6611301
432 6522101
432 6522101
432 6322301
432 6412101
432 2622301
432 5612201
432 1722201
432 7722001
432 2622201
432 2722201
432 2712301
432 6712201
432 2722301
432 6712101
432 6522101
432 6512301
432 2612301
432 3722101
432 6722001
432 2622101
432 6622201
432 5712101
432 6722301
432 3622201
432 5712101
432 2712201
432 6622201
432 6622101
432 4522201
432 6422301
432 6622301
432 5712301
432 6722301
432 6622101
432 2622101
432 6612101
432 6622301
432 6622101
432 3722301
432 3722301
432 5612101
432 2522301
432 6712201
432 3522101
432 1622101
432 6622301
432 1712301
432 6712101
432 6722101
432 7522001
432 7722001
432 2722301
432 6612101
432 1722101
432 1722901
432 6712201
432 6712301
432 1622201
432 3421111
432 3722101
432 6712101
432 3721101
432 5712201
432 6522301
432 3722201
432 6319111
432 6612201
432 6722101
432 6312301
432 2722301
432 6722101
432 6422301
432 2712301
432 6722301
432 6712001
432 2722201
432 2522101
432 4622201
432 2512301
432 2722901
432 1522201
432 6422901
431 2622901
432 2622301
432 6722301
432 6722901
432 6712301
432 6612101
432 5712101
432 5612101
431 6412201
432 6722301
432 5719301
432 5612101
432 6412101
432 3622201
432 3722101
432 6722301
432 6622101
432 6522301
432 6612901
432 2712301
432 6722101
432 3422101
432 6521211
432 3622101
432 6722101
432 6622101
432 6722101
432 6512301
432 2712301
432 6612101
432 2712301
432 5712101
432 2712301
432 2712301
432 6612101
432 1722101
432 3722101
432 6722101
432 5712101
432 6622201
432 1522301
432 5512101
432 6622301
432 2622201
432 1612301
432 6712201
432 5512201
432 2722301
432 6621301
432 1722101
432 1612101
432 1722101
432 6622101
432 1712101
432 6722301
432 6312301
432 3722201
432 5512201
432 7422001
432 7622001
432 6612301
432 3622101
432 6512101
432 3322201
432 6622301
432 2722301
432 3722301
432 3529101
432 3522201
432 5712101
432 3522101
432 6722301
432 6722101
432 2722901
432 5712901
432 2722901
432 2712901
432 5612101
432 6722101
432 5612101
432 6622101
432 3622101
432 6722301
432 3722101
432 6612201
432 6622101
432 6722301
432 6722301
432 3622201
432 6712101
432 6722301
432 3722101
432 5712901
432 6722901
432 3722101
432 5611101
432 3722101
432 6622201
432 2412301
432 5712101
432 6712901
432 5612101
432 3722901
431 6712901
432 6722101
432 1622201
432 3722101
432 2712201
432 3622101
432 3722101
432 5712101
432 5512101
432 6522901
432 6722101
432 2722301
432 5512101
432 6722301
432 6522301
432 2712101
432 2612201
432 7722001
432 6522301
432 6312301
432 3722101
432 1512101
432 6422101
432 6522201
432 6512301
432 5712101
432 5612101
432 6722201
432 6712901
432 2712101
432 2712201
432 3722101
432 2722201
432 6712101
432 2622101
432 6722301
432 5612201
432 2712101
432 1622301
432 6722101
432 1622101
432 3722101
432 5712101
432 7722001
432 6622101
432 3622101
432 4622201
432 3622101
432 3722101
432 1712101
432 3722101
432 7722001
432 3722101
432 1722201
432 6522101
432 6612101
432 6722301
432 6512101
432 6722101
432 6622101
432 1622101
432 6622301
432 5712101
432 2622301
432 3622101
432 2722301
432 2622301
432 6722301
432 6612101
432 5712101
432 5612201
432 6722301
432 5712101
432 5612201
432 6722301
432 6722901
432 5712101
432 6722301
432 6621301
432 6621101
432 6422301
432 6622101
432 6412201
432 1712301
432 6322201
432 3522101
432 3622201
432 3522101
432 2722301
432 1522201
432 6612001
432 6712301
432 6722301
432 6522201
432 7722001
432 6722301
432 6722201
432 3722301
432 6612101
432 6722101
432 7522001
432 2722101
432 3421201
432 6722201
432 6612301
432 2722301
432 6722101
432 3522101
432 1522301
432 6722201
432 5612201
432 3422201
432 5612301
432 6722101
432 6722301
432 6422901
432 6722901
432 2522201
432 6722901
432 6622101
432 6722101
432 4722301
432 4622301
432 3722101
432 4622201
432 2722101
432 6512101
432 2522201
432 5712301
432 2622301
432 6722301
432 6612201
432 6322201
432 2722101
432 3722101
432 3722101
432 3422301
432 3722301
432 3522101
432 6512201
432 2722101
432 1722101
432 1712201
432 3522201
432 6721901
432 6522301
432 6722101
432 3722104
432 3722101
432 2712301
432 1712101
432 6712301
432 4722201
432 3622201
432 6612301
432 6422301
432 3522101
432 1622201
432 6712301
432 6312201
432 1711201
432 2711101
432 6412101
432 6512201
432 6622301
432 5512101
432 6722201
432 6622201
432 5612101
432 2712301
432 6712101
432 6712301
432 6512101
432 5712101
432 4522201
432 2612301
432 1712201
432 5611101
432 6522101
432 6612001
432 2622201
432 1512201
432 6712901
432 6722301
432 5711211
432 5512201
432 6722101
432 3522101
432 2712301
432 6712301
432 1322201
432 6712201
432 3622101
432 6712201
432 7722001
432 6712301
432 6712101
432 6522101
432 5612101
432 6712001
432 6722201
432 6722301
432 3522201
432 5712101
431 3622101
432 2622301
432 6612201
432 3322201
432 6722301
432 6722301
432 1412201
432 5612301
432 6722101
432 1712111
432 6612301
432 2622201
432 2712901
432 1722101
432 6712901
432 6612901
432 6522301
432 5612101
432 6722901
432 2612301
432 6512201
432 6612301
432 6722901
432 5712101
432 6712101
432 6612201
432 1722301
432 6612901
432 6612301
432 5612301
432 6612201
432 6712101
432 5612101
432 2622301
432 5612301
432 5712201
432 5612301
432 2622101
432 2722301
432 2622201
432 3621101
432 6412201
432 6722101
432 2722201
432 2511311
432 1722901
432 1712901
432 6722901
432 6612901
432 6722901
432 5712901
432 3722201
432 6722201
432 6712901
432 6712901
432 3722901
432 3622101
432 3622201
432 3722101
432 3722101
432 5712101
432 6612201
432 1712201
432 2712301
432 6722301
432 1712201
432 3622901
432 6712301
432 5612101
432 2722301
432 3722101
432 5712301
432 6722301
432 4522201
432 6722301
432 6712201
432 6722301
432 6622101
432 6422101
432 3722101
432 5611101
432 1622201
432 2712201
432 6722101
432 3522101
432 6522101
432 2521101
432 7722001
432 1712101
432 6622301
432 6722201
432 6622301
432 5612101
432 6722101
432 5612101
432 6612301
432 6612101
432 5612101
432 2722301
432 6612301
432 6612101
432 6712301
432 2512301
432 2722301
432 3722101
432 1712301
432 7621001
432 2722301
432 2722201
432 6722301
432 5611301
432 5512201
432 6512201
432 6622101
432 5612201
432 5512101
432 3622101
432 2422301
432 3422201
432 6622101
432 3422201
432 6412201
432 1712301
432 5712201
432 6612301
432 3622101
432 3523101
432 3523101
432 3622201
432 7322001
432 7622001
432 1612101
432 6712301
432 6722301
432 6612301
432 1722101
432 1612101
432 2622201
432 6522301
432 2612301
432 1722301
432 2722301
432 1622301
432 3622101
432 5612101
432 6722101
432 3622101
432 1712301
432 3522101
432 6712301
432 5712101
432 2612301
432 5713901
432 1712101
432 1612201
432 2612204
432 2612204
432 3722101
432 6622101
432 6722301
432 3722301
432 3722101
432 6322301
432 6722301
432 6722101
432 6722101
432 3622201
432 6422101
432 6512101
432 1722301
432 6422301
432 5712101
432 6722301
432 1712201
432 6712301
432 1622201
432 3522101
432 5712901
432 6722301
432 1712201
432 1322101
432 5612101
432 3722201
432 6522201
432 5612101
432 6612301
432 6622301
432 7622001
432 2512301
432 2711311
432 2722301
432 5711101
432 6721101
432 6722301
432 1522301
432 6712901
432 6722301
432 4722301
432 6722301
432 6622301
432 5612101
432 1622101
432 1712301
432 5612101
432 3722201
432 6722101
432 5612101
432 1712901
432 6622201
432 6722301
432 6622301
432 1721301
432 5712201
432 3322301
432 6722201
432 6722201
432 2722301
432 3622101
432 4322201
432 6612301
432 1722301
432 3722301
432 6712301
432 4722101
432 5712101
432 5712101
432 5712101
432 6622301
432 6612101
432 6712301
432 6722301
432 5612101
432 6612201
432 5512101
432 5512101
432 6422301
432 5612101
432 5612301
432 2612301
432 5512101
432 6612301
432 6722301
432 3322101
432 7722001
432 6612301
432 3722101
432 6722101
432 3722201
432 3622101
432 1622201
432 6412201
432 3622201
432 6622201
432 1722301
432 3722101
432 6722301
432 6722101
432 5712201
432 6712101
432 6612201
432 6722901
432 1722101
432 2712901
432 2612901
432 6612901
432 6612901
432 6112301
432 6712201
432 6722301
432 6722301
432 6712101
432 5612201
432 3722901
432 3722901
432 5712901
432 6712901
432 5712901
432 1622101
432 2722201
432 3622201
432 6712101
432 7622001
432 3622101
432 6712301
432 6712901
432 6612901
432 6722301
432 6712901
432 6712301
432 6612301
432 6622301
432 6612201
432 2712301
432 1712101
432 6722901
432 6612901
432 1722101
432 1622301
432 2612301
432 2712201
432 5612101
432 6522001
432 6712901
432 6722201
432 6722301
432 3622101
432 6722301
432 5612101
432 1712101
432 6622301
432 1722901
432 6522901
431 6522201
432 3522201
432 6622201
432 6622301
432 2722301
432 3522101
432 6712201
432 6712301
432 3522201
432 1512101
432 6422101
432 1722101
432 6412101
432 5612101
432 6722101
432 6622101
432 6412201
432 2712101
432 2622301
432 6612201
432 6521301
432 5612101
432 5612301
432 3622201
432 6712301
432 6622201
432 6512201
432 5712101
432 5612101
432 2722301
432 2522101
432 3722101
432 5612201
432 5612201
432 2712201
431 6712301
432 2722301
432 7722001
432 3722101
432 5512101
432 5512301
432 6512101
432 6612201
432 5612101
432 5612201
432 6512101
432 5612101
432 5712201
432 1612201
432 5612101
432 5612101
432 6712301
432 6522301
432 5612101
432 5712101
432 6312101
432 2622101
432 6612301
432 6722201
432 2722301
432 6712901
432 2711901
432 6712901
432 6612901
432 6712901
432 6712901
432 5712111
432 6722301
432 1722901
432 5712301
432 6522901
432 2722301
432 1712301
432 2712301
432 2612301
432 4623201
432 5512101
432 6622101
432 5712301
432 6412201
432 6512204
432 6712901
432 6712101
432 6712901
432 1712901
432 1712901
432 6712901
432 6722901
432 6612901
432 6722901
432 2722901
432 5712901
432 6712901
432 2712901