471 6712201
471 5612101
471 6512101
471 2522301
471 5712101
471 5512101
471 3722201
471 1712201
471 3422101
471 6622101
471 6722101
471 1722201
471 2722101
471 6622101
471 7622001
471 6612301
471 6722301
471 6711311
471 7722001
471 3622101
471 6722201
471 1722301
471 6522201
471 6322101
471 2612301
471 6721201
471 3722101
471 6612201
471 2522301
471 3722101
471 6712201
471 5712101
471 6712101
471 2722301
471 1712101
471 5612101
471 3722201
471 2722201
471 5712101
471 1622101
471 2712301
471 5612101
471 3422201
471 2722301
471 3722901
471 5612301
471 1612101
471 3622201
471 3622101
471 1622101
471 6722301
471 6429101
471 6722201
471 6312101
471 2522301
471 5712101
471 6712101
471 1512301
471 6721301
471 5712101
471 6712301
471 3722201
471 7722001
471 1522201
471 2712201
471 6712001
471 2612301
471 6712301
471 5712101
471 5612101
471 3722101
471 6722201
471 5512101
471 5612101
471 1612101
471 6312201
471 6722301
471 6612201
471 5712101
471 2712301
471 2712301
471 6722301
471 2712301
471 3622201
471 1412301
471 3722901
471 2712201
471 6722201
471 1622101
471 6711901
471 5712101
471 1622201
471 6722301
471 2722301
471 5712101
471 5712101
471 2722201
471 4522201
471 1722101
471 5612101
471 3622201
471 5612101
471 6712901
471 1722101
471 1722301
471 6722101
471 5712101
471 2722901
471 3622101
471 7522001
471 2712201
472 6612001
472 6722101
472 6712101
472 6422301
472 6412201
472 1622201
472 1722101
472 1522101
472 5612101
472 3722201
472 1712201
472 2722901
472 6522301
471 5612101
472 6622201
472 6612301
472 6212101
472 1712101
472 6712201
472 6722301
472 1722901
472 2722101
472 3522101
471 6512901
472 7722001
471 2612301
472 6712201
472 6722101
472 3622201
472 6722301
472 6512301
472 6722201
472 3422101
472 2622901
472 6712101
472 5612101
472 6722201
472 5712301
471 6722301
472 3522101
472 6712201
472 6722301
472 6622101
472 1722201
472 6722301
472 6712301
472 6722101
472 3522201
472 6712901
472 6722301
472 2722101
472 6722301
472 3722301
472 6722901
472 6612101
472 5712101
472 3622101
472 3722101
472 6512301
472 6522101
472 5612101
472 6722301
472 6612101
472 3722101
472 5712101
472 1522101
472 2522301
472 6712301
472 7722001
472 5712101
472 3622301
471 6712101
472 5512301
472 1722201
472 5612101
472 6712101
472 6422301
472 6712301
472 1722201
472 6422101
472 6522101
472 2722101
472 5512101
472 6512101
472 2722301
472 6712101
472 7722001
472 6612901