481 1522101
481 6712101
481 2722301
481 6622101
481 1622101
481 1722101
481 1722101
481 3722101
481 6722101
481 5612101
481 7522001
481 5512101
481 6722101
481 5612101
481 5712201
481 1622201
481 3722101
481 2622201
481 5512201
481 2622101
481 6722101
481 7722001
481 7722001
481 7422001
481 3722101
481 6712101
481 3722201
481 3622201
481 6712101
481 5712101
481 1712101
481 6522301
481 2722301
481 5512201
481 6722101
481 1722201
481 6722301
481 1722301
481 1622301
481 5712101
481 5512101
481 2722101
481 1712201
481 6712201
481 7522001
481 2712301
481 2721101
481 3722201
481 6612201
481 7522001
481 5612101
481 3722101
481 6722201
481 1622301
481 6522101
481 6722101
481 6722301
481 2522101
481 3622201
481 3522201
481 6711201
481 3722101
481 1712201
481 3722201
481 5612101
481 2612301
481 3722201
481 2322201
481 6422301
481 5712101
481 1522101
481 6722101
481 3322201
481 4722201
481 3722101
481 6712201
481 6722901
481 2722301
481 2712201
481 1712201
481 6712901
481 6712201
481 2722301
481 5612201
481 1422201
481 1622301
481 2622301
481 5612101
481 1722201
481 1712201
481 6722101
481 5712101
481 1722101
481 1711101
481 6712901
481 7722001
481 5512101
481 1722201
481 2512301
481 6512301
481 2722101
481 1622101
481 3422201
481 6411101
481 5612101
481 5612101
481 7722001
481 6712301
481 3722101
481 5612201
481 5712101
481 5712101
481 4722201
481 3722301
481 6722301
481 6412101
481 5712101
481 6622301
481 6712301
481 6722201
481 1712101
481 2712201
481 6212101
481 1622301
481 3622101
481 3622201
481 6722901
481 6622301
481 1712101
481 5712101
481 5712101
481 3522301
481 2722201
481 3722101
481 5712101
481 3722101
481 2522101
481 6522301
481 1712201
481 1712101
481 3722101
481 6512101
481 7622001
481 3522201
481 6722301
481 6712301
481 1722101
481 1612301
481 6712101
481 3622101
481 5612101
481 7722001
481 6622201
481 3422101
481 1722101
481 2422201
481 6212201
481 5612101
481 6712301
481 5612201
481 6712901
481 3522201
481 6712101
481 6721201
481 2712201
481 6712301
481 6722301
481 2712301
481 6512301
481 2712301
481 6722901
481 6722101
481 1722201
481 2722101
481 3721111
481 2612301
481 2622301
481 2622301
481 6612101
481 6612101
481 5712101
481 6712901
481 6721301
481 6721001
481 5612101
481 6612201
481 6722201
481 6512301
481 3722101
481 5712101
481 5712101
481 5712201
481 6722201
481 5712101
481 5712101
481 6712201
481 6612101
481 5712101
481 1712901
481 5612101
481 7622001
481 6712901
481 3522901
481 5712101
481 6712301
481 6722901
481 6722901
481 2712901
481 6712301
481 5612101
481 1712101
481 5712901
481 5712101
481 5712101
481 2712301
481 2712301
481 1712101
481 3722101
481 6712301
481 5612101
481 2622201
481 1712101
481 3722201
481 1722101
481 1712901
481 6712301
481 6722301
481 2712301
481 1622101
481 3622301
481 5712101
481 5712101
481 6712301
481 5612101
481 5712101
481 5712101
481 5612101
481 5612101
481 2512301
481 6522901
481 5712101
481 1722201
481 2712201
481 5712101
481 1422301
481 7722001
481 1712101
481 3722301
481 5712101
481 6612301
481 1622301
481 6612101
481 1712101
481 1712301
481 6712101
481 6722101
481 6612201
481 3722201
481 5712201
481 5712101
481 6522101
481 6612101
481 7722001
481 5712101
481 6712901
481 3522101
481 6622101
481 6712101
481 3722101
481 6712101
481 6712301
481 3721111
481 2712301
481 3722201
481 3722101
481 3722101
481 6722301
481 5712101
481 3522301
481 5512101
481 5712101
481 1722301
481 6711101
481 5712101
481 2712301
481 6712101
481 6622201
481 5712101
481 3722101
481 6412901
481 3522101
481 6712901
481 6512201
481 7722001
481 2721311
481 5712101
481 1611201
481 3722201
481 3722201
481 5712101
481 6712101
481 6722301
481 6712301
481 5712201
481 2622101
481 1722201
481 6521201
481 6512001
481 6712901
481 6722101
481 3722101
481 6622201
481 6712311
481 1512101
481 3622101
481 1722201
481 3722101
481 6712301
481 1722201
481 1722101
481 2711201
481 6722101
481 6722101
481 3722101
481 2512301
481 6722301
481 3522101
481 5712101
481 6721201
481 2712101
481 1712101
481 7722001
481 5612101
481 3422201
481 6612301
481 5712101
481 1712201
481 2712201
481 3622101
481 6712101
481 2722901
481 5712901
481 2722901
481 2512901
481 2722901
481 6422201
481 3722101
481 6622101
481 6322201
481 6722301
481 2722101
481 2712201
481 6522101
481 3722101
481 5712101
481 5712101
481 6712001
481 3722101
481 7722001
481 3722101
481 5512101
481 1722301
481 2712301
481 3722101
481 6712301
481 2622201
481 6722201
481 7522001
481 2712301
481 6622101
481 7622001
481 5512101
481 1622901
481 2712301
481 5712101
481 6712101
481 2612201
481 6612101
481 6712901
481 1722201
481 6722301
481 6722311
481 6712101
481 6712201
481 6722301
481 5712301
481 1722201
481 1722201
481 5612201
481 6712201
481 6722201
481 3522201
481 5712101
481 6722301
481 6712901
481 5719101
481 6712101
481 3722101
481 3722201
481 5712101
481 7721011
481 3622201
481 3522201
481 3522101
481 6722201
481 3622201
481 1712901
481 6612201
481 2612301
481 2612301
481 6312301
481 7522001
481 6722101
481 7522001
481 6722201
481 1722201
481 1512101
481 6711301
481 5612901
481 7622001
481 5612101
481 6522101
481 6722101
481 2712301
481 6622301
481 6612301
481 2712201
481 6512201
481 7722001
481 3722101
481 1612201
481 2622901
481 6722901
481 6712301
481 6722901
481 3722101
481 1712901
481 6711211
481 3722101
481 3721111
481 6712101
481 5612101
481 6522301
481 2622301
481 2622101
481 6422901
481 6521301
481 6712301
481 6622001
481 6712001
481 6521201
481 6712201
481 2721101
481 6722301
481 6612301
481 2612301
481 2722101
481 6412101
481 7722001
481 1722201
481 1712101
481 3722101
481 3722101
481 6622101
481 6711111
481 6722201
481 3722201
481 3722101
481 7722001
481 3721101
481 3422101
481 6712301
481 6712201
481 6612201
481 6512901
481 6611201
481 5612101
481 3722101
481 1622201
481 1712301
481 5712101
481 7522001
481 2622101
481 2722201
481 6722101
481 3722101
481 1722301
481 3422101
481 5712101
481 2722101
481 6722101
481 6619901
481 5712101
481 3522101
481 2712201
481 6612101
481 6612101
481 5711101
481 1712101
481 6712201
481 2712301
481 6612301
481 3722101
481 3622201
481 5612101
481 5519101
481 3722201
481 6112101
481 1712101
481 1711101
481 3622101
481 5612101
481 3722101
481 5612101
481 5712101
481 5712901
481 1722301
481 6712901
481 2712301
481 6722901
481 3622201
482 5712301
482 3722201
482 2722301
482 6612101
482 6711301
481 6622301
482 6722301
481 3722101
481 6712101
481 3522101
481 1712201
481 5712201
481 3522101
481 7722001
481 6322301
481 6612301
482 1712201
482 7722001
482 1722101
482 1712101
482 3622101
482 6712901
482 6622201
482 2712301
482 3722101
482 6522201
482 6712101
482 6522301
481 6712301
482 1712101
482 6622301
482 6622211
481 1722201
482 2622201
482 6612301
482 6722101
482 6722201
482 3722101
482 1622101
482 3422201
482 3522201
481 5612101
482 6721911
482 6522201
482 7722001
482 3722301
482 1712201
482 1712201
482 4622901
482 1512101
482 3622101
482 6712101
482 1722201
481 5712101
482 1522101
482 5712201
482 6712301
482 5712101
482 6712201
482 2722301
481 5612101
482 4321111
482 1712201
482 2712101
482 1712301
482 2712301
481 5612101
482 2712101
482 5712901
482 2622201
482 3721101
482 1722301
482 5712301
482 6712001
482 6722201
482 6712101
482 2712301
482 2712301
482 6712101
482 3622201
482 3722301
482 3722101
482 6722201
482 5712201
482 5512101
482 6622001
482 6712301
482 7722001
482 6722201
482 7722001
482 3622201
482 6522101
482 6722101
482 7722001
482 3522201
482 3522201
482 6722101
482 1722101
482 1722201
482 3522101
482 6512201
482 1712201
481 3522101
482 4722101
481 5512101
482 7622001
482 7622001
482 6712101
482 2722201
482 2712301
482 3722201
482 6711111
482 6712301
482 6712301
482 6622301
482 6622901
481 1722901
482 7522001
482 6722901
482 6522301
481 6722301
482 6722101
482 1712301
482 1512101
482 6512901
482 2722201
482 2612301
482 3722101
482 6722901
482 2722301
482 5712101
482 5712101
481 1722101
482 6422101
482 2722101
482 5719101
482 3522201
482 6712301
482 5719101
482 5719101
482 6722101
481 2712901
481 1522201
482 6712101
482 6622301
482 3522101
482 1412301
482 6612101
482 6612301
482 6322201
482 5611111
482 5712101
482 6712301
482 3422201
482 3722101
482 2722301
482 6612101
482 3422201
482 1612101
482 5612101
482 3622101
482 3422101
482 5612101
482 7722001
482 2722301
482 2712101
482 3622201
482 5712101
482 6722301
482 7722001
482 3522101
482 6722301
482 6722101
482 4521111
482 3722201
482 2722201
481 5712101
482 3722101
482 7622001
482 1712201
482 1712201
482 1712201
482 6722101
482 6622101
482 5712101
482 6722901
482 6522301
481 3621201
482 5712101
482 6621101
482 3622101
482 5712101
482 3422101
481 5712101
482 6712301
482 6722101
482 2522101
482 6422101
482 3722201
482 6722101
482 6712301
482 3722101
482 6513301
482 5612101
482 6712101
482 5719101
482 5512101
482 1712201
482 7622001
482 6722901
482 2722311
481 6722301
482 1722101
482 7621001
482 3722301
482 6712101
481 6512301
482 6722101
482 5712101
482 6621101
482 6312101
482 6622201
482 5612101
482 2712201
482 6612301
482 6722901
482 2712301
482 6722301
482 6722101
482 2712201
482 3722101
482 6712001
481 6712001
482 6711101
482 6722101
482 6612101
482 7722001
482 1721311
482 2512201
482 1712201
482 2712201
482 5712901
482 1722101
482 6722101
481 2712301
481 1712301
482 6722101
482 1722201
482 5712101
482 6712301
482 5712101
482 2722201
482 7722001
482 6722201
482 3722101
482 2713201
482 6722301
482 7722001
482 7622001
482 1722201
482 1712201
482 7422001
482 3622101
482 7722001
482 3622101
482 5612101
482 6612301
482 6712101
482 5512101
482 2722101
482 6612901
482 6712901
482 6612301
482 7622001
482 6622101
482 5612101
482 6612201
482 6622101
482 1712101
482 7722001
482 6712201
482 6612101
482 2612201
482 6522301
482 3722201
482 7622001
482 3722301
482 6612901
482 1712201
482 3722101
482 6721301
482 6721901
482 6722201
482 3522101
482 5712101
482 6522301
482 5712101
482 6722201
482 7722001
482 3721111
482 3722201
482 1712201
482 2612301
482 5612101
482 6712301
482 3722101
482 7722001
482 6712101
482 3322201
482 7322001
482 6712201
482 1722901
482 7722001
481 5712101
482 5712101
482 6622901
482 7722001
482 6722301
482 6722201
482 7622001
482 2722201
482 5712901
482 6722101
481 5712101
482 6712101
482 6712301
482 5712101
482 1722101
482 6712301
482 6712101
482 6712001
482 3722201
482 3722101
482 3622201
482 3722201
482 6722101
482 3722101
482 6719301
482 3722201
482 2722301
482 6722301
482 6712101
482 6622301
482 6722101
482 2722201
482 6721301
482 6612301
482 6712101
482 7622001
482 6722201
482 6412201
482 2712901
482 6722301
482 5712101
482 6712101
482 5712901
482 7522001
482 6622301
482 1722101
482 5712101
482 6712101
482 2722301
482 3722101
482 6222101
482 6712101
482 3722201
482 6522101
482 6722101
482 5512101
482 3622101
482 3722201
482 2622301
482 6712201
482 3722101
482 6722301
482 1712201
482 2722301
482 3622101
482 6622201
482 1712201
482 6612301
482 4622201
482 3722101
482 6612301
482 6722101
482 6712201
482 1522301
482 1612101
482 6722301
482 6612101
482 7722001
482 5612101
482 6722201
482 6722101
482 1522901
482 2622301
482 6722101
482 1711211
482 6722901
482 6712301
482 2722301
482 6622101
482 6712901
482 2422301
482 6521911
482 6622101
482 6312301
482 6712101
482 6622001
482 7722001
482 3722101
482 6722101
482 5712101
482 6712201
482 5612101
482 3722201
482 6722301
482 3722101
482 6722301
482 6712101
482 5612101
482 5712101
482 6712201
481 5712301
482 6729111
482 5712101
482 1722201
482 1612301
482 2712301
482 7722001
482 7722001
482 6712101
482 6722101
482 6712301
482 3722201
482 6722301
482 5612101
482 6512301
482 7522001
482 7522001
482 6722101
482 3722101
482 2612301
482 6712901
481 5712901
482 1712201
482 2722201
482 6722101
482 2712101
482 6712201
482 5712101
482 5612201
482 6722301
482 5712101
482 3722101
482 5712101
482 6722301
482 6622101
482 6612301
482 6722301
482 1612201
482 6712901
482 5712101
482 2722301
482 5512101
482 2712201
482 5712101
482 6612901
482 6412101
482 1612101
482 5612101
482 6712201
482 3522201
482 1722201
482 6312201
482 2722101
482 6612201
482 6722101
482 5712101
482 6722301
482 5612101
482 3522201
482 3622201
482 5612101
482 6722301
482 2712301
482 1712201
482 6722301
482 6612301
482 6722301
482 6721101
482 3522201
482 3622301
482 1722101
482 6712101
482 3722101
482 7722001
482 7522001
482 1721101
482 5712101
482 3622101
482 6522301
482 5712101
482 6722001
482 6512301
482 6512301
482 6512101
482 1712101
482 7722001
482 2612301
482 1711211
482 6712101
482 2712301
482 5412101
482 6312201
482 6722901
482 6722101
482 6712901
482 6722101
482 6712001
482 6612301
482 6612301
482 3722101
482 3622101
482 5712101
482 6722301
482 6622101
482 5712301
482 1712101
482 5612301
482 2612301
482 7622001
482 2722301
482 3622201
482 5612101
482 5612101
482 5712101
482 6722301
482 3722101
482 6712101
482 5612101
482 7722001
482 7722001
482 2622301
482 6722101
482 6722101
482 3622101
482 2611201
482 6622101
482 2622101
482 1622201
482 6122101
482 5712301
482 2722301
482 6522201
482 7722001
482 5712101
482 2722301
482 2612201
482 3722101
482 2722301
482 2712201
482 2712201
482 3721111
482 2712101
482 5712201
482 6722301
482 5612101
482 5712101
482 3722101
482 5712901
482 5712101
482 6312301
482 6622201
482 6712201
482 3722101
482 2722201
482 6612314
482 5712101
482 6722901
482 5711111
482 6722901
482 6512301
482 6712301
482 5512101
482 6711911