491 6412101
491 6722301
491 6522301
491 5712301
491 6622201
491 6712301
491 1622301
491 5712101
491 5711101
491 1629101
491 6729201
491 5712101
491 1722301
491 1722301
491 1722301
491 1722301
491 3722201
491 5612101
491 6612301
491 6622101
491 1722201
491 3522101
491 5612301
491 5612101
491 3722101
491 6712101
491 6612101
491 2712301
491 6722101
491 5612101
491 6622301
491 1722301
491 1712201
491 3622101
491 6722301
491 2722301
491 3522101
491 6612101
491 3422201
491 7422001
491 5612101
491 6512301
491 1722301
491 2622301
491 2612301
491 3722101
491 1712301
491 6722301
491 1712901
491 3522201
491 2712301
491 2712201
491 1522101
491 5612201
491 5712101
491 5612101
491 6722301
491 1722201
491 3721301
491 3722201
491 2612301
491 1612201
491 6522901
491 5612901
491 5612101
491 2512301
491 6712101
491 6622201
491 5712101
491 5712101
491 6622101
491 1722101
491 6611101
491 3522101
491 6522101
491 5412101
491 6722201
491 3622101
491 5612101
491 2722301
491 6712301
491 6512301
491 6412201
491 6712301
491 2712301
491 6412201
491 3521901
491 1622301
491 6622901
491 6712101
491 5712201
491 6322201
491 3622901
491 5712101
491 6612301
491 6722301
491 2622201
491 6722301
491 6712201
491 3722101
491 2712301
491 6712101
491 6512201
491 6522101
491 1712201
491 3722101
491 2712301
491 6612101
491 3622101
491 5612201
491 6722301
491 1722101
491 5712101
491 5712101
491 6722301
491 2622301
491 3622201
491 7722001
491 5712101
491 6412101
491 5712101
491 1712901
491 6622301
491 6622301
491 1612101
491 3722101
491 1722101
491 6622101
491 1712201
491 6622201
491 4722301
491 3722101
491 2722901
491 2622901
491 7522001
491 1722201
491 6722301
491 6722301
491 1522201
491 1712301
491 3722201
491 3522101
491 7522001
491 6712101
491 6712901
491 6722101
491 6512201
491 6712101
491 6712301
491 2712301
491 6422301
491 5712101
491 1712201
491 5712101
491 2412301
491 1722301
491 6722201
491 2722101
491 3622301
491 2722301
491 5612101
491 5512101
491 6622201
491 6712201
491 6712101
491 6722101
491 2722101
491 6612301
491 2722301
491 1722201
491 3522201
491 5712101
491 6722201
491 2712301
491 2622301
491 5612101
491 6222101
491 3522101
491 1721301
491 2712101
491 2722301
491 6622301
491 7522001
491 3722101
491 5712101
491 6112201
491 2722201
491 3622101
491 5612101
491 6712101
491 3722101
491 1712101
491 1722201
491 1712101
491 6712301
491 2712201
491 6722101
491 6722901
491 6422101
491 6722901
491 6712901
491 3422201
491 6511301
491 1522201
491 6712901
491 3622201
491 6612101
491 6722301
491 5712301
491 5712901
491 6622301
491 3522101
491 6522301
491 5712101
491 6522101
491 6612301
491 6522201
491 3322201
491 1722101
491 3722101
491 3622101
491 6522301
491 3622101
491 1711101
491 1522201
491 6722301
491 3722201
491 5712101
491 3522201
491 7622001
491 1522301
491 1612301
491 3722101
491 7722001
491 2722101
491 5412101
491 6722201
491 1612101
491 1522101
491 5712101
491 5712101
491 1612201
491 5512101
491 6622101
491 3522201
491 3622201
491 2722301
491 6622101
491 6722101
491 7722001
491 6712301
491 2622201
491 2722101
491 3622101
491 6612901
491 6722301
491 6422301
491 3622101
491 3522201
491 6622201
491 5512101
491 5712101
491 6712901
491 6712101
491 5712101
491 2712301
491 2622301
491 3522101
491 6622201
491 1712301
491 1722201
491 2712301
491 6512201
491 5712101
491 3522101
491 6412101
491 1712201
491 6612301
491 3522301
491 3422201
491 6512201
491 6412201
491 6322201
491 7522001
491 1622101
491 6711101
491 7622001
491 5712101
491 6722101
491 6712301
491 5712101
491 5612101
491 6722101
491 5711101
491 2722201
491 6612101
491 5712301
491 6722101
491 5612101
491 6721201
491 1622301
491 5712101
491 5512101
491 2622101
491 2712301
491 5612201
491 6612301
491 3622301
491 6712201
491 6612101
491 6612101
491 3722101
491 6722201
491 3722201
491 5512101
491 2712901
491 5712101
491 3622101
491 1712201
491 1722201
491 5712101
491 6512001
491 5712101
491 1712301
491 3322301
491 1522101
491 2722101
491 4522201
491 2622301
491 1712301
491 3722201
491 3522301
491 6522201
491 6622301
491 6622201
491 5712101
491 3322101
491 1712201
491 5512101
491 5612101
491 7522001
491 2721101
491 2422301
491 6712301
491 2722201
491 5712901
491 6712101
491 1622301
491 1622301
491 1622301
491 2712101
491 2712301
491 5712101
491 5712101
491 2512301
491 6612101
491 2712301
491 6722201
491 6722301
491 3722101
491 3622101
491 5612101
491 6522101
491 6712101
491 6722101
491 5712101
491 2722201
491 5612101
491 2722201
491 3722101
491 7722001
491 6722101
491 6512101
491 6722301
491 6712301
491 6312301
491 1712101
491 6712201
491 5712101
491 2512301
491 5712101
491 2622311
491 6722301
491 1722101
491 6712301
491 5712901
491 2622101
491 6612301
491 6722101
491 7622001
491 1712101
491 6622201
491 2721101
491 5712201
491 6722301
491 5712101
491 5612301
491 5712201
491 6722101
491 6721101
491 5612101
491 5612201
491 3622101
491 2722201
491 2722201
491 6722201
491 6712301
491 5712301
491 2722301
491 3722101
491 6612101
491 3622101
491 5712101
491 1712301
491 6712301
491 6712901
491 2722301
491 1411201
491 5612101
491 3622101
491 6712101
491 4722201
491 6622201
491 5712201
491 6712301
491 6722101
491 6712201
491 5712101
491 1712301
491 1722201
491 3522101
491 3722101
491 3422101
491 3721201
491 4522301
491 6722301
491 6712101
491 1722101
491 3722101
491 6512901
491 6422101
491 2722101
491 1722301
491 6722101
491 6412101
491 2712201
491 5619101
491 3522201
491 5619201
491 2722301
491 5712301
491 7722001
491 6522301
491 2722301
491 6322101
491 6712301
491 3722101
491 2722301
491 6412201
491 2522301
491 6612101
491 6622301
491 1512901
491 1712201
491 1522101
491 6712101
491 2723201
491 6712101
491 2722201
491 1712901
491 6612301
491 6722001
491 3722101
491 2612301
491 5512201
491 5511111
491 1722201
491 2612201
491 2512301
491 3722201
491 6312101
491 6722101
491 6712101
491 6722101
491 3422101
491 2712301
491 5712101
491 2712301
491 6722201
491 1512201
491 2612301
491 5712101
491 6612301
491 3622101
491 3622201
491 6622301
491 6722901
491 6722101
491 6721101
491 3722201
491 1722201
491 3622101
491 3722101
491 6722301
491 6722301
491 6512301
491 6522301
491 2622301
491 6522201
491 6522901
491 4522901
491 2522301
491 1712101
491 6722101
491 6622101
491 6712101
491 6712101
491 2512201
491 5712301
491 3722101
491 6622301
491 3622101
491 5712901
491 1622201
491 6722301
491 2712101
491 2522301
491 2712201
491 4722301
491 2722101
491 5612101
491 6612901
491 1722901
491 1722901
491 6722301
491 6512901
491 6712901
491 1712901
491 1722901
491 5612101
491 2712901
491 2712901
491 6522301
491 6612101
491 3722201
491 2722901
491 5612101
491 5712901
491 5712101
491 1711101
491 5712101
491 1612101
491 1712101
491 2712101
491 6712901
491 5712101
491 2612201
491 1712201
491 5712901
491 6612101
491 5712101
491 5712101
491 5612101
491 6712101
491 5712201
491 5712901
491 5612101
491 6712101
491 6712901
491 5712301
491 1422201
491 2622101
491 1722301
491 6722201
491 5712101
491 2612201
491 6622101
491 6712101
491 3622201
491 6312101
491 6712201
491 1712101
491 6612301
491 5612101
491 5612201
491 5612201
491 3622101
491 2722301
491 2722101
491 6712201
491 6522101
491 3722101
491 6522301
491 4522101
491 6512101
491 2712201
491 3722101
491 6722301
491 6622301
491 6722201
491 1712301
491 6722301
491 6522101
491 5712101
491 5712101
491 1712101
491 7722001
491 5712101
491 2622301
491 1722201
491 2722301
491 6722101
491 6722201
491 3622101
491 4522201
491 1722101
491 1722201
491 5719101
491 5512101
491 2522301
491 4722201
491 6712301
491 1722201
491 5612301
491 1722201
491 6712301
491 6712101
491 6712101
491 1712101
491 6612201
491 5612301
491 3722301
491 1712901
491 3622101
491 5712101
491 3521301
491 6622101
491 6622101
491 1712301
491 2722301
491 5512101
491 3722101
491 6712911
491 5712101
491 1722101
491 5712101
491 2622301
491 2722301
491 3522301
491 6612001
491 5612101
491 6322101
491 4422101
491 6612301
491 6712301
491 6611111
491 6712201
491 6622901
491 3622201
491 6712101
491 6722301
491 1722301
491 1512901
491 3522201
491 3722201
491 7622001
491 2722101
491 1622101
491 3722101
491 6722101
491 5612101
491 5612101
491 1722101
491 5712101
491 3722101
491 3722201
491 6322101
491 6412101
491 3722101
491 3622101
491 3622301
491 7522001
491 1722301
491 2712301
491 1722101
491 5712101
491 6722901
491 6722101
491 1722201
491 3622101
491 5612301
491 6522101
491 3722101
491 2722101
491 2722301
491 6622101
491 6612301
491 2512301
491 3722201
491 6222301
491 6312301
491 5712101
491 3422901
491 5512101
491 6712301
491 3722101
491 6512301
491 2622201
491 1512301
491 6722101
491 6712301
491 6612101
491 5612101
491 6612101
491 2612201
491 6612101
491 5613101
491 5712101
491 6722201
491 2612301
491 6322101
491 3422201
491 4722101
491 5712101
491 5712101
491 5612101
491 3522201
491 6512201
491 4722201
491 4522301
491 5612201
491 5712101
491 6612201
491 5712101
491 6512101
491 7722001
491 3722101
491 6721901
491 3722201
491 7622001
491 2622101
491 5712101
491 2622301
491 2722201
491 5712101
491 6422901
491 3722101
491 3322201
491 3722201
491 1622101
491 3622301
491 2712301
491 5712901
491 7722001
491 2722201
491 5612101
491 2612301
491 1722201
491 3722101
491 3522101
491 6722301
491 3622201
491 6722101
491 5612101
491 5712101
491 3722101
491 1711101
491 6412101
491 6722101
491 3622101
491 6522301
491 5612101
491 5612201
491 6722101
491 6622101
491 6722101
491 3422201
491 1722201
491 2722301
491 2722201
491 3522301
491 2712301
491 6412101
491 4722201
491 6712101
491 6722901
491 6712301
491 3722101
491 5712101
491 1622201
491 6722201
491 6612901
491 5712101
491 7722001
491 2722301
491 2722301
491 2612201
491 6612101
491 6612301
491 6722201
491 3722101
491 2522101
491 5612201
491 2722301
491 6712901
491 6712101
491 5712101
491 5712301
491 5612101
491 6712301
491 3721101
491 2712301
491 6512301
491 6522301
491 2612201
491 6712101
491 6722101
491 4722301
491 5712101
491 6712201
491 7629001
491 6512301
491 2712301
491 4422101
491 6622101
491 3722101
491 6722901
491 5612101
491 2722101
491 6712301
491 2712301
491 6722301
491 6612201
491 1712101
491 1612201
491 3422201
491 3422201
491 6522301
491 6522201
491 6312301
491 1612201
491 5612101
491 2712301
491 2712301
491 2612301
491 5512301
491 5612101
491 6712301
491 1712101
491 2712101
491 2712301
491 3722101
491 6712101
491 6612201
491 5512101
491 6712101
491 2722301
491 6722201
491 6622301
491 5712201
491 5712101
491 6722301
491 6512101
491 2612301
491 3522101
491 4522201
491 5612101
491 2522101
491 3722101
491 6712301
491 5612101
491 5712901
491 6622301
491 5712101
491 5712101
491 6722201
491 3522201
491 5712101
491 7722001
491 6422901
491 2612201
491 6722901
491 5712901
491 5612901
491 6512901
491 2712901
491 6612901
491 6712301
491 6712301
491 6612901
491 6722901
491 1612901
491 5612901
491 6622901
491 5712901
491 6712901
491 6722301
491 6712901
491 5712901
491 6522201
491 2722301
491 3522301
491 5512101
491 3722301
491 3522301
491 7722001
491 2722301
491 3622201
491 5512301
491 6722101
491 1722301
491 5612101
491 6622101
491 1722201
491 5612101
491 6512201
491 3422201
491 1722101
491 3522101
491 6712201
491 5712101
491 6412301
491 1612201
491 5712901
491 6512101
491 6512101
491 6722201
491 6722201
491 6512301
491 3622301
491 5712101
491 5712101
491 5712101
491 2522201
491 5712101
491 1712101
491 6512101
491 6712101
491 3722101
491 5512201
491 2512101
491 2722301
491 3722101
491 1622301
491 2712201
491 6722101
491 6712101
491 6622101
491 2522301
491 6522201
491 6712301
491 1712201
491 7522001
491 6212201
491 3622201
491 1622301
491 6722201
491 5712201
491 6712101
491 6622101
491 7722001
491 5712101
491 6522101
491 6622101
491 6722301
491 6322201
491 3722201
491 6722101
491 6722201
491 4522101
491 5512101
491 5712101
491 5512201
491 5612101
491 6722101
491 3722101
491 2722301
491 2611301
491 6622101
491 5712101
491 6722901
491 3622101
491 6722901
491 1722201
491 6412301
491 1711101
491 6412201
491 5612301
491 6612301
491 3722201
491 3422201
491 5512101
491 6722301
491 2722201
491 1723201
491 5412101
491 3722101
491 6712101
491 2722301
491 3722201
491 6622101
491 2722301
491 6722101
491 2722201
491 2712301
491 2622201
491 6722201
491 5612101
491 6512901
491 5512101
491 3722101
491 2722201
491 6722301
491 1512301
491 5712301
491 6712901
491 5712101
491 5712101
491 1612101
491 6722301
491 6712301
491 6722301
491 2722301
491 5612101
491 6722001
491 1722201
491 3722201
491 6612201
491 6722301
491 5712101
491 3622201
491 6522301
491 5712101
491 5612101
491 1612101
491 6612201
491 1612101
491 6722901
491 6612101
491 6622301
491 5612101
491 1622301
491 3422101
491 6522101
491 6612001
491 6722101
491 5712101
491 2612101
491 6722301
491 6612301
491 6722101
491 3722301
491 5512101
491 2712301
491 3622201
491 6712301
491 6522101
491 3629201
491 1622301
491 6712101
491 2712301
491 6612101
491 6722301
491 6622101
491 3622301
491 2522201
491 6622901
491 1712201
491 2722301
491 2722301
491 5712301
491 2422301
491 1712301
491 1612301
491 2522301
491 1712201
491 3722301
491 6722301
491 7622001
491 1712101
491 5612101
491 5711101
491 6722301
491 3522101
491 6722101
491 6722201
491 6622101
491 2512301
491 6512301
491 6722201
491 6522301
491 6612301
491 1612101
491 7622001
491 2722201
491 6612301
491 1522101
491 6612101
491 6612201
491 2722301
491 2722201
491 6622201
491 3622101
491 2722301
491 3622101
491 6512301
491 3722301
491 3322101
491 6712901
491 6722201
491 6712101
491 6312101
491 5612301
491 2622301
491 1622101
491 5712101
491 6622101
491 6712901
491 1712901
491 6712901
491 6722901
491 6722901
491 6512901
491 5712901
491 2612901
491 6522901
491 2712901
491 2722901
491 6712901
491 3722901
491 6612901
491 6622101
491 6512101
491 6512301
491 6712201
491 5612101
491 2722201
491 6722101
491 7622001
491 2722901
491 6722301
491 2522301
491 5712101
491 5512101
491 6412201
491 6712001
491 5612201
491 6722201
491 6722301
491 5712101
491 5712101
491 2712301
491 6322101
491 2722301
491 6712301
491 3422201
491 6212201
491 6422101
491 6722101
491 5711101
491 6722301
491 2722301
491 6712001
491 6612301
491 1612301
491 4722201
491 6722301
491 6522301
491 6722301
491 6722301
491 2522301
491 6722301
491 7622001
491 6612101
491 6712201
491 5712101
491 3622101
491 2722101
491 6722101
491 5712101
491 6512201
491 2712101
491 6712101
491 1712201
491 5712101
491 5612101
491 3722101
491 6722301
491 6722201
491 1622301
491 3622201
491 2712301
491 1712301
491 2722301
491 2621201
491 3722201
491 3622101
491 6512301
491 6722101
491 1512301
491 6622301
491 6612201
491 6512201
491 2612301
491 7522001
491 6722101
491 3722101
491 3622101
491 6722201
491 6512301
491 2722101
491 3622201
491 1722101
491 3722101
491 6722201
491 5712101
491 1712101
491 1712101
491 2712301
491 6712101
491 1529101
491 6722301
491 7722001
491 6722101
491 6612201
491 6522201
491 2712301
491 4522201
491 2722101
491 2712101
491 1612301
491 2712301
491 1622301
491 6712101
491 2622201
491 5711101
491 3722301
491 6722101
491 6622101
491 3622101
491 2512301
491 2312301
491 2512301
491 6512301
491 6612901
491 6612201
491 6722301
491 2612301
491 5512101
491 3522201
491 3522201
491 3722201
491 5712101
491 6522101
491 6622301
491 6122301
491 6712301
491 2712101
491 3622101
491 5712101
491 1712101
491 5512101
491 2722301
491 6712301
491 6612001
491 6612301
491 1712201
491 2712201
491 3622101
491 5712101
491 6712101
491 6722201
491 3422101
491 2712201
491 6722101
491 5712101
491 6712301
491 7522001
491 2711101
491 2712301
491 5712301
491 6322101
491 4522201
491 5712101
491 6712301
491 6522301
491 5612101
491 6722201
491 3722101
491 1522101
491 3722101
491 5712101
491 5712101
491 5712901
491 5612201
491 4522111
491 5719301
491 6712201
491 6722101
491 3722201
491 1712301
491 5712901
491 6622301
491 6722101
491 6512301
491 6611211
491 1521101
491 5612101
491 3522101
491 3722101
491 2622101
491 5512101
491 3721101
491 3722101
491 6712101
491 5612101
491 3722201
491 3422101
491 1722201
491 6722101
491 3722201
491 6722901
491 7622001
491 3622101
491 2712301
491 2722301
491 3722101
491 4622101
491 3422101
491 6712201
491 6712301
491 6512301
491 2722301
491 6512301
491 5712101
491 5712101
491 6512101
491 2722201
491 1712101
491 6612101
491 1712201
491 6712101
491 6722201
491 6622201
491 2612301
491 6722301
491 5612101
491 3722301
491 2612301
491 6722301
491 5612101
491 6612901
491 6512901
491 6722301
491 6722901
491 5712101
491 6612001
491 5712101
491 6712301
491 6722901
491 5712901
491 3722901
491 2712901
491 5711901
491 6522901
491 6712901
491 6722901
491 1612901
491 6612901
491 6512901
491 1722901
491 6312201
491 6612901
491 3722101
491 1722101
491 2622901
491 3622201
491 3522101
491 2712101
491 1722201
491 2712201
491 2722901
491 6712101
491 5612101
492 6712101
491 5712101
491 6722301
492 3522101
492 6612101
492 6712301
492 6622201
492 6722201
491 6522301
492 6622101
492 6722101
491 6722201
492 3322101
492 5512101
492 6712301
491 6622101
492 5611101
492 6721101
491 3722301
491 3522201
491 6622201
492 6612101
492 3421201
492 1712301
491 6722301
492 6622301
492 6412201
492 2712301
491 7522001
492 3722101
492 1712101
492 3522201
491 2722101
491 1622301
491 1712101
491 3722101
491 1722201
491 2712201
491 1522101
491 3722101
491 1722201
491 7522001
491 1722101
491 2722301
491 7722001
491 3722101
491 3722101
491 2722301
491 3722101
491 7722001
492 6712101
492 6612101
492 6612901
491 2512301
492 6512201
491 4622201
492 6712101
491 1711111
491 6612201
491 5612101
491 3722101
491 3722201
491 5712201
491 1722101
491 1712201
491 1621101
491 5712101
492 2712201
491 6722201
492 3722101
492 1722101
492 3522301
492 1722101
492 7522001
492 6722101
492 1622201
492 6722301
491 3722201
491 2729101
491 2712301
491 6712301
492 6712201
492 2722201
492 6629101
492 6512301
492 6612201
492 6622301
492 6722301
492 6612301
492 2712301
492 6622301
492 2722301
492 3722301
492 6722201
492 6722101
492 6622301
492 6722101
492 6721311
492 6722201
492 1722301
492 6722901
492 2612101
492 1612201
492 3721101
492 5712201
492 6622301
492 5612101
492 6722101
492 6622101
492 2622101
492 6722301
492 2712301
492 6722101
491 6712001
492 1722301
492 6611201
492 6512301
492 5712101
492 2622301
492 6723901
492 2712301
492 6529101
492 6722301
492 7422001
492 6512201
492 1522301
492 5612301
492 5712901
492 5711101
491 6512301
492 6312101
492 6722301
492 5712101
491 5712101
492 6712101
492 6522101
492 6712301
492 2722201
492 1612201
492 1611111
491 6312301
492 1612301
492 3422201
492 1712101
492 6622201
492 5712101
492 6312101
492 2622301
491 5712101
492 2722201
492 2712301
492 5619101
492 1712201
492 3622201
492 6712301
491 6322101
491 2712201
492 6221201
491 6722201
492 1412301
492 6722101
492 5612101
492 3622101
492 3522201
492 5712301
492 6622201
492 6712101
492 1522101
492 2712301
492 6622001
492 3722201
492 6711101
492 3522101
492 6721901
492 5712101
492 5612101
492 6622301
492 1722101
492 1722301
492 6722201
492 3722201
492 3722101
492 6722101
492 1722101
492 6722201
492 1722201
492 1612101
492 3422201
492 5612901
492 1511301
492 5712101
492 6612201
492 1622201
492 6522301
492 6622201
492 2512301
492 3622101
492 6222101
492 5612101
492 5712101
492 6622101
492 6622301
492 3622301
492 6622301
492 2612201
492 2622201
492 6722901
492 6612301
492 1612201
492 6612301
492 5512101
492 6722101
492 6722201
492 3722101
492 6322101
492 6712201
492 3522101
492 6722101
492 3722101
492 6612201
492 2522201
492 6622001
492 6722201
492 3622301
492 2722301
491 1512201
491 6712301
492 6712301
492 6722101
492 6712301
492 5712101
492 5712101
492 5712101
491 3422201
492 6312301
492 6712101
491 6722301
492 6512201
492 6622301
492 3722301
492 3522201
491 5712101
491 6722901
492 1512301
492 5712101
492 2722101
492 1722101
492 6722301
492 5712101
492 6712301
492 6712901
492 1622901
492 5612101
491 5712301
492 2712101
492 2622301
492 6712301
492 3722101
492 3722201
492 6722301
492 6722101
492 2711301
492 2712101
492 6722201
492 2712101
491 2712901
492 5612101
492 6712301
492 6712201
492 6712101
492 1712101
491 5712101
492 6612301
492 7622001
492 6712101
492 3722201
492 6722901
492 1622101
492 2722301
492 6612201
492 2622101
492 1422301
492 3722201
491 5712901
491 2712901
491 6721901
492 6512301
492 2722101
492 6512101
492 6522101
492 3722301
492 3322101
492 2722101
492 3721201
492 6612101
492 3722301
492 5611201
492 6712101
492 6722101
492 1722101
492 6712301
492 6722101
491 7622001
492 1612201
492 6612301
492 3522101
492 6612001
492 2712301
492 6722301
492 6722301
492 6712301
492 6722101
492 6522301
492 7522001
492 1612201
492 3622101
492 7622001
492 5719101
491 2722901
492 5719101
491 2722901
491 6722301
491 6722901
491 5712901
491 2722901
492 6712101
491 6712901
491 6722901
491 6712901
491 5712901
492 1512201
491 5512101
492 2722301
492 6512901
492 6712301
492 6722101
492 1622301
492 3522101
492 6722101
492 6512101
492 6622301
492 3722201
492 6712301
492 6712101
492 6412301
492 6622201
492 2722301
492 2522301
492 6722101
492 2712301
492 6522101
492 2512301
491 6412301
492 5712301
492 1712101
492 6412101
492 6711301
492 1322201
492 3622101
492 6712901
492 1722101
492 6722201
492 1722301
492 3722101
492 6612101
492 5712301
492 6512101
492 6222101
492 5711301
492 1722901
492 5712101
492 2712301
492 5612101
492 5712101
492 1722101
492 5712101
492 7722001
492 3722101
492 7622001
492 6512301
492 6722901
492 5712101
492 6622301
492 5712301
492 6422201
492 6722201
492 7722001
492 6712301
492 6712101
492 2512201
492 3722101
492 1512101
492 6722101
492 1712301
492 3522201
492 5612201
492 1512301
492 4322101
492 6622101
492 2722101
492 2722201
492 2612101
492 6722301
492 6712301
492 6722101
492 6611201
492 5712301
492 6719001
492 6722301
492 6722901
492 6612101
492 2612301
492 5512201
491 4722201
492 2722201
492 2722101
492 2712201
492 6612301
492 6312101
492 2712201
492 6612301
492 1522101
492 6522901
492 7622001
492 6311311
492 7522001
492 3722101
492 3522101
492 5712101
492 6412301
492 6622301
492 2712201
492 2612301
492 3622201
492 6712301
492 6622301
492 5612201
492 1722101
492 6722101
492 6712301
492 1722101
492 6722101
492 6522101
492 6622101
492 1722301
492 2612201
492 6722301
492 1722101
492 6712101
491 6612301
492 5712301
492 5712101
492 6322101
492 2712101
492 1722201
492 5512201
492 6512101
492 6712101
492 5612101
492 6622201
492 5612101
492 3622101
492 6722901
492 5612101
492 3422201
492 6622201
492 3622101
492 6712201
492 5712101
492 2712201
492 2722301
492 6722201
492 6622901
492 1722101
492 7622001
492 3722201
492 3722101
492 6712101
492 5512101
492 7622001
492 3722101
492 6712201
492 2712901
492 6722201
492 6312101
492 6629101
492 1422301
492 6622101
492 2712201
492 2722301
492 2612301
492 2611301
492 6611301
492 6512301
492 6722301
492 6512201
492 3722101
491 6322301
492 2612901
492 2612901
492 5712101
492 5712101
492 3722101
492 3722201
492 5719101
492 6512101
492 1712101
492 6612301
492 3622101
492 5512101
492 1612301
491 5712901
492 6422101
492 6722101
492 6622901
492 5612101
492 2712301
492 1722301
492 1712101
492 3622101
492 6512101
492 5712301
492 5712101
492 5512101
492 6712301
492 6712301
492 6512901
492 3622101
492 2712301
492 5612101
492 1722201
492 6512201
492 3722101
492 6712101
492 5612101
492 3622201
492 3722101
492 6712901
492 6722101
492 1722301
492 1712201
492 5712301
492 5512101
492 2622301
492 7722001
492 1712101
492 6622101
492 3722201
492 6222901
492 5712101
492 7722001
492 7722001
492 6621201
492 6612201
492 2622301
492 5712101
492 6722901
492 5612101
492 2712101
492 6722301
492 6612901
492 6622901
492 2722901
492 6612901
492 6722901
492 6612901
492 6712901
492 2512301
492 2612301
492 6712101
492 6722001
492 6522301
492 3722101
492 6722201
492 6612301
492 6512901
492 1712901
492 1712901
492 2722901
492 6712901
492 6722101
492 2712301
491 2512301
492 5712101
491 6712201
491 1612201
491 5612101
492 2612301
492 6712901
492 6722901
492 6712901
492 6712901
492 6722301
492 6722201
492 2712201
492 2612301
492 6722301
492 3522101
492 6622101
492 6612301
492 5712101
492 6722301
492 7522001
492 6722301
492 6712201
492 5612101
492 6711201
492 3422101
492 2513101
492 6722301
492 2722301
492 6722901
492 2612101
492 7722001
492 1612301
492 6722301
492 3622301
492 5712101
492 3722101
492 6622201
492 6712201
492 6722301
492 6612101
492 6722301
492 6612301
492 3722101
492 1612201
492 5512101
492 5712101
492 2712101
492 6722301
492 6722101
492 6722301
492 3522201
492 3622201
492 3622101
492 5712201
492 6722301
492 2622301
492 2712201
492 1612301
492 6722901
492 1712101
492 1512201
492 3722101
492 1712301
492 6722101
492 1512101
492 1512101
492 5512101
492 2722301
492 3622101
492 6622901
492 1722101
492 1722301
492 6512301
492 2712201
492 3622101
492 2612301
492 5612101
491 6712901
492 3722301
492 6422301
492 6722901
492 1712101
492 2512301
492 5612101
492 3722301
492 5512201
492 6712101
492 6722301
492 5612101
492 6712101
492 3622101
492 7722001
492 3622101
492 6712101
492 6712101
492 7622001
492 6712201
492 6622101
492 3522201
492 6722101
492 3722101
492 2722301
492 3622201
492 1612301
492 6412101
492 3522201
492 6612101
492 6712301
492 3722201
492 6622301
492 5712301
492 3622201
492 6712301
492 2722201
492 1712201
492 6722301
492 3722101
492 7522001
492 2722101
492 6612301
492 1722101
492 5512101
492 5512101
492 7522001
492 3622201
492 6622101
492 5612101
492 1612301
492 7622001
492 7722001
492 3722101
492 2712201
492 6722301
492 6722101
492 1722101
492 3522101
492 3522201
492 3722101
492 5712101
492 5719101
492 2722301
492 6712101
492 6522101
492 7722001
492 5712101
492 1722901
492 6722101
492 2722201
492 2712101
492 5712101
492 2721301
492 7722001
492 6612301
492 1622101
492 3622101
492 5712101
492 5612101
492 5712201
492 1612201
492 3722101
492 2712301
492 5712101
492 1722201
492 6612301
492 6612101
492 5612101
492 6722301
492 6722901
492 6712301
492 2712101
492 2612301
492 6712301
492 6722101
492 6512201
492 5712101
492 6622101
492 6622201
492 6722201
492 6722101
492 6712301
492 2712301
492 2712901
492 6712201
492 2612101
492 2722101
492 6622201
492 2722101
492 1612101
492 2712301
492 5712101
492 6712201
492 6712101
492 3722201
492 5712101
492 6622301
492 1722301
492 5612101
492 2722101
492 5712301
492 5619901
492 5719901
492 5719301
492 3622201
492 3622101
492 5712101
492 2612301
492 6512201
492 5512901
492 6512301
492 3522201
492 6512201
492 3522201
491 5712101
492 6722301
492 6622301
492 1722101
492 3622101
492 3722101
492 3622101
492 6721001
492 6722901
492 6722301
492 5612301
492 3722101
492 2512301
492 1722301
492 6612101
492 7722001
492 3622101
492 6622201
492 2712201
492 5712101
492 6712201
492 6712301
492 6712201
492 2612201
492 6512201
492 2712301
492 6712301
492 6722101
492 2612301
492 7622001
492 5712101
492 3722201
492 3521101
492 5612101
492 6722301
492 6712301
492 3722301
491 6712301
492 6712101
492 7722001
492 5712101
492 1622901
492 3722301
492 1612301
492 6522901
492 6722301
492 6712201
492 6722301
492 6722301
492 6712301
492 6622101
492 2512201
492 6722101
492 5712101
492 5712101
492 1722101
492 3622201
492 5712301
492 3722101
492 2712301
492 6722101
492 5712101
492 6712301
492 6722201
492 6712301
492 6622101
492 1722101
492 2712201
492 6722201
492 6712101
492 3723101
492 3722101
492 6712301
492 2622301
492 5612301
492 1722101
492 6712901
492 1722901
492 6711911
492 6722901
492 6712301
492 2712901
492 3722901
492 5712901
492 2712901
492 6722001
492 6422301
492 1612101
492 5612101
492 6712101
492 6712301
492 6722301
492 3722201
492 6722301
492 5712301
492 6722101
492 6522101
492 6622101
492 2722201
492 5712101
492 6722301
492 6712101
492 6722901
492 6612301
492 2722101
492 5712101
492 6722301
492 6712201
492 6722301
492 2722201
492 6622101
492 6712901
492 6522101
492 7622001
492 3622201
492 3522101
492 2722301
492 6322301
492 6612201
492 5712101
492 5712101
492 6712301
492 2722301
492 6711301
492 6722301
492 2722101
492 6712101
492 5712301
492 3622201
492 6512101
492 6722201
492 5612101
492 6512101
492 2712101
492 6722301
492 6722301
492 5712901
492 3622201
492 6712201
492 1712301
492 6712301
492 7622001
492 2722301
492 3422101
492 3722301
492 2722901
492 5712101
492 2512201
492 3722101
492 5712101
492 1712201
492 6612301
492 6422301
492 6512101
492 5512201
492 6622101
492 7622001
492 2712301
492 2722101
492 6512101
492 5612101
492 3622201
492 1612101
492 6722311
492 5712101
492 5712101
492 5712101
492 5712301
492 5612201
492 1522101
492 6722301
492 3622101
492 4722101
492 1512101
492 6722301
492 5612101
492 3522201
492 5612101
492 6722301
492 2712201
492 6712201
492 1722301
492 7722001
492 7522001
492 6622101
492 3622201
492 7722001
492 3522101
492 6622101
492 3722201
492 6622201
492 2721301
492 3622201
492 1622201
492 6612101
492 5512201
492 6612101
492 6722301
492 4522101
492 5712101
492 6712201
492 6712201
492 6512101
492 2612301
492 6512301
492 3622201
492 7722001
492 6722201
491 5719101
491 5619101
491 5712101
492 4722301
492 5612101
492 6722301
492 1412201
492 5712101
492 5712101
492 5712101
492 6722301
492 5712101
492 7722001
492 5512101
492 6712101
492 7622001
492 3722101
492 6722201
492 6722301
492 6712301
492 5712101
492 1722301
492 6722101
492 1722201
492 3522301
492 3722301
492 1722301
492 3622201
492 6522301
492 1622301
492 6722301
492 5612101
492 5612201
492 6412101
492 1519201
492 5512101
492 6722301
492 6712301
492 3722101
492 7722001
492 6712301
492 6712101
492 1612101
492 6612301
492 5612101
492 1722101
492 3722201
492 7722001
492 3722101
492 1622201
492 6712201
492 1722301
492 6612101
492 6522301
492 3722101
492 3722101
491 2722301
492 2612301
492 2711301
492 2712301
492 3622101
492 3722101
492 2712301
492 5712101
492 7622001
492 6522901
492 2612301
492 6612201
492 5612101
492 2712301
492 1712201
492 1612901
492 3722101
492 1322201
492 3722101
492 6712901
492 5512101
492 2712201
492 2712301
492 6512301
492 3422301
492 5612101
492 1612101
492 6512301
492 5612101
492 2712901
492 6712901
492 5712101
492 6712301
492 2721301
492 6412201
492 6722201
492 6622101
492 6712101
492 5712201
492 5612101
492 2612301
492 5712101
492 5612101
492 6612301
491 5712301
492 6612301
492 6722901
492 6612901
492 1422301
492 6722201
492 5712101
492 5612101
492 6722301
492 4522301
492 6122101
492 2722301
492 6612301
492 6722101
492 6712301
492 3522201
492 5712101
492 2612301
492 6612101
492 2612301
492 1722901
492 6722901
492 6722901
492 5712901
492 2712901
492 6712901
492 2712901
492 2722901
492 5712901
492 1722901
492 5712101
492 6712901
492 6512101
492 7722001
492 1712201
492 2722101
492 7722001
492 3522201
492 2622201
492 6612201
492 6612901
492 1722301
492 6612901
492 5612101
492 6412301
492 6712901
492 3622201
492 1622201
492 6712201
492 5712101
492 6522101
492 5712901
492 5712101
492 6312301
492 6622301
492 3622101
492 1712301
492 6722301
492 5712201
492 2712301
492 6622101
492 6422901
492 6712301
492 5612101
492 3722101
492 7722001
492 6512301
492 3722201
492 6612101
492 6322301
492 2722101
492 6422201
492 6622301
492 2612301
492 3722201
492 3622101
492 5512201
492 5612101
492 2622301
492 1612201
492 7522001
492 6622301
492 2712201
492 5612101
492 1721201
492 1622201
492 7622001
492 2722201
492 2712301
492 6722211
492 3722101
492 2712301
492 2612101
492 3722301
492 3722301
492 6422111
492 2722101
492 6712101
492 6722201
492 2522201
492 6522101
492 6422101
492 6712301
492 3422201
492 5712101
492 3722101
492 1722101
492 3522101
492 5712301
492 6621101
492 6521101
492 6612301
492 2722201
492 6712301
492 6722101
492 6722301
492 1712101
492 6712901
492 3722301
492 2522301
492 5512101
492 3722201
492 6422101
492 3522201
492 6522901
492 5712901
492 3622101
492 1522201
492 6612301
492 6612901
492 5712301
492 2622201
492 3622101
492 5612201
492 2712101
492 6712301
492 6712301
492 2721901
492 6712101
492 6511101
492 1622101
492 6712101
492 6722101
492 1712201
492 7722001
492 3722301
492 6722301
492 2612301
492 5612101
492 1722301
492 3722201
492 6622301
492 3622201
492 1622101
492 6722301
492 6712301
492 3722201
492 6722301
492 6722101
492 5712101
492 6722201
492 6422101
492 6722901
492 7522001
492 3722201
492 6712201
492 5712301
492 2712101
492 2613101
492 6722301
492 6622101
492 7722001
492 6522301
492 6722201
492 6512301
492 1612201
492 2619301
492 5612101
492 6622301
492 6722301
492 1722101
492 6722301
492 6622301
492 3722101
492 5712101
492 5712101
492 5712101
492 2712201
492 2722301
492 6622301
492 2622301
492 3722101
492 1412201
492 5612101
492 5712101
492 1722901
492 7722001
492 3722101
492 6612301
492 1722901
492 2712901
492 6712901
492 5612101
492 3722101
492 7622001
492 3622301
492 6612101
492 5712101
492 6612301
492 6712201
492 6512301
492 6712301
492 6612301
492 6312301
492 6622101
492 6612101
492 1522101
492 6422101
492 6522101
492 2712901
492 2712901
492 6722901
492 5712901
492 6722901
492 2722201
492 6712901
492 6722101
492 6722201
492 6722301
492 3722101
492 2712101
492 5712201
492 6722101
492 5612201
492 6712301
492 5712301
492 3722101
492 3722101
492 6622001
492 6612101
492 1612201
492 2512201
492 7722001
492 1722201
492 6512101
492 6712301
492 3722101
492 2712101
492 6722101
492 2622101
492 1712901
492 6712101
492 1712101
492 3722201
492 3722101
492 6722101
492 1722201
492 2722101
492 6712201
492 2712301
492 6612201
492 3622101
492 5712101
492 2612301
492 6622301
492 6612101
492 1522201
492 2722301
492 3622101
492 3622201
492 3522101
492 7622001
492 5712301
492 6722301
492 5712101
492 5612101
492 6722201
492 6722201
492 6722101
492 6722201
492 6622201
492 6512901
492 6722301
492 6712301
492 6722101
492 6612201
492 7722001
492 2712101
492 6722301
492 6612201
492 3522201
492 5512204
492 5612101
492 7522001
492 5612201
492 2712101
492 2722101
492 3722101
492 5712101
492 6612301
492 2522301
492 5612101
492 3522101
492 1722101
492 5712101
492 5512101
492 6712301
492 6613201
492 1512201
492 5512101
492 5612301
492 3622901
492 6422301
492 2712101
492 6722301
492 1722301
491 6722301
492 6712901
492 5612101
492 6322101
492 6712201
492 5612301
492 3722301
492 6712301
492 6612901
492 2712901
492 6712101
492 6722901
492 5712101
492 5612201
492 5612101
492 6712101
492 6712101
492 6712201
492 6722901
492 1722901
492 1722901
492 2712901
492 6712901
492 6722901
492 6712901
492 6512901
492 6422901
492 5712901