501 6712901
501 1722201
501 7622001
501 1621101
501 7522001
501 1711111
501 6722201
501 3621111
501 6622001
501 5611101
501 2712301
501 6612201
501 5512301
501 7522001
501 2612301
501 6722201
501 6722101
501 2522301
501 3722201
501 4422101
501 2722301
501 7721001
501 2722301
501 3722201
501 6612101
501 1712101
501 1712101
501 6711301
501 6722301
501 3722201
501 1722201
501 3722201
501 3722201
501 6712201
501 6722101
501 1622201
501 5512201
501 6722901
501 5712101
501 5712101
501 5612101
501 3722101
501 6422301
501 6522201
501 3422101
501 2722301
501 5512901
501 5712301
501 2612301
501 7529001
501 3622301
501 6722101
501 3522201
501 6512301
501 1722901
501 1612301
501 5712201
501 3621201
501 5712101
501 3622101
501 6712301
501 6512101
501 6712901
501 6712101
501 7722001
501 6712101
501 3522101
501 5612301
501 1722101
501 5712101
501 5712101
501 6722301
501 6612101
501 2612301
501 5712101
501 7722001
501 6722301
501 1722901
501 6412301
501 5712901
501 6512101
501 5711101
501 7522001
501 3622301
501 6711111
501 7722001
501 6722901
501 6622301
501 2722101
501 6312901
501 2712301
501 2622101
501 6712201
501 7722001
501 3422201
501 1422301
501 1722301
501 6612301
501 7522001
501 5712101
501 6622301
501 6322101
501 6621201
501 6722101
501 2522301
501 7721001
501 1712101
501 2722201
501 5712101
501 6712901
501 5611101
501 5712101
501 1612301
501 5612101
501 5712301
501 6722201
501 6722101
501 5712101
501 3522201
501 6712201
501 3722201
501 3522201
501 6722001
501 1722301
501 3422111
501 6722301
501 6622101
501 6722201
501 6712301
501 3722201
501 6522101
501 6622301
501 5712101
501 6712301
501 5612101
501 2522301
501 3423101
501 5712101
501 6722301
501 5712901
501 6711901
501 7522001
501 6622301
501 3622201
501 3721101
501 5712101
501 7622001
501 5612101
501 6522301
501 5612101
501 6512301
501 6722301
501 6721911
501 6622301
501 3722101
501 5612101
501 6722901
501 3522201
501 5612101
501 3722101
501 3722201
501 3522201
501 6422301
501 3522101
501 1712901
501 6522301
501 6522201
501 6222301
501 5612201
501 6611301
501 3722201
501 6611101
501 6612301
501 2612201
501 2512201
501 5611311
501 6522101
501 2712301
501 2721301
501 5611101
501 7722001
501 7621011
501 6722301
501 3721111
501 6722101
501 7622001
501 6712901
501 6512101
501 6511211
501 6311101
501 5711111
501 5512101
501 6722101
501 4623101
501 2712101
501 3322101
501 5612101
501 1612301
501 5712901
501 1721201
501 6611101
501 3722101
502 6722101
502 6722301
501 2722201
501 1512201
502 2622301
501 7722001
502 6712001
502 6712301
502 3622101
502 6622201
502 7722001
502 1412301
501 5712201
501 6612201
502 6512301
502 1722301
502 5712101
502 5512101
502 7722001
502 6322201
502 1712101
502 1712101
502 1712101
502 3722201
502 1622301
502 6712101
502 6312301
502 2711201
502 6722101
502 2711301
502 2722101
502 5712101
502 2712301
502 6411101
502 4622201
502 6721101
502 7622001
502 7622001
502 6722201
502 3722201
502 6622301
501 5613101
502 7422001
501 5712901
502 6512301
502 5712101
502 5612101
501 5712101
502 1612101
501 6722901
502 6522201
502 2712301
502 1722201
502 3721101
502 2712101
501 6712901
502 6712201
502 6612901
502 6611301
502 2722201
502 5612101
502 6711201
502 5711901
502 5612201
502 2722101
502 3622301
502 6721301
502 2712201
502 3722101
502 6322101
502 1622101
502 6512201
502 2712101
502 3722101
502 5712101
502 6712101
502 3622301
502 6712901
502 6622101
502 6422301
502 5612101
502 6722201
502 7622001
501 6622301
502 6512301
502 6712101
502 6622301
502 5612201
502 2722201
502 6711211
502 5719101
502 3522101
502 7721001
502 3722201
502 6712101
502 6721201
502 3622101
502 5712101
502 3521101
502 3722101
502 6722301
502 6521101
502 2612301
502 1712101
502 7622001
502 2722101
502 2722901
502 2712901
502 6722201
502 6222301
502 3722101
502 6522101
502 2722301
502 6722301
502 3522201
502 7522001
502 2722101
502 6722201
502 6721101
502 6422101
502 3621101
502 6622901
502 7722001
502 1622201
502 5612201
502 1522301
502 2622301
502 6722901
502 1722301
502 6712201
502 5619111
502 6722101
502 5512201
502 1712901
502 6612301
502 6522101
502 6522301
502 7622001
502 7722001
502 6622301
502 6722201
502 1622201
502 3522201
502 6712301
502 5512101
502 3722201
502 5612301
502 2722101
502 5712101
502 1712101
502 6412301
502 6712301
502 3422101
502 5612301
502 1722101
502 1722101
502 6722201
502 1712201
502 3622901
502 6712301
502 6612201
502 6612101
502 3521211
502 1722301
502 3722101
502 6622901
502 6612101
502 6522301
502 2712301
502 6612101
502 6512301
502 5712101
502 6622101
502 6722301
502 6612301
502 6422101
502 1712201
502 6722201
502 2612301
502 6612201
502 7622001
502 3722201
502 6722301
502 1712101
502 2712301
502 6722301
502 6622301
502 5412101
502 5712301
502 6612901
502 6421111
502 6612101
502 5612301
502 6712201
502 4622301
502 7621011
502 1712101
502 3722101
502 2722301
502 5712301
502 3522301
502 6722201
502 1312301
502 1712301
502 6422101
502 3722101
502 3622101
502 6622101
502 7722001
502 2711301
502 2622201
502 7722001
502 3622101
502 4722201
502 3622101
502 2612301
502 6612101
502 5712101
502 3622101
502 1612101
502 3722101
502 6722201
502 6712901
502 6712201
502 6612901
502 6612901
502 2712301
502 5712901
502 5712101
502 6722301
502 2622101
502 2712101
502 6712901
502 5712101
502 3722201
502 6722201
502 6722901
502 2712301
502 7622001
502 3322101
502 6522901
502 6522301
502 3621111
502 6722901
502 3522101
502 6722901
502 6711101
502 6711111
502 5512201
502 6721311
502 6711301
502 6522301
502 6711901
502 2722901
502 5712901