511 7622001
511 2712301
511 6721911
511 6522101
511 1522201
511 1622201
511 6612101
511 3622101
511 6522901
511 1712101
511 5612101
511 6611301
511 6612101
511 6712101
511 6611301
511 5612101
511 5612101
511 6622301
511 1711111
511 3622301
511 3622301
511 6611111
511 1512301
511 1522201
511 6721101
511 6722301
511 6621101
511 2722201
511 6522201
511 6422101
511 4521201
511 6412201
511 3322301
511 5711111
511 2721301
511 6111111
511 2712301
511 2712301
511 6722201
511 1722201
511 1722201
511 3722101
511 3622101
511 2722301
511 1512101
511 6722201
511 5612201
511 2711101
511 1722301
511 6512201
511 1721111
511 6722201
511 6721011
511 6722301
511 3722201
511 6722201
511 7721001
511 6521111
511 7722001
511 2522901
511 2722301
511 3622301
511 5711111
511 6711101
511 5612101
511 5712101
511 3722101
511 5712101
511 3522201
511 5712101
511 6212301
511 1512101
511 6622101
511 2612301
511 5612101
511 1522101
511 6722901
511 6712301
511 5511101
511 1511211
511 1722301
511 6522301
511 5712101
511 2612301
511 5512201
511 6611211
511 5611111
511 6722101
511 1312301
511 6711311
511 5712101
511 6512301
511 6612301
511 2721301
511 2722301
511 5712901
511 5612901
511 2512101
511 6422101
511 1712301
511 6721301
511 3722101
511 6721311
511 3722101
511 2722301
511 6712201
511 6612201
511 7722001
511 1722101
511 5711111
511 5711201
511 5712101
511 5712101
511 3722101
511 7522001
511 3722101
511 7522001
511 6522201
511 1612201
511 5412101
511 6411101
511 2711211
511 6712101
511 3721101
511 2522301
511 5612201
511 6621101
511 2512201
511 5612101
511 5712101
511 5612101
511 5612101
511 6721111
511 2722201
511 6721101
511 3621201
511 7721001
511 6711101
511 1712201
511 3721101
511 2712101
511 3622101
511 6623301
511 2612301
511 6722101
511 6522301
511 3322301
511 3722101
511 3621111
511 6712301
511 6512901
511 5612101
511 6711901
511 5712101
511 6712901
511 5512101
511 6612101
511 1712201
511 6511311
511 1522301
511 6522301
511 1521201
511 2612301
511 5512101
511 6511101
511 5712101
511 6512101
511 1512101
511 6511111
511 2612201
511 7722001
511 1621311
511 3621111
511 2721101
511 5611111
511 2721101
511 5612101
511 6711101
511 1722201
511 1722201
511 6612301
511 3722101
511 3722201
511 7721011
511 2721201
511 6721211
511 2722101
511 1722301
511 6612301
511 6622301
511 6712101
511 6411211
511 3722101
511 1611211
511 4322101
511 3521301
511 6622201
511 1611311
511 1611111
511 2711201
511 6721311
511 5712201
511 3522101
511 5612101
511 6712101
511 6522101
511 6611101
511 3722201
511 6722301
511 3722201
511 7722001
511 3422301
511 2722301
511 5712101
511 2611301
511 5712101
511 7722001
511 6622301
511 6722301
511 1712101
511 6621111
511 6611111
511 1712301
511 5712101
511 2721301
511 6722301
511 2711301
511 2721301
511 1712101
511 2712201
511 2622201
511 1722101
511 2722201
511 2711301
511 5612101
511 6712301
511 6622211
511 7622001
511 6511101
511 2612301
511 3722101
511 5712101
511 1721301
511 2721111
511 6722901
511 2712901
511 2712301
511 6712101
511 2622301
511 5612201
511 6722901
511 5712101
511 6422101
511 6721201
511 5712101
511 2722301
511 1722101
511 1722201
511 1722101
511 5611211
511 3422101
511 4722101
511 6622301
511 6722201
511 5512101
511 6612301
511 2622301
511 5612101
511 6721301
511 3622201
511 2722301
511 2722301
511 5512101
511 6621111
511 1712101
511 4622201
511 1611101
511 1622201
511 6611311
511 2711301
511 6722301
511 6722301
511 6412101
511 3522201
511 1712301
511 6522101
511 6712201
511 2511311
511 6521301
511 6722301
511 2712301
511 6712301
511 6722201
511 6712301
511 6722201
511 5612101
511 6612301
511 5612101
511 2622301
511 3522201
511 3721111
511 2422301
511 6722101
511 5512201
511 2722901
511 5612101
511 6722301
511 7722001
511 5612101
511 6721311
511 3722101
511 3622201
511 6211311
511 2721201
511 6712001
511 3721111
511 2721301
511 6611911
511 2721101
511 5712101
511 6512301
511 5711111
511 6722301
511 6712101
511 2611201
511 6612201
511 6712101
511 1612101
511 6622201
511 6221311
511 6512301
511 6311111
511 7622001
511 5612101
511 6722101
511 3722201
511 6522211
511 6712201
511 6711211
511 5512101
511 3521111
511 6722101
511 6622201
511 6611211
511 1722101
511 2721211
511 6722201
511 6722101
511 6729311
511 2722301
511 6712201
511 6622201
511 3722101
511 6729211
511 7622001
511 5612101
511 3621111
511 6712101
511 2529101
511 5612101
511 3722101
511 5611211
511 1722101
511 6511201
511 6522901
511 1712101
511 3621201
511 1722201
511 5711111
511 5711111
511 5619101
511 5712101
511 3521201
511 5712101
511 6712301
511 2722201
511 5712111
512 6722301
511 2722301
511 3522201
512 6722301
512 6722101
512 3722201
512 5711101
512 6722101
511 3422201
512 3722201
511 6712101
511 5712201
511 3722101
511 2722201
511 6622101
511 6712301
512 3722101
512 6722101
512 6722101
512 3622101
512 6722201
511 5619301
512 4322201
511 6722301
511 1712301
512 6312201
512 7522001
512 3622101
512 6721311
512 6711101
511 5612301
512 2712301
512 6512101
512 2721311
512 2512301
512 3422201
512 5711101
512 6721311
512 6721301
512 6722301
511 7522001
512 6622201
512 6422901
512 2722301
512 6721111
512 6622201
512 6721201
512 6212101
512 5712101
512 6711011
512 1622201
512 3721201
512 6622101
512 2712301
511 6722301
512 6412101
512 6721301
512 5719911
511 6612901
512 6712101
512 2712101
512 6322101
512 1722111
512 2722201
512 5711101
512 6622301
512 6712101
512 5712101
512 6722201
512 7722001
512 1712301
512 2712201
512 5711101
512 1622101
512 6421111
512 3521311
511 6622901
512 6612301
511 5712101
511 6711001
512 7422001
512 7422001
511 6711301
512 6722301
512 6712301
512 5612101
511 5711101
512 3529111
512 2712201
511 6512101
512 5711111
511 2712901
511 6321111
512 5511101
512 7722001
512 5712101
512 2522201
512 6612101
512 2722301
512 6722101
511 2721211
512 2722101
512 2712201
512 2722101
512 3722201
512 5712101
512 3622101
512 6721211
512 6621311
512 5712101
512 6722101
512 6622301
512 6412101
512 6622101
512 2712301
512 6622301
512 5611101
512 1711201
512 2522201
512 6712001
512 5712101
512 2712301
512 6711311
512 1622901
512 6722201
512 6711311
512 6512101
512 6722901
512 6522301
512 6711311
512 6722301
512 3722101
512 7722001
512 6621111
512 3722201
512 5712101
512 6722201
512 6721311
512 3622101
512 6712201
512 5711111
512 2622901
511 2522101
512 6722901
512 3522101
512 5712201
512 6711301
512 6712301
512 6722301
512 3622101
512 6311211
512 1722901
512 2622201
512 1712301
512 6622301
512 6612101
512 5712101
512 6622901
512 6712301
512 3722301
512 6622301
512 3521211
512 2721101
512 6711301
512 6611311
512 3722201
512 3722101
512 3721101
512 3522201
512 6612101
512 5511111
512 6721911
512 6712901
512 3622101
512 5712101
512 6511311
512 3622101
512 6722101
512 1611211
512 6722101
512 3521211
512 6612301
512 6712101
512 5712101
512 3522101
512 5712301
512 6422301
512 2621111
512 6722301
512 6722101
512 7622001
512 2722101
512 3722101
512 7422001
512 3722301
512 6622301
512 3722201
512 3722101
512 6612111
512 6522101
512 1611311
512 6712201
512 6611111
512 6612301
512 6722101
512 6722901
512 1612101
512 1612101
512 6621311
512 6611111
512 6622101
512 2612101
512 6622201
512 3722101
512 5712101
512 5712101
512 5612101
512 2711311
512 6722901
512 5612101
512 2721101
512 3622201
512 2721301
512 6712301
512 2712301
512 1722101
512 1411111
512 2721201
512 3721211
512 5612101
512 6311311
512 6421211
512 3722101
512 3722201
512 1522301
512 6512101
512 6622101
512 6712101
512 6612001
512 5612101
512 6611211
512 6722201
512 6722901
512 5712301
512 7522001
512 6712101
512 5719111
512 3422101
512 6721901
512 6621311
512 6722101
512 1621211
512 6721911
512 2622901
512 2612301
512 6621311
512 2612201
512 7621011
512 6722301
512 6612901
512 3522101
512 6711001
512 2622301
512 1722101
512 6421201
512 5712301
511 6711901
511 6411911
512 5712101
512 5712101
512 6612301
512 3721101
512 3622301
512 3622101
512 5612101
512 1712201
512 4622301
512 3722101
512 3722101
512 6722901
512 1712101
512 5712101
512 6721311
512 6722111
512 1712101
512 1712201
512 5712101
512 5612101
512 6612201
512 6721301
512 6622101
512 1422101
512 2622301
512 1611211
512 3722101
512 1621211
512 2711311
512 5611111
512 6711311
512 2622201
512 3722101
512 2712301
512 3722101
512 1722901
512 6422101
512 7722001
512 7421011
512 6712201
512 6711201
512 3721301
512 1722201
512 3722101
512 6722201
512 5712301
512 6611111
512 6612101
512 6711311
512 6622301
512 3422201
512 1722901
512 3722201
512 5612101
512 2512301
512 6712101
512 6723201
512 6621101
512 6621201
512 1722901
512 2612901
512 6712901
512 1529211
512 3621301
512 5712101
512 2612201
512 7722001
512 1522201
512 2721111
512 6712101
512 6512201
512 6512301
512 7721001
512 6712301
512 1722201
512 2722301
512 5711101
512 6712301
512 2712201
512 2722301
512 2722101
512 6322301
512 6611011
512 3721101
512 1611211
512 6622301
512 3522101
512 3722101
512 3722901
512 6512201
512 6712301
512 3722101
511 6422101
512 6612301
512 6522301
512 6712301
512 5712101
512 3621111
512 6711311
512 2729311
512 5612201
512 6721311
512 6322301
512 6712301
512 6612101
512 3721111
512 3722101
512 1712901
512 1722301
512 6712201
512 6712101
512 6621311
512 2722201
512 6611111
512 5612101
512 4622201
512 5612201
512 5712101
512 2711201
512 3722101
512 6712101
512 6512201
512 3622201
512 2711201
512 2612101
512 7722001
512 3622201
512 6622201
512 6622101
512 6712301
512 5712101
512 6612201
512 2712301
512 3721211
512 2622301
512 3422201
512 3722301
512 2719311
512 4621301
512 1621201
512 3721211
512 2521201
512 6722201
512 6512301
512 2722201
512 5712101
512 3722101
512 3421111
512 5512101
512 2712301
511 7521001
512 6612301
512 5612101
512 2712301
512 6712901
512 5711311
512 1712101
512 1712901
512 5712101
512 6612101
512 2712301
512 6712901
512 2721901
512 6722301
512 6712301
512 3722901