521 2711301
521 6511311
521 1721301
521 2722201
521 6722901
521 3622101
521 2611301
521 1711101
521 5612101
521 6711901
521 2522301
521 6321111
521 6711101
521 6721301
521 2722301
521 1712201
521 6722301
521 3621101
521 1611101
521 6721311
521 6521111
521 6721201
521 6511311
521 1722101
521 5611211
521 6711101
521 6621101
521 2522301
521 6711201
521 5511111
521 3521101
521 1521111
521 6721301
521 6721311
521 6621201
521 3522201
521 6621111
521 6721301
521 3721101
521 3521101
521 1721201
521 1712201
521 6721201
521 5712101
521 3721101
521 6212301
521 5611101
521 6121911
521 6521001
521 2711101
521 6311911
521 3421211
521 1712201
521 6711201
521 6721301
521 6712101
521 5712101
521 1721101
521 1721301
521 1721301
521 5611211
521 2721301
521 1711201
521 6711201
521 6711901
521 2611301
521 3721101
521 6721111
521 6611301
521 7721001
521 1711311
521 6711101
521 6711011
521 6711311
521 2721901
521 2711301
521 6311111
521 6711201
521 6311111
521 1622301
521 6511111
521 6611311
521 6522201
521 6621211
521 1722101
521 5711211
521 5711101
521 5611201
521 3721101
521 6611301
521 6722101
521 1711101
521 6411201
521 6611301
521 1711111
521 6511111
521 2521301
521 3622201
521 5711111
521 5719101
521 2711301
521 2711301
521 2711311
521 6722201
521 3721111
521 6621311
521 6711301
521 1711201
521 2711301
521 1711111
521 6711211
521 6721101
521 6611311
521 7622001
521 5711111
521 6721301
521 5711901
521 1611211
521 2521301
521 3529201
521 6621111
521 6622201
521 2711301
521 6621201
521 6521201
521 6111311
521 6712301
521 5712201
521 5711101
521 5511111
521 1722201
521 1611101
521 1711201
521 2721901
521 7721011
521 6421111
521 2721311
521 6321211
521 1721101
521 6721201
521 6611301
521 6722201
521 2721101
521 2611301
521 2711901
521 1621101
521 6612201
521 1721111
521 5711111
521 3721201
521 5711311
521 6721211
521 6711101
521 6522111
521 3522201
521 6721111
521 5711111
521 6319911
521 5611111
521 3621301
521 3521211
521 4521101
521 6721111
521 3722101
521 3721211
521 2621101
521 3321111
521 6711201
521 2711901
521 3721101
521 5711101
521 6711001
521 6721301
521 6621101
521 2611301
521 3521201
521 7721001
521 2721101
521 6611001
521 5711101
521 1721201
521 6622101
521 6711311
521 6521111
521 6721201
521 3621111
521 2611311
521 6311111
521 6311311
521 3622101
521 6721211
521 6511111
521 7721011
521 6513901
521 6611111
521 5712901
521 5611911
521 2721111
521 6721301
521 6722901
521 5712101
521 3621211
521 2711901
521 5711111
521 6712301
521 5711101
521 5711111
521 3721101
521 2711211
521 6711111
521 6721311
521 6521311
521 5719101
521 6511311
521 6721301
521 2721201
521 2721101
521 3721111
521 7721011
521 1521111
521 1621311
521 6721211
521 4721201
521 6711211
521 3521111
521 6612101
521 2721301
521 5611101
521 2611111
521 6421101
521 6721101
521 5611111
521 6521111
521 6311111
521 6611301
521 5711111
521 1421211
521 4721211
521 6511911
521 6611311
521 6411911
521 7621011
521 1411211
521 1711201
521 5611111
521 6612101
521 2422301
521 6711101
521 3521211
521 5611101
521 6521101
521 6711101
521 3721101
521 5711311
521 6711301
521 2411301
521 3721101
521 2711201
521 6721301
521 6721101
521 5711101
521 2711911
521 6721301
521 6721901
521 3621111
521 1711101
521 6711201
521 3621211
521 5711101
521 2621201
521 2711201
521 2721201
521 3721101
521 6711101
521 2511201
521 6711101
521 1721201
521 3721301
521 4621201
521 4421211
521 3721111
521 5711111
521 6611111
521 6421111
521 6621111
521 6721101
521 6621101
521 6711901
521 3721901
521 6711901
521 6721901
521 6721301
521 6711201
521 5711101
521 2711201
521 2521301
521 6611111
521 6621901
521 3621111
521 1511211
521 6511101
521 6711901
521 6321311
521 2621301
521 6711111
521 5611101
521 7521001
521 6321211
521 6721111
521 6711111
521 3721111
521 5711101
521 6721301
521 7721001
521 6721311
521 6721201
521 6711901
521 7621001
521 6521311
521 5611101
521 3521311
521 1711111
521 6621101
521 2721311
521 6522101
521 6711211
521 6621101
521 6711101
521 6721201
521 5711111
521 6721901
521 2712901
521 6721211
521 6621111
521 6711101
521 6621201
521 2711301
521 3621301
521 3721111
521 3522201
521 2511301
521 6721211
521 6621311
521 6711101
521 2721101
521 2711201
521 6721301
521 5711111
521 6711201
521 6511211
521 6711301
521 5711111
521 6711901
521 2711901
521 5711101
521 6711101
521 3721101
521 3721101
521 6711301
521 6621301
521 6721301
521 6611301
521 3721301
521 3721301
521 5611201
521 3721211
521 3721211
521 6721201
521 6621301
521 2721201
521 1721301
521 6721201
521 6711111
521 5711101
521 2521201
521 3721101
521 6721101
521 6521101
521 6111311
521 4521111
521 6629101
521 6611211
521 7521001
521 3621201
521 6721301
521 6711301
521 6611301
521 5711101
521 2711101
521 6611101
521 3521211
521 1521111
521 6521111
521 6611211
521 1521311
521 1711311
521 5711911
521 6722301
521 6611201
521 6721311
521 1711211
521 7721001
521 5611111
521 6711201
521 6721111
521 6411111
521 6521211
521 6721101
521 6411211
521 2721211
521 6611201
521 6621301
521 6611301
521 6711101
521 2721301
521 2729301
521 6211311
521 6621111
521 5711111
521 5511111
521 6721111
521 6721301
521 6411111
521 6721301
521 2721301
521 2721201
521 1721201
521 6711201
521 2711301
521 6711301
521 6721101
521 5711101
521 1721301
521 3721101
521 6711201
521 6721101
521 6711301
521 2721301
521 5711101
521 2721901
521 6711311
522 1711111
521 6721111
521 6321311
522 6323101
521 6711111
522 6421211
521 6721101
521 2721311
521 5711111
521 6721311
521 5611111
522 6711901
522 1711211
522 6511211
522 3721111
522 6521201
521 2511311
522 6621111
522 2711101
522 6611211
522 4421111
522 1721201
522 3721111
522 6211111
522 6121311
522 6711311
522 6521111
522 6721211
521 5711101
522 6721101
522 2611101
522 6521101
522 6521111
522 1711211
522 6711111
522 6713301
522 3521211
522 5712101
522 5611111
522 1611311
522 6411311
521 6611311
522 4723111
522 6621311
522 6511101
522 6721201
522 2621311
522 6721201
521 5711101
521 6721901
521 6711101
521 6721901
521 5611101
521 6721111
521 1721101
521 5711101
522 7721001
522 6721301
522 5611101
522 2721201
522 6611201
522 1711201
522 5711111
522 6621211
521 6711901
521 1721901
522 1322201
522 1711211
522 5711101
522 2621201
522 5711111
521 2712301
521 1611301
522 5611111
522 6711311
522 2611201
522 5711111
522 6611211
522 6511111
522 6711311
522 6621211
522 6421311
522 6622901
522 6511201
522 6721311
522 4521311
522 6721211
522 6721111
522 2721301
522 6521211
522 6421111
522 5711111
522 4621201
522 6521111
522 3721111
522 6721111
522 6711911
522 2711901
522 2521311
522 1711111
522 6711301
522 2711301
522 1511111
522 5711111
522 1711301
522 6621201
522 1711111
522 3321111
522 5611111
522 6611911
522 5511111
522 2721201
522 6711911
522 6521111
522 6621901
522 3621101
522 6711001
522 1721311
522 3521111
522 3521911
522 2521311
522 6711301
522 5711301
522 6711211
522 6721311
522 6711101
522 6721301
522 6621111
522 3721111
522 2711101
522 2521111
522 1511211
522 1521201
522 6711311
522 6711211
522 3721111
521 5711111
521 6621301
522 6721001
522 2711201
522 5611101
522 1711901
522 3721101
522 3721201
522 2711101
522 6721301
522 1721101
522 2711301
522 6521211
522 5611111
522 1611101
522 5711101
522 1721101
522 6721301
522 1711311
522 6721301
522 6711901
522 5711101
522 3621201
522 3421111
522 7421011
522 6721201
522 3521101
522 3721301
522 6511111
522 1621101
522 6711301
522 2711901
522 3721901
522 6711111
522 4721211
522 1511311
522 5611111
522 6521111
522 6621201
522 3721111
522 6611101
522 6611211
522 6611211
522 1721101
522 6621111
522 3422201
522 5711211
522 6411111
522 6711301
522 3521101
522 2721301
522 6711901
522 5611111
522 6711101
522 6721111
522 6711011
522 6621111
522 3521211
522 1621901
522 2611211
522 6719111
522 6729211
522 3621101
522 6521311
522 1611201
522 6623111
522 6611101
522 2622301
522 7621001
522 6519301
522 6721311
522 6521101
522 6622101
522 6611301
522 6721301
522 6721101
522 6721301
522 6721301
522 3721101
522 3621101
521 5711101
522 2521201
522 6721111
522 3721201
522 7721011
522 6711101
522 5511101
522 6721901
522 6721301
522 6721111
522 5711211
522 1521101
521 7621011
522 6611201
522 6711301
522 2711301
522 6711101
522 3721201
522 6611311
522 3721111
522 6711311
522 1421311
522 5711301
522 6711101
522 6721311
521 6711301
522 2711301
522 6611911
522 6711911
522 2711901
522 3721111
522 3721101
522 6711301
522 6621111
522 6521311
522 6721311
522 1712101
522 6321111
522 6721911
522 6621301
522 3321111
522 6521111
522 6719311
522 2711311
522 6511201
522 6511111
522 2711201
522 6711311
522 6521201
522 2721201
522 6721111
522 2611301
522 5611111
522 6111311
522 5711211
522 6519101
522 6621101
522 6221911
522 5611301
522 5611101
522 2711311
522 1621201
522 2711301
522 5711111
522 2711211
522 1723101
522 6421111
522 6721301
522 6711111
522 2721201
522 3521211
522 3621111
522 6621911
522 6711111
522 6611211
522 3621211
522 3521111
522 5711101
522 6611311
522 3721201
522 3721101
522 5711101
522 7621011
522 1721101
522 6711301
522 2711301
522 6711001
522 1711211
522 6611211
522 6511211
522 1711101
522 6421301
522 7522001
522 6621311
522 6619111
522 6621201
522 2722301
522 6621211
522 5711211
522 6321111
522 6721101
522 3621201
522 3521111
522 6321211
522 6621111
522 6611201
522 6721101
522 6711301
522 6522911
522 6522911
522 2711201
522 3721111
522 5719101
522 5711101
522 5611101
522 6721101
522 6623111
522 5611111
522 2721101
522 6711101
522 1611201
522 3529311
522 3721111
522 3721101
522 6111311
522 6521111
522 6621311
522 6621211
522 6411111
522 3521111
522 3721201
522 2721311
522 6629111
522 6211311
522 2711301
522 6721111
522 5711301
522 1611111
522 6611101
522 6711101
522 1611111
522 5611111
522 3421211
522 6711311
522 3721111
522 6721301
522 2721311
522 6521311
522 6721311
522 6711111
522 2711301
522 6721311
522 5711901
522 6611201
522 5711101
522 5711111
522 3621211
522 2711311
522 2611301
522 3521111
522 7721011
522 4721311
522 6721901
522 1721201
522 5611211
522 6711001
522 6721301
522 6619201
522 6721301
522 2711301
522 2711301
522 6721901
522 6411101
522 7721011
522 6711011
522 1521111
522 3621101
522 2721201
522 3521101
522 6511311
522 6611311
522 6521311
522 6711911
522 6621301
522 6711111
522 5711301
522 2611301
522 6621311
522 6721111
522 2621311
522 6711901
522 6611101
522 5611201
522 6721211
522 4521111
521 6721301
522 6711311
522 1521301
522 6721311
522 6711301
522 1611101
522 5711101
522 6711311
522 2411311
522 6711201
522 6511201
522 6711211
522 6611111
522 5711301
522 5711101
522 1711201
522 6621111
522 6721111
522 6621111
522 2721901
522 6621111
522 6721211
522 3621101
522 5611901
522 6611201
522 6611901
522 4721901