551 6711101
551 6711101
551 2711201
551 2421111
551 5719111
551 6721301
551 6511301
551 6612201
551 1611101
551 5511101
551 6511201
551 6621301
551 2721201
551 2711201
551 6721101
551 6411201
551 6721301
551 6521101
551 6711301
551 6721111
551 6621101
551 6611211
551 2421211
551 6711201
551 5611101
551 6611301
551 3422201
551 6721301
551 5711301
551 6721301
551 2721301
551 5711301
551 6711101
551 6721101
551 2711301
551 5711101
551 6721201
551 1621201
551 6721101
551 6711301
551 6511101
551 1411201
551 1411101
551 1411101
551 6721301
551 3529111
551 3721101
551 5711111
551 5711101
551 6611101
551 6611111
551 3421111
551 1422201
551 6421101
551 2711301
551 3721101
551 6711301
551 1711301
551 6611111
551 6621101
551 1611201
551 2621301
551 6611101
551 6721101
551 5711101
551 6512101
551 6512101
551 6512101
551 6512101
551 2712101
551 5511101
551 6711101
551 3521211
551 6721201
551 6611201
551 6611101
551 2721201
551 6621201
551 6711301
551 7521001
551 1511101
551 2711301
551 6711201
551 5511211
551 5511111
551 6721901
551 2711301
551 2411111
551 6712901
551 6411201
551 6321111
551 5711101
551 1711211
551 6721901
551 6721901
551 6711301
551 6721111
551 6721111
551 6721901
551 3721901
551 5711101
551 2711201
551 6711201
551 6611101
551 6721101
551 2721301
551 6711201
551 3721101
551 1411201
551 3622101
551 6721101
551 6711101
551 6511201
551 1711211
551 6611211
551 6421101
551 2711311
551 6721101
551 6521111
551 6511301
551 7721011
551 3421111
551 5612101
551 2721301
551 1711101
551 6721301
551 1711201
551 1711101
551 6419111
551 2711101
551 3421111
551 5712301
551 2721201
551 2721301
551 6721301
551 6611311
551 6611101
551 3721101
551 6711201
551 2711311
551 6711101
551 6711001
551 6721301
551 2721301
551 2721301
551 5711101
551 5711101
551 6721301
551 6621101
551 2721201
551 1721301
551 6711901
551 6611901
551 3721901
551 6721301
551 6721201
551 6511101
551 1721301
551 1711101
551 6611111
551 6611101
551 1511101
551 5711111
551 5511111
551 6722301
551 5711111
551 5611101
551 3721201
551 6711911
551 5711111
551 6621101
551 1721301
551 1721301
551 1721301
551 6621111
551 6521311
551 1621311
551 6711101
551 6721211
551 6711301
551 3721101
551 7521011
551 2611301
551 2511301
551 6711301
551 2611301
551 6711111
551 2711301
551 4421101
551 5711101
551 2721301
551 1711111
551 5711111
551 6621101
551 1711201
551 2711301
551 1621301
551 2721201
551 6521101
551 6621101
551 2711311
551 6711201
551 5711101
551 5711101
551 2611301
551 6621211
551 6721301
551 6711301
551 6721301
551 6521311
551 1721301
551 6721301
551 2721101
551 6711301
551 1711301
551 3621101
551 3721311
551 6721901
551 1711101
551 5711901
551 6721101
551 6521311
551 6711201
551 6721101
551 5711111
551 3621201
551 6711311
551 5711201
551 5611101
551 2711301
551 6711111
551 3521111
551 6721301
551 6721111
551 6711101
551 6311101
551 5511101
551 5511101
551 6721101
551 6711301
551 6711901
551 6721301
551 6721301
551 5511101
551 6711111
551 6721301
551 5711101
551 2711301
551 2611201
551 1611101
551 2721201
551 6721301
551 2721301
551 5611101
551 3722901
551 6721911
551 6721901
551 6322101
551 6721311
552 6611101
552 6721101
551 4721201
551 6721101
551 5711101
552 6711211
552 6711201
552 1311211
552 6721201
552 1721101
552 1611111
552 6611211
552 6721201
552 2722301
552 6721201
552 5711101
552 3721201
552 3621301
552 6521101
552 6721301
551 2621301
552 6611101
552 6721101
552 4521201
552 3621111
552 3621201
551 2611201
552 1521211
552 1621201
552 6511201
552 6521311
552 6721301
552 5511111
552 2721301
552 6611201
552 5511111
552 5519101
552 6711201
552 2711201
551 3721101
551 1711201
552 1711101
552 2721301
551 5711201
551 2721101
551 2721301
551 1611201
551 6721901
551 1611201
551 6711301
551 1611101
551 6611101
551 2711301
551 6511111
551 1711301
552 1711101
551 2711901
552 6711001
552 6511301
552 2711311
552 2611201
552 6711201
552 6611101
552 6311101
552 3521111
552 1711201
551 6711901
552 3721301
552 3721101
552 6611911
552 3621201
551 3721101
551 3721901
551 6721901
551 6712301
551 2721101
551 2721301
552 6711301
552 6611201
552 2711101
552 6511311
552 6711201
552 6111211
552 2621301
552 6521111
552 6511201
552 6711101
552 6721301
552 2721101
552 6711101
552 6721311
552 6621101
552 6721111
552 1611111
552 6711911
552 1721101
552 6611101
552 1721101
552 1721101
552 2721301
552 2721311
552 6511301
552 6711901
552 6711001
552 2711101
552 6721301
552 1721101
552 6721911
552 5711101
552 6711301
552 5711101
552 2721101
552 1711201
552 2719301
552 2711301
552 6711101
552 5711101
552 6711201
552 6721311
552 2721301
552 6711201
552 6721311
552 1711201
552 6711101
552 2711301
552 6619111
552 1611301
552 4421201
552 6621111
552 2711301
552 6621101
552 6721311
552 2721301
552 1721301
552 3721101
552 2621301
552 6711301
552 3721101
552 1711201
552 3621201
552 6721301
552 6621101
552 6611101
552 1721201
552 2611901
552 6421311
552 3721311
552 3521101
552 3621201
552 3521211
552 6711301
552 2711201
552 6511111
552 6721301
552 2711301
552 6621301
552 5411111
552 5611201
552 6711201
552 6521211
552 6521201
552 1621301
552 5511101
552 6622301
552 6411311
552 6721301
552 6711211
552 3622301
552 6511101
552 6611301
552 2721301
552 6711301
552 6721301
552 1621201
552 6721301
552 6721301
552 3621301
552 6721911
552 2611301
552 6721301
552 2721211
552 1721211
552 6721301
552 3521101
552 6521201
552 6711201
552 6711111
552 6721311
552 6721301
552 6323101
552 3621211
552 3621211
552 3521111
552 2711301
552 3721101
552 1711901
552 2721301
552 5711101
552 5711111
552 7521001
552 6721901
552 6621211
552 6721901
552 6511301
552 7621001
552 3521111
552 2721301
552 6621111
552 2711301
552 2721101
552 1511101
552 6711301
552 2621301
552 6611111
552 6711101
552 3721201
552 6721301
552 1721301
552 5711201
552 2721301
552 2711301
552 2721301
552 2511301
552 3721201
552 3621301
552 6621101
552 6621901
552 6621301
552 6621301
552 6711101
552 6711301
552 6721101
552 1711101
552 6611101
552 6611011
552 2712901
552 6721101
552 6621101
552 6721301
551 7721001
552 6721101
552 3721301
552 3721301
552 1711301
552 3721101
552 6711311
552 2621301
552 6711311
552 6312101
552 6511301
552 5619311
552 2711301
552 6722301
552 5611101
552 6521201
552 3721101
552 5611101
552 6611001
552 6711201
552 2711301
552 5711201
552 2711201
552 2721301
552 6719311
552 6712101
552 3721101
552 6711301
552 6711301
552 3721101
552 6711301
552 5611301
552 6511301
552 6729201
552 6721301
552 1711901
552 6721901
552 2711901
552 6611311
552 3321311
552 6611101
552 3629301
552 6711301
552 3721111
552 2721201
552 3421111
552 7421011
552 5711101
552 3621101
552 5719201
552 6719001
552 6721101
552 6721301
552 5711211
552 5711911
552 5711111
552 5711101
552 5711101
552 5711111
552 6612311
552 6611901
552 6621901