562 6621211
561 6421101
561 2521101
561 6711211
561 2711301
561 1521301
561 6421311
561 6721301
561 6721301
561 2721211
561 6511101
561 1721311
561 6712101
561 2721301
561 5612101
561 6611301
561 1621201
561 1521201
561 3721101
561 6421101
561 6711301
561 6621111
561 6629301
561 1712201
561 3721101
561 6611301
561 2721101
561 1622101
561 6711201
561 6711101
561 6521201
561 2721201
561 6611301
561 6711201
561 5711101
561 6721101
561 6611101
561 2721201
561 3721101
561 6721301
561 2711301
561 6721201
561 6611101
561 6622301
561 1711901
561 1721101
561 5711101
561 6721301
561 1711101
561 6711901
561 1721201
561 5711901
561 6711101
561 6721101
561 6721901
561 6721901
561 6721201
561 6321211
561 7521001
561 6211311
561 6712301
561 6721201
561 7421001
561 6621211
561 3721201
561 3721111
561 3721111
561 3522201
561 3721201
561 6621101
561 1711111
561 6711301
561 6711901
561 5711201
561 6511101
561 5711111
561 3621101
561 1721201
561 6721901
561 5611101
561 6621301
561 6612301
561 6721201
561 6422101
561 2722101
561 1622301
561 6711001
561 6711201
561 6711101
561 6711901
561 6612201
561 5711101
561 5711101
561 6721301
561 6711301
561 6711301
561 6721901
561 6721301
561 1521101
561 6511301
561 3422201
561 6521111
561 6721201
561 6411101
561 6611101
561 6521211
561 1722301
561 5711101
561 1721101
561 6511901
561 4621101
561 6721301
561 6321111
561 6721201
561 6621101
561 6322111
561 5712101
561 5611101
561 6622301
561 2711201
561 1622201
561 6622201
561 1421211
561 1711311
561 2611301
561 3721101
561 5611101
561 2711201
561 2711301
561 6721101
561 2721201
561 6511201
561 6711001
561 6411101
561 6711901
561 6511101
561 1711301
561 3621201
561 1611301
561 1711901
561 6711301
561 5511101
561 6712901
561 6721101
561 6721301
561 5711101
561 5711211
561 6421101
561 6422101
561 5611101
561 2711301
561 6721101
561 2511301
561 6721001
561 1721201
561 1711201
561 1711101
561 1721101
561 1721201
561 1721101
561 6611201
561 2721101
561 3721101
561 6421101
561 5611111
561 6621101
561 2611201
561 6721301
561 6611301
561 6521311
561 3721301
561 6621101
561 6722901
561 6511901
561 3621101
561 3721201
561 6721111
561 5711101
561 2711301
561 2711901
561 2711101
561 6312301
561 5611101
561 5611101
561 5711101
561 3521301
561 3721101
561 6611901
561 5711101
561 2721201
561 6721101
561 6611101
561 6611101
561 6711301
561 6721101
561 3721101
561 1411201
561 6611101
561 2521101
561 5511211
561 6721101
561 6511201
561 6311101
561 6321111
561 1711101
561 3722101
561 3722201
561 6721901
561 1712101
561 3621101
561 3521101
561 2621301
561 6611301
561 3421101
561 6711101
561 2711101
561 3621301
561 5711101
561 6511301
561 6721301
561 1721101
561 4721301
561 6611301
561 6711201
561 5711101
561 6711101
561 6712201
561 5611101
561 5711101
561 2721201
561 6711201
561 6721301
561 6721101
561 4721201
561 6611301
561 5511111
561 6721301
561 1721201
561 3722101
561 3621101
561 5711101
561 6722301
561 6711301
561 2711301
561 6711301
561 5711101
561 5711101
561 5711101
561 2721301
561 3521101
561 6511111
561 6711301
561 2721301
561 2721301
561 6722201
561 6722901
561 5511101
561 3521101
561 7721001
561 3521911
561 2712301
561 5612101
561 5511111
561 2711201
561 5712101
561 5611101
561 2711301
561 6511311
561 6511301
561 1721101
561 5511201
561 6721101
561 5612101
561 1511311
561 5711101
561 5711101
561 5711101
561 6711201
561 1623301
561 6711301
561 6621111
561 4321101
561 6711001
561 6612201
561 6712101
561 5612301
561 2612101
561 2611301
561 2711301
561 6711101
561 5711101
561 2611101
561 5712101
561 6411101
561 6611201
561 1721101
561 6711301
561 5711301
561 6711101
561 3421111
561 1611201
561 6711301
561 1611101
561 6721301
561 6711101
561 7521001
561 6621101
561 6611201
561 6711901
561 6711001
561 6711101
561 6721901
561 6721101
561 6721101
561 6621101
561 6611211
561 6611301
561 6521301
561 6721301
561 3621101
561 1711211
561 5711101
561 5711101
561 5711101
561 6511111
561 2721301
561 6511101
561 6511301
561 5711101
561 2721301
561 5511101
561 2611101
561 6311301
561 6711301
561 6711301
561 5711101
561 5511101
561 6711101
561 6721901
561 2721301
561 6621101
561 1721301
561 6611201
561 6711101
561 6621311
561 6721101
561 2711101
561 3421211
561 7521011
561 6722301
561 6421101
561 6711301
561 6622101
561 6711301
561 5611101
561 2711101
561 6721101
561 5611101
561 2711301
561 6622301
561 2711101
561 2711101
561 5711101
561 6711101
561 6721101
561 2711201
561 5611101
561 6721201
561 6611301
561 6711101
561 6411111
561 6611301
561 6721301
561 6412101
561 6721301
561 6621111
561 6711101
561 3721101
561 7621001
561 6711301
561 6721101
561 2721201
561 2621201
561 6711101
561 6721201
561 6711001
561 6521201
561 6711001
561 6721901
561 2721301
561 6721111
561 6721301
561 2711201
561 4521101
561 6712101
561 7622001
561 6722101
561 1712101
561 3721111
561 3721201
561 6411311
561 6611301
561 3722101
561 6711001
561 3721101
561 5611111
561 6511101
561 3521101
561 3521101
561 5611101
561 6721101
561 4722201
561 2711201
561 6221311
561 1613201
561 6711101
561 6613301
561 5711101
561 5711101
561 6621101
561 6711101
561 2712301
561 6721101
561 4621101
561 2721101
561 2611301
561 7721001
561 6421101
561 6721301
561 4321201
561 3622201
561 6711201
561 3521201
561 1711101
561 2721301
561 5611101
561 2721201
561 5711101
561 2611201
561 6711101
561 6321111
561 7723001
561 4521301
561 5712101
561 5611101
561 5611101
561 2722201
561 6411301
561 4529101
561 1711101
561 6622101
561 2611301
561 5711101
561 6511101
561 6421311
561 1711901
561 1711901
561 5711901
561 6721301
561 1721211
561 1721101
561 1712101
561 3722101
561 6621101
561 6721101
561 6611901
561 2621901
561 2721901
561 3721111
561 2711301
561 6621311
561 2721301
561 6711201
561 1712101
561 6522301
561 6721101
561 6511901
561 6711301
561 3621101
561 6511901
561 2711901
561 5612101
561 5611111
561 4321101
561 5611101
561 5611101
561 5611101
561 6621201
561 6721901
561 6711901
561 1712301
561 6721101
561 1721201
561 6611001
561 2721201
561 6611301
561 6711301
561 3521111
561 6411301
561 7721011
561 6711301
561 6429101
561 6711101
561 5711101
561 1711201
561 3721101
561 1512201
561 1721201
561 6411201
561 6322201
561 6711101
561 6611301
561 6711101
561 3621111
561 1622201
561 2411211
561 6611301
561 5611101
561 6321111
561 6611201
561 3721201
561 3721201
561 1612901
561 3721201
561 2611201
561 6511201
561 5511101
561 2711311
561 6721301
561 4721211
561 5711101
561 6721101
561 2611301
561 2721101
561 1721301
561 5711101
561 2711301
561 2721301
561 6712001
561 6711101
561 6721901
561 2711201
561 5719111
561 6721301
561 3721201
561 5711101
561 6711101
561 6721301
561 6511301
561 1711101
561 6712201
561 6721311
561 6711201
561 4321211
561 3721101
561 6721101
561 7723001
561 5711101
561 5711111
561 6521101
561 2611301
561 6721301
561 6711101
561 6721901
561 6521301
561 6412301
561 1711201
561 6711901
561 6711901
561 1721301
561 6421001
561 6711301
561 6711301
561 2711301
561 5711301
561 6711301
561 7721001
561 2711301
561 6511101
561 4721211
561 2611301
561 5711101
561 7721011
561 6721201
561 2621301
561 7721001
561 6711201
561 6611111
561 3721201
561 3721201
561 2721201
561 6711311
561 1521201
561 5711101
561 4721201
561 1721101
561 5711101
561 3721101
561 6711901
561 1711101
561 2711101
561 6721201
561 6721211
561 6311111
561 6721101
561 5711111
561 6721901
561 2721301
561 6321311
561 6211311
561 3622201
561 3522201
561 6422301
561 6611201
561 6712201
561 6311111
561 1711101
561 6722301
561 6722301
561 6621101
561 2721301
561 2721201
561 6621101
561 6721301
561 3521101
561 1711201
561 6621111
561 3721101
561 6321201
561 6711301
561 5711101
561 2721301
561 6721301
561 6411301
561 1421301
561 2711901
561 6621101
561 1721901
561 1611101
561 1611201
561 6711101
561 2711201
561 2711201
561 1711301
561 6421211
561 2711301
561 1721301
561 5511101
561 6711001
561 6611301
561 6721111
561 2711301
561 6711001
561 5711101
561 3321201
561 2721301
561 6711201
561 7521001
561 6721311
561 6411311
561 1711301
561 6621111
561 3721201
561 6711201
561 2721201
561 6111301
561 2711301
561 6721201
561 6721111
561 6521101
561 1721301
561 1721201
561 1611201
561 2721301
561 6721301
561 3721101
561 6529301
561 6711901
561 3521211
561 3421111
561 6511301
561 2721301
561 6621201
561 6421201
561 6712101
561 5711101
561 2711301
561 3421101
561 7421001
561 6711301
561 6611901
561 6721901
561 6612901
561 5712901
561 6711901
561 2721301
561 6621001
561 6711001
561 6421101
561 3421211
561 2721301
561 1712201
561 6121311
561 6721201
561 6521301
561 6511101
561 6721201
561 5711101
561 6721301
561 5712101
561 3521301
561 5612101
561 2711311
561 1612101
561 6321111
561 6711301
561 2521301
561 3621201
561 3721201
561 6721201
561 6111101
561 1721901
561 7621001
561 5611101
561 5711101
561 5711111
561 6712201
561 2711301
561 3621101
561 6711901
561 1621111
561 6711101
561 1711101
561 6621101
561 6711101
561 6621101
561 6521311
561 2621101
561 1511101
561 3621111
561 7722001
561 6722301
561 6711201
561 2711201
561 2722201
561 6711201
561 6711201
561 3421201
561 2721301
561 3621301
561 1711301
561 6721301
561 1621111
561 1711101
561 5712101
561 6711101
561 1711201
561 6611101
561 6711101
561 6711101
561 5711111
561 5711101
561 6621311
561 2311311
561 6411101
561 5511101
561 6311201
561 5711111
561 6621101
561 6611101
561 6711301
561 5711111
561 1711111
561 2721101
561 6721101
561 6721301
561 3721101
561 3721101
561 6712101
561 6711001
561 6711101
561 2721301
561 5711301
561 6721301
561 1721901
561 2721301
561 2711301
561 2711201
561 6711301
561 6611311
561 6611311
561 6611311
561 2711201
561 5711101
561 6711111
561 3721201
561 7721001
561 6711001
561 1721101
561 6511301
561 3621201
561 1711301
561 3521101
561 6721901
561 6721101
561 6411301
561 6721901
561 5719101
561 3621211
561 4621101
561 6721301
561 2721201
561 3521101
561 6521301
561 2721201
561 6611101
561 6711001
561 3521211
561 6711301
561 5711101
561 5611111
561 1611111
561 2622101
561 6511211
561 6511901
561 6611301
561 3521101
561 6721101
561 6721101
561 3721101
561 2521301
561 4621301
561 2711201
561 6721201
561 1721301
561 6611101
561 2611201
561 3721201
561 6612101
561 6611001
561 6511211
561 1712101
561 6711101
561 2722301
561 6721101
561 6721001
561 2722301
561 6611311
561 6611211
561 6611101
561 2711101
561 2711301
561 3721201
561 6621101
561 5511101
561 2721311
561 2621301
561 2721201
561 6711301
561 6721101
561 2621201
561 2621101
561 3721301
561 6621111
561 4421111
561 2722201
561 6711901
561 6511901
561 2721901
561 1711901
561 2721901
561 5712901
561 1622901
561 2611201
561 6611301
561 6511301
561 1711301
561 7521001
561 6411911
561 6711201
561 2611301
561 5711101
561 6319101
561 6321101
561 5611101
561 6619101
561 3521101
561 5511101
561 2511301
561 5711201
561 6621201
561 2621301
561 3521111
561 3521101
561 2611201
561 6721101
561 6721311
561 3721301
561 2721301
561 6611201
561 6721301
561 5611111
561 7521011
561 1721101
561 6321911
561 6711301
561 6712001
561 3621301
561 6721201
561 6721301
561 2611101
561 2721201
561 2621101
561 2621101
561 6711301
561 2711201
561 6629201
561 4421101
561 1711101
561 3421211
561 3422101
561 5712101
561 3322201
561 5611111
561 5711101
561 6711911
561 6721101
561 6621101
561 6311311
561 6721311
561 6611311
561 6721211
561 7521001
561 1521101
561 3721101
561 1722101
561 1721301
561 1721101
561 5511111
561 2711201
561 2721301
561 6611101
561 1721201
561 6611001
561 5719111
561 6511101
561 6711301
561 1711101
561 2721301
561 2711311
561 6721301
561 6711301
561 6721101
561 6711201
561 1711101
561 1621201
561 6721101
561 6721901
561 6323101
561 6511201
561 5511101
561 1721101
561 6721301
561 3721201
561 7621001
561 1721201
561 6621101
561 7521011
561 6521311
561 6611301
561 2722301
561 2721101
561 1611201
561 2621301
561 3721101
561 1521201
561 3721301
561 6412301
561 6721111
561 3421111
561 3421111
561 6611101
561 3721101
561 6721111
561 3521201
561 1721101
561 1711101
561 6721101
561 6722201
561 3721101
561 2421201
561 1721201
561 6711001
561 6721301
561 7721001
561 2711301
561 6711301
561 5711201
561 1711101
561 6711201
561 7721001
561 6611301
561 5511101
561 6721901
561 6711311
561 1711111
561 6721901
561 3621101
561 5511111
561 6721101
561 6721301
561 6711301
561 6711301
561 5619101
561 2711101
561 6611201
561 5711101
561 5713101
561 5612201
561 1721101
561 6612101
561 5611101
561 6421111
561 6411101
561 1621201
561 6721301
561 3421201
561 2611101
561 6611111
561 5712901
561 2521301
561 6611101
561 7621011
561 1711101
561 6711101
561 3722101
561 6611201
561 3421111
561 3421111
561 6721101
561 1712201
561 6721211
561 6721211
561 2511201
561 3621201
561 5711101
561 6711101
561 2721301
561 6721201
561 3721111
561 3521201
561 6611201
561 3521101
561 2713301
561 6621101
561 6511201
561 6711301
561 5711111
561 5711101
561 5619101
561 6711101
561 5611311
561 6712101
561 3721901
561 6722901
561 2712901
561 6721901
562 2621301
562 6521111
562 6712301
562 6719111
561 6722101
562 3729101
562 3729101
562 3729101
562 6711301
562 2712301
561 6411211
562 7521001
562 1711311
562 3721111
562 6521311
562 3721101
562 2611201
562 2711201
562 2711201
562 6721901
562 5711101
562 5711101
562 5711101
562 5511211
562 6711101
562 5519111
562 6719111
562 5611101
562 6411111
562 6521101
562 6711201
562 6711101
562 5711101
561 2711301
561 6721301
561 6721901
562 3721201
562 6711101
562 6721301
562 1721101
562 2711301
562 6721101
561 3621101
561 7721001
562 6511201
562 1611211
562 5611201
562 5711101
561 3621201
562 6421111
562 6621201
562 6721301
562 6711301
562 1711111
562 6711301
562 6711101
561 5611101
561 5711101
561 5712101
561 3722201
561 6511111
561 6721901
561 2621301
561 3521201
561 6729301
561 6729301
561 1711901
562 6521301
562 2721101
562 3521101
562 3721101
562 6611301
562 6521101
562 6511111
562 1721101
562 6721201
562 6721101
562 6613101
562 2611301
562 1711301
562 1611201
562 5712301
562 6721201
562 1612301
562 3721111
561 6611301
562 2711201
562 6621101
562 3721201
562 6521311
562 2521301
562 6611301
562 6721101
562 6522301
561 5611101
562 2711101
562 6611201
562 6711101
562 6421101
562 5711101
562 6611301
562 1711201
562 1719201
562 3521211
562 6511301
562 6621101
562 6611301
562 1621201
561 6711301
562 6611301
562 6721201
562 6711301
562 1711201
562 6621301
562 6621111
562 6421101
562 5711101
562 1711101
562 6712201
562 5712101
562 1721301
562 6711101
562 6621101
562 6712301
562 6711301
562 2611201
562 5611101
562 6721311
562 2721101
562 1521311
562 6721211
562 6611301
562 6413201
562 1711101
562 6511201
562 1511101
562 2511201
562 5611101
562 6621101
561 3721101
562 2611301
562 6511201
562 1721301
562 6711001
562 6721201
562 3521101
562 6721201
562 2621301
562 6711901
562 6611201
562 3721101
562 1721301
562 3621101
562 3621101
562 6721111
562 5611101
562 5711101
562 3622101
562 6721101
562 1711101
562 6511101
562 6611301
562 5711201
561 6721911
561 6711301
561 2722901
561 6722301
562 2711301
562 1711101
562 6711001
562 6621101
562 6711101
562 6711311
562 2621301
562 4623311
562 3722101
562 6511311
561 6621301
562 6521201
562 6611311
562 6521201
562 5611101
562 2721301
562 6711301
562 2721301
562 1711101
562 1711101
562 6521301
562 3721301
561 5711111
562 5611111
562 2421911
561 6519301
562 6611101
562 6711301
562 6721301
562 6711301
562 2711301
562 6712301
562 3721201
562 6611301
562 6711301
562 6511201
562 1621301
562 1621201
562 6722301
562 6721201
562 6511201
562 6521301
562 6721301
562 6521101
562 3721101
562 6721301
562 6629211
562 3421201
562 6511301
562 2721101
561 5712101
561 6711901
561 6721301
562 5611101
562 6611101
562 1721201
562 6511901
562 6522201
562 6721001
562 1721101
562 6621301
562 2621201
562 3621101
562 6721301
562 6521301
562 2711301
562 6711101
562 2611201
562 6611301
562 6711301
562 6721301
562 6611911
562 6721911
562 5611101
562 5711101
562 6621301
562 5711101
562 7621001
562 6721101
562 6721211
562 3721101
562 2721101
562 3721201
562 3721301
562 6619901
562 5612101
562 6511901
561 6721901
562 2721301
562 7521001
562 6611201
562 6711101
562 1711201
561 6711301
561 6721901
562 6721101
562 6711901
562 6721201
562 3621111
562 2621311
562 2511201
562 1711101
562 6521301
562 6511101
562 7721011
562 6721201
562 7521001
562 3421201
562 3721201
562 5611111
562 3521201
561 6722901
561 6711901
561 1721901
561 2721901
562 6721301
562 6721311
562 6521301
562 3521101
562 6711201
562 1421111
562 6711101
562 6721101
562 2611101
562 2621201
562 2611111
562 6722201
561 6711301
562 6721311
562 6329111
562 6611211
562 6511201
562 3721311
562 6722101
562 6721101
562 3621201
562 5611101
562 6721101
562 6711101
562 6711901
562 3721101
562 5712101
562 6711101
562 2711101
562 6611101
562 6721101
562 3721101
562 1711901
562 6522101
562 2711101
562 7621001
562 3421301
562 2711301
562 2721301
562 2711201
562 3621211
562 6621301
562 2721311
562 5611101
561 5711101
562 5511211
562 6711311
562 5611201
562 6711101
562 6722201
562 6211311
562 6721901
562 3721101
562 5711101
562 2511101
562 3621101
562 6611201
562 2621201
562 3721111
562 5711111
562 5711101
562 5711101
561 6711301
561 6311301
562 6721911
562 6721311
562 6621101
562 6711301
562 1721111
562 5611111
562 6421111
562 2611101
562 7521001
562 6611101
562 1719201
562 3621111
562 6711101
562 3721101
562 5611101
562 6411301
562 6611101
562 5711101
562 5711111
562 6611101
562 1511301
562 6611301
562 6611201
562 2712201
562 2711111
562 5712101
562 6711201
562 4721201
562 6621001
562 3621101
562 3621101
562 6511301
562 6511201
562 1611201
562 6722301
562 6621101
562 5612101
562 5611111
562 6511301
562 6721901
562 6711311
562 1712301
562 6611001
562 7721001
562 3621101
562 3721101
562 6721101
562 2722301
562 6611101
562 2521301
562 6711301
562 6511301
562 6711301
562 6321211
562 6711201
562 2622301
562 5511101
562 3421201
562 2612301
562 6721301
562 6111101
562 6721901
562 5711111
562 5711101
562 6411311
562 5719101
562 5711101
562 5619101
562 2721101
562 2711301
562 2721301
562 1722101
562 3421201
562 6511311
562 6711101
562 6611111
562 6711301
562 5611201
562 2721301
562 3421101
561 1712901
562 7722001
562 5711311
562 1712101
562 6711101
562 2612201
562 5611101
562 5611101
562 1711101
562 6721901
562 6621301
562 6521101
562 6711311
562 2721301
562 4721201
562 2711201
562 3429211
562 3721901
562 6411901
562 2711901
562 7421001
562 6711101
562 6721301
562 2721301
562 6721111
562 3521111
562 6721201
562 1711301
562 4621101
562 6721301
562 6711311
562 2712201
562 6711201
562 6611301
562 6721301
562 6721901
562 6711901
562 6722901
562 3721901
562 6722901
562 6411101
561 6711101
562 1621301
562 5712901
562 3721901
562 6611101
562 6721301
562 6711201
562 6621101
562 6721101
562 3521101
562 6711101
562 6621301
562 3521101
562 1721201
562 3621201
562 6621301
562 4421111
562 6521201
562 6721211
562 6721101
562 2721101
562 3721211
562 6721201
562 3521201
562 7521001
562 6721301
562 2719211
562 6721901
562 7521011
562 6711101
562 6611101
562 3521301
562 5611101
562 6411111
562 2621301
562 5711301
562 2711301
562 6613201
562 1721101
562 6421201
562 6521111
562 6711101
562 6311211
562 2711101
562 1521101
562 3521111
562 6621101
562 6611301
562 3621101
562 6611901
562 6511901
562 6511301
562 6721311
562 3721211
562 6711301
562 3521101
562 1711111
562 2611301
562 7621001
562 6711211
562 6721301
562 2721301
562 3721101
562 6621111
562 2721301
562 2711311
562 6621101
562 6621311
562 6721201
562 2711301
562 6711111
562 6611301
562 6721101
562 6411111
562 6722201
562 2721301
562 6221201
562 6329211
562 2722301
562 3721201
562 3721101
562 2611201
562 6311201
562 3521201
562 7521001
562 6721101
562 3621211
562 6611301
562 3721101
562 6621101
562 2721201
562 3721101
562 3721101
562 3721101
562 1721201
562 6321301
562 6721301
562 1611201
562 3621201
562 2711301
562 5711101
562 5711101
562 5611111
562 5711101
562 6722101
562 2611301
562 1721301
562 6721901
562 6711201
562 1511301
562 2611301
562 6621201
562 3621111
562 6421201
562 3621201
562 6611111
562 3721101
562 1711301
562 1611311
562 1711201
562 2711301
562 6721301
562 6721101
562 6711301
562 2621301
562 3621101
562 6411101
562 6711201
562 6721201
562 5711101
562 3721101
562 6521201
562 6721301
562 7521011
562 6721101
562 6421311
562 2711301
562 6311111
562 3721111
562 6511111
562 6711911
562 2721201
562 6621311
562 3722201
562 3421201
562 5712301
562 1621301
562 6611301
562 6521101
562 1511301
562 5611101
562 2711101
562 6521311
562 5711201
562 6621301
562 3721101
562 6621111
562 6721001
562 5711101
562 6711101
562 6722301
562 1611101
562 6411301
562 7721001
562 7521011
562 7721001
562 5711201
562 6721101
562 6711101
562 6721101
562 6711101
562 5711111
562 5711101
562 2712201
562 6711201
562 3621201
562 2711101
562 4521101
562 2721301
562 3721211
562 3522301
562 6621301
562 2711311
562 6511301
562 6511101
562 5611201
562 1422301
562 2711301
562 7521011
562 3521101
562 6629111
562 5611101
562 5711101
562 6721101
562 6721101
562 4521901
562 6511101
562 6511101
562 6611101
562 5611101
562 5711101
562 3621101
562 5511201
562 7721001
562 7621001
562 3521101
562 6611101
562 3722101
562 6721211
562 6511211
562 1711211
562 1711101
562 5711101
562 2611101
562 1711101
562 6611101
562 6721301
562 6521301
562 6711101
562 1621311
562 6611201
562 6611201
562 3721101
562 2721201
562 6621204
562 2721111
562 6721101
562 2721301
562 2722101
562 6521101
562 1521201
562 5511101
562 1621211
562 6711101
562 7721011
562 2722301
562 6621301
562 1711201
562 6711901
562 3721101
562 6711101
562 2711301
562 6711101
562 6721101
562 6612301
562 6711201
562 6521111
562 1711101
562 6711001
562 6711101
562 6721301
562 5712101
562 4721311
562 5711101
562 2721301
562 3621101
562 6621201
562 3721111
562 2621301
562 7721001
562 1721201
562 6629101
562 6511901
562 6611311
562 5611301
562 2611201
562 3721101
562 2721301
562 1621201
562 1621101
562 1621101
562 6612301
562 3621111
562 6711111
562 6311111
562 6621311
562 6511111
562 6711311
562 3721101
562 5711201
562 1723201
562 6711311
562 6721001
562 5511201
562 3621211
561 6722901
562 6722301
562 3521101
562 2721201
562 1321111
562 4321101
562 1721901
562 6721201
562 6721301
562 6721301
562 3421101
562 1721101
562 3721111
562 2721101
562 6711101
562 3521111
562 6611111
562 1729111
562 6611201
562 7621001
562 5711101
562 1612101
562 3721101
562 6721101
562 2721301
562 6711201
562 6621901
562 6722101
562 2721301
562 1711301
562 3721101
562 5611101
561 6711211
562 3621101
562 2711301
562 6321101
562 6611201
562 1621301
562 5611101
562 6621101
562 7621001
562 2711311
562 1421111
562 3722101
562 3621101
562 6711301
562 4621101
562 2711111
562 6611001
562 6721101
562 6721111
562 6711211
562 6411111
562 1621101
562 5711101
562 6711101
562 6521101
562 6721101
562 6611311
562 6722301
562 7429011
562 3521101
562 2711201
562 6621201
562 6523104
562 1711211
562 6421101
562 3521101
562 6721211
562 5711101
562 6623101
562 6411211
562 3521201
562 2611301
562 7523001
562 6621001
562 6611101
562 6711101
562 7521011
562 6611101
562 4621101
562 6621101
562 3521311
562 2613301
562 6721211
562 3621101
562 6721311
562 2721301
562 3623101
562 7623001
562 6721101
562 6712301
562 6619101
562 6711901
562 6321111
562 1621201
562 2711101
562 6711301
562 6711101
562 6321301
562 6521111
562 6711101
562 2721311
562 6621101
562 6722101
562 6721101
562 6711101
562 5612101
562 1711901
562 6711901
562 6511911
562 6722301
562 6511301
562 2411301
562 1611311
562 6521111
562 1711301
562 2721301
562 3621101
562 3721201
562 2711301
562 6511301
562 1711301
562 1711101
562 2722301
562 6511101
562 6721101
562 5712101
562 3721101
562 1721101
562 6721301
562 5711201
562 6721301
562 6621201
562 7521001
562 6722301
562 1621301
562 6521301
562 6221311
562 6411211
562 2721101
562 3721101
562 3521111
562 6611111
562 6722201
562 3521101
562 6422101
562 1721111
562 6612301
562 2711301
562 2711201
562 6611101
562 6621101
562 6612101
562 6511211
562 6421111
562 6711101
562 3721101
562 6711301
562 6521111
562 2721101
562 6521111
562 6721201
562 5611201
562 6611001
562 6611111
562 3521911
562 6521311
562 1721101
562 2721201
562 6521111
562 5712101
562 6611201
562 3521111
562 6612101
562 6721201
562 6621101
562 6721301
562 5711101
562 6621111
562 6711101
562 5711111
562 6721301
562 6512101
562 6611101
562 6721101
562 6521201
562 6521101
562 5611101
562 5611101
562 5711111
562 3621111
562 6721901
562 5512101
562 6721901
562 6511201
562 3421201
562 6711101
562 2711301
562 1721301
562 3721201
562 2711201
562 2521201
562 2721301
562 2711911
562 1621201
562 1711211
562 6711301
562 6611201
562 6711201
562 6721201
562 6721301
562 6711301
562 3721101
562 6611111
562 6721301
562 2621111
562 3721111
562 6711201
562 3521111
562 5611301
562 6321101
562 6621101
562 6711201
562 5511111
562 6611001
562 5711101
562 3621101
562 6621201
562 6511101
562 3622301
562 6711201
562 6721101
562 5711901
562 3721301
562 2712301
562 5711201
562 4721201
562 1721201
562 6611101
562 6612201
562 2711911
562 2711901
562 2611901
562 6521301
562 6521201
562 6521101
562 3722901
562 6721901
562 3521101
562 7521001
562 5511301
562 5711101
562 6721901
562 6711211
562 6621301
562 6711101
562 6711201
562 6611311
562 6621311
562 6721301
562 3721101
562 6411111
562 2721301
562 3721111
562 6711101
562 6311211
562 4521201
562 5711201
562 5711101
562 6621201
562 3621101
562 2521201
562 2721301
562 1421311
562 5712101
562 3721101
562 7721011
562 6321101
562 5611101
562 6611301
562 5611111
562 3421211
562 6721311
562 6211111
562 2611301
562 6511101
562 6611111
561 6621301
562 2611301
562 6611001
562 6621201
562 6711301
562 2711201
562 6711911
562 1721201
562 6721301
562 1711901
562 5711901
562 5611111
562 6711201
562 6722101
562 6621311
562 1511101
562 5711111
562 2711301
562 3721201
562 6329111
562 6521101
562 6621311
562 6711901
562 1611301
562 5611301
562 6721311
562 5711101
562 2721101
562 2711101
562 6721201
562 5711101
562 2611301
562 1711301
562 3721901
561 6721301
562 3721101
561 5611901
562 6721901
562 6621101
561 6721301
562 6711901
562 2712901
562 6711901