581 6721901
581 6311111
581 2713201
581 6711211
581 6721211
581 3421211
581 3721111
581 4621111
581 1621211
581 6711101
581 6611101
581 5711111
581 3621211
581 7621011
581 6721301
581 1521301
581 1621101
581 2721101
581 6611301
581 1711111
581 6611301
581 6721201
581 6611101
581 6521111
581 2521211
581 6621911
581 6711211
581 3521211
581 6711901
581 1321111
581 6721101
581 6521311
581 6421101
581 2611301
581 3721201
581 2521201
581 6311111
581 6621111
581 1621301
581 6611201
581 6711901
581 1711111
581 2521301
581 6621211
581 6713201
581 6721901
581 6713201
581 6721301
581 2721201
581 5611111
581 2721201
581 4323101
581 1721111
581 6711901
581 6321311
581 6111311
581 6721301
581 6611311
581 6311111
581 6711201
581 2521211
581 1721111
581 6711211
581 6311211
581 4721201
581 6721111
581 6521111
581 6121311
581 6511911
581 6721911
581 3721301
581 3721101
581 5711101
581 6723301
581 5711101
581 6413101
581 3421114
581 6721111
581 6411311
581 6423101
581 2721301
581 3721101
581 6611101
581 5711111
581 5719111
581 3429101
581 6421311
581 1721201
581 5611111
581 6321211
581 3421101
581 5711911
581 2611101
581 5611111
581 6721101
581 6711211
581 6711111
581 1621201
581 6611111
581 6621211
581 6411111
581 3621211
581 5713101
581 6611211
581 6621311
581 6621101
581 3621101
581 4523201
581 3623111
581 6711911
581 2721301
581 1621311
581 2721201
581 6511111
581 5711111
581 6321311
581 6421211
581 6321101
581 6611311
581 7521011
581 1411204
581 6411204
581 5711211
581 3621311
581 6312901
581 5611111
581 1711301
581 3423101
581 5611111
581 3729111
581 6721301
581 5711301
581 6721301
581 2711201
581 1611211
581 2621211
581 6721301
581 2711311
581 6719311
581 3721101
581 1721201
581 6521111
581 6721101
581 6721101
581 6721101
581 6621111
581 3421111
581 6711301
581 6711001
581 6411111
581 2721101
581 2721101
581 3521211
581 2711311
581 1711211
581 6621111
581 2721301
581 5711101
581 2621301
581 6521111
581 6421101
581 1413101
581 2621301
581 6722301
581 2611311
581 1711101
581 1711101
581 6711101
581 6721111
581 6511201
581 5711111
581 6711301
581 5711111
581 3621311
581 6321911
581 5611111
581 6621301
581 4621101
581 4721211
581 1713301
581 1713101
581 6321311
581 3421101
581 6321911
581 6611911
581 2711901
581 6521301
581 6711301
581 6512301
581 6713111
581 6711301
581 6621201
581 6721901
581 6721211
581 6721301
581 6729111
581 6711311
581 6521301
581 4521211
581 5411111
581 6721301
581 2511201
581 6611311
581 3421111
581 6111111
581 6721311
581 6521101
581 6623101
581 6221111
581 3521111
581 2713301
581 6721101
581 6521201
581 6711101
581 6521201
581 6721201
581 5711101
581 3421111
581 6511111
581 6721101
581 5711101
581 5711111
581 5611111
581 3521211
581 6721101
581 6711311
581 6321311
581 2611201
581 6721311
581 1221201
581 6511101
581 1411311
581 6611111
581 2721301
581 6721101
581 1721101
581 1721101
581 1721101
581 6721301
581 6621901
581 7621011
581 1511211
581 1721101
581 5711101
581 2711111
581 1721301
581 3321311
581 5712101
581 5611311
581 6711211
581 3421211
581 6511911
581 6611211
581 6321211
581 6621201
581 6721211
581 6711301
581 6611311
581 6311311
581 6711301
581 1711111
581 6621101
581 6421311
581 6221311
581 6711301
581 2711101
581 6621101
581 5611111
581 6711311
581 6511101
581 6721911
581 3429111
581 2721201
581 3623101
581 6711301
581 6711001
581 3521211
581 6611101
581 6621311
581 5711201
581 5711301
581 3721101
581 6611111
581 3421111
581 6711101
581 6711211
581 3521111
581 1721201
581 1511101
581 4423101
581 6321211
581 6621911
581 6721301
581 3721201
581 2511311
581 6311111
581 6621201
581 6611301
581 4429111
581 1721211
581 5611111
581 6611211
581 5711111
581 6411911
581 5612101
581 1621211
581 1621211
581 2611101
581 5711101
581 6721901
581 6711301
581 6711201
581 6419301
581 3421111
581 6521011
581 6721201
581 1511101
581 6711001
581 6621911
581 6621101
581 6521211
581 2711101
581 5511101
581 6321111
581 5611111
581 5711101
581 3723101
581 6711311
581 6511311
581 3721111
581 1721201
581 1723301
581 6721311
581 6711101
581 6413301
581 6721111
581 1711211
581 6611201
581 6321011
581 6411311
581 6621301
581 1521311
581 1721301
581 2511301
581 6511301
581 6523201
581 2513101
581 2711101
581 3721211
581 2721201
581 6329201
581 6621311
581 3621211
581 6721211
581 4421101
581 6711101
581 6613201
581 5711111
581 6411111
581 4421201
581 6511301
581 3721201
581 2711101
581 6411111
581 6721311
581 6111311
581 6711301
581 6511111
581 7721011
581 1711111
581 5711101
581 6421111
581 2711101
581 3721211
581 5711111
581 6611311
581 6621201
581 6611111
581 3421111
581 5411111
581 6621311
581 3421111
581 6411311
581 5711111
581 2711901
581 6711901
581 6711911
581 3721211
581 6611311
581 6411111
581 6721301
581 2721101
581 1723101
581 5711101
581 2711301
581 6713201
581 6521111
581 6421111
581 6421911
581 1621111
581 6321211
581 1623301
581 6311101
581 3729101
581 6721911
581 6321111
581 6721911
581 6711911
581 6611901
581 5611101
581 3621211
581 6621311
581 2721311
581 5711311
581 6311311
581 6423201
581 6311911
581 3521111
581 2623101
581 6511111
581 6611101
581 6613301
581 1711211
581 3621211
581 6721311
581 2721211
581 2621201
581 2711301
581 1511311
581 6521111
581 6311311
581 6721201
581 6711211
581 6511211
581 6321311
581 6311111
581 3721201
581 6721011
581 1711201
581 2721211
581 6511301
581 6521111
581 6623301
581 6611301
581 6621211
581 2711201
581 7521011
581 6621201
581 6521111
581 6421311
581 6621311
581 6711311
581 7521011
581 6411111
581 6621301
581 7621011
581 6721111
581 6411201
581 5611211
581 6711311
581 5611101
581 2711101
581 6521311
581 6423101
581 4721201
581 6511301
581 6621311
581 1611111
581 6721211
581 6311111
581 6621111
581 5619111
581 3621111
581 7521011
581 6711311
581 2711901
581 6711911
581 6621111
581 6711901
581 6611311
582 4321311
581 2721301
581 6421111
582 3521111
582 2711301
582 6511111
582 6721301
582 3721111
582 3421211
582 6621201
581 6322301
581 5711101
581 6721311
581 6721111
582 7421011
582 2713211
581 6611111
582 6711111
582 6311111
582 6321111
582 6311911
582 6211311
582 6721211
582 1723101
582 3522911
582 6721101
581 3521211
581 4522201
582 6721201
582 5711111
581 4721211
582 3729101
582 3721101
581 7521001
582 1729211
582 2711101
582 6713001
582 5511211
582 6321111
582 2521311
582 5713201
582 3621111
582 6711101
582 5711101
582 6621911
582 6221211
582 6311311
582 6711101
582 2721301
582 1511301
582 6721911
582 6523311
582 6621301
582 6511311
582 7421011
581 6511301
582 6721911
582 3621211
582 5611311
581 6421211
582 3721211
582 3721101
582 2611211
581 5711111
582 5611211
582 1611111
582 1711201
582 6511311
582 3421211
581 6611101
582 6721201
582 6721101
582 2711301
582 1711301
582 1711111
582 3721301
582 2711301
582 6329301
582 6711211
581 5711211
582 5511201
582 6711301
582 1713301
582 6311211
581 3721211
581 5711111
581 6711011
581 3721101
581 6429911
582 6729901
582 6621211
582 5611101
582 3521111
582 7329011
582 1611301
582 2621211
582 3721201
582 6411211
582 6611301
582 1513301
582 6513301
582 3721111
582 3521211
582 6321211
582 5711101
582 2623101
582 5711111
582 3721111
582 6521111
582 6421011
582 6611301
582 1411211
582 3521211
582 6711311
582 6711211
582 5711911
581 2721901
582 6421101
582 5511111
582 2621101
582 3421111
582 6521101
582 2621311
582 6729301
582 6219311
582 6721111
582 7721001
582 6611111
582 3621201
582 5511111
582 6611211
582 6311111
582 2621101
582 6611101
582 6711901
582 3521111
582 2711311
582 5611211
582 5611111
582 5611211
582 6711111
581 6721311
582 6721211
582 2721201
582 6311311
582 6711201
582 6711201
582 6321111
582 6611311
582 6711311
582 6329111
582 6421111
582 5711211
582 5611101
582 6721311
582 6511311
582 3421111
582 6511111
582 6711101
582 7521011
582 6621211
582 2621211
582 1613101
582 1613101
582 6521211
582 1721211
582 6711211
582 6311111
582 4521111
582 5511211
582 1723101
582 5512301
582 6721311
582 1711101
581 5611211
582 2621311
582 2521311
582 1721211
582 1721211
582 3622201
582 6511901
582 6611311
582 6521311
582 6421211
582 5611111
582 1721311
582 6511901
582 6721911
582 2721101
582 6521101
582 3421211
582 6611301
582 7521011
582 6711111
582 3721111
582 6611311
582 6721111
582 5719111
582 1511311
582 1421111
582 6221111
582 1521111
582 6321111
582 6611301
582 6511901
582 2713301
582 4521111
582 6721111
582 3723201
582 6421311
582 6621211
582 6411111
582 6211111
581 6611301
582 3521101
582 6711301
582 5611211
582 5612101
582 2721301
582 3621211
582 6521101
582 2613101
582 6621311
582 1611111
582 6511111
582 3521111
582 3621211
582 7621011
582 6623201
582 2723301
582 7521011
582 6711301
582 3521211
582 6711901
582 3621111
582 3629101
582 2711901
582 6411911
582 2721201
582 3523201
582 6611311
582 3721301
582 3721111
582 2713301
582 3623201
582 3421211
582 6711111
582 1711211
582 3721101
582 5611111
582 1711101
582 6721001
582 3521101
582 1711111
582 6611311
582 6621111
582 6613301
582 6711911
582 3622101
582 2611311
582 6311211
582 6721101
582 6719101
582 1611201
582 3422101
582 3621201
582 5611211
582 3721201
582 3721201
582 5611111
582 5719111
582 3521111
582 5511111
582 3521211
582 2723301
582 6621201
582 3721111
582 6211111
582 3521201
582 6421101
582 6311211
582 6511111
582 6411111
582 6313111
582 6411911
582 6621111
582 6523301
582 6411311
582 6611311
582 6623311
582 1711111
582 4721301
582 3721111
582 5711111
582 2721311
582 6711211
582 6721001
582 6521211
582 3721111
582 1711111
582 2721311
582 3521211
582 3723101
582 7323001
582 1721111
582 3621211
582 6713201
582 6711111
582 3521111
582 3621211
582 6721311
582 6429111
582 6321311
582 3529111
582 1711211
582 6711101
582 1721211
582 2711201
582 1712101
582 6721101
582 6321311
582 5611111
582 6721311
582 6711901
582 1623101
582 6621111
582 5713201
582 3521101
582 2721911
582 5719901
582 6621901
582 6711111
582 5711111
582 5711201
582 1721301
582 6321311
582 6721111
582 6721111
582 5611211
582 6711301
582 5719911
582 6411211
582 2721901
582 5711101
582 5713101
582 6611111
582 6611111
582 2621101
582 2621211
582 7423001
582 3521311
582 1611101
582 1611101
582 6611111
582 6721101
582 1721301
582 6721901
582 6721911
582 4621201
582 2711311
582 3721101
582 7721001
582 6621211
582 6621101
582 4521311
581 3721911
582 6721101
582 6611101
581 3721911
582 6621301
582 6721301
582 6411311
582 6611311
582 6721101
582 3421111
582 5711101
582 5711111
582 6711311
582 2721301
582 3721101
582 6721101
582 1721201
582 6521111
582 6711311
582 3621201
582 6511311
582 3521111
582 2611301
582 3621211
582 6721101
582 6711311
582 6421311
582 6711001
582 4421111
582 1719201
582 6521101
582 6721101
581 6721301
582 6521211
582 6621101
582 1611311
582 7621011
582 2721311
582 1711211
582 4421111
582 1521111
582 6411111
582 6721111
582 6721301
582 1511211
582 6511311
582 6711111
582 1711111
582 1611311
582 6611301
582 1711901
582 6611201
582 6511111
582 6323101
582 6723111
582 6611111
582 6511111
582 6711101
582 3521111
582 5611311
582 6621311
582 2711301
582 6711311
582 3621211
582 3721211
582 3521211
582 6311311
582 5511111
582 6429101
582 6521311
582 6711201
582 6421211
582 5711111
582 6411211
582 2513311
582 6721211
582 3421211
582 6621211
582 5619111
582 6629111
582 6621211
582 3521211
582 6511211
582 6521111
582 3521111
582 6511211
582 3621111
582 1611201
582 6721201
582 5711901
582 2721911
582 6721311
582 6121311
582 6721211
582 6511211
582 6721911
582 5711201
582 6721301
582 6711201
582 2711101
582 6611301
582 6711301
582 6611101
582 6529111
582 6629111
582 3621111
582 6721311
582 6711301
582 3621311
582 6511201
582 4421211
582 6511211
582 3721111
582 3722101
582 7721001
582 6713101
582 6611111
582 3621111
582 6721311
582 6511111
582 1713101
582 3721211
582 6613301
582 6611311
582 1611111
582 1613101
582 5611111
582 6421111
582 6721311
582 6621111
582 2711301
582 2621301
582 6721311
582 6621111
582 6521211
582 5711111
582 7521011
582 6711211
582 3529211
582 2721901
582 6611901
582 1721311
582 6421201
582 3621111
582 1711211
582 6311111
582 6311111
582 1721301
582 6521311
582 1529911
582 7521011
582 5619211
582 6621111
582 6721301
582 5711101
582 5611111
582 6621111
582 2721301
582 6711211
582 6423101
582 1711101
582 6713101
582 6711111
582 6621111
582 6721901
582 6711311
582 6621201
582 6511201
582 6521201
582 6411211
582 3621111
582 6721301
582 2711311
582 5712101
582 6321211
582 6611111
582 6611911
582 6711101
582 6513301
582 2721101
582 6721901
582 6613911
582 2711901
582 3623101
582 3729911
582 3321311
582 3521101
582 6211311
582 6721301
582 2411311
582 1311211
582 6721301
582 5612102
582 2721101
582 3521111
582 5711111
582 6721301
582 6511311
582 5711111
582 6413201
582 6721311
582 2713301
582 2721311
582 2521111
582 6411211
582 3621201
582 6611211
582 6721101
582 6411111
582 3521111
582 5713101
582 6521211
582 6611311
582 6611111
582 6511311
582 6511311
582 6121201
582 5511111
582 5611111
582 2721201
582 3421211
582 2611101
582 5611211
582 7521011
582 7521011
582 1711201
582 6711301
582 6511101
582 5611211
582 6319111
582 6711911
582 6611311
582 6721311
582 2721211
582 1611111
582 6721301
582 6511301
582 1713101
582 6521111
582 2721911
582 6711911
582 5711111
581 3723201
582 2521311
582 6621101
582 6623101
582 6621101
582 6411111
582 6721911
582 6721311
582 6611901
582 2523901
582 6721911
582 5711911
582 2711901
582 5711911