601 3623101
601 2711211
601 6511111
601 6721311
601 2521201
601 6621201
601 3521111
601 6711301
601 2711201
601 7523001
601 3523201
601 6511301
601 6711201
601 1511111
601 5411311
601 3721101
601 7521001
601 6513901
601 6621311
601 2713301
601 6711001
601 3721211
601 2721301
601 1721101
601 6711101
601 6721301
601 6621301
601 6721211
601 2521301
601 2721301
601 5711101
601 6621301
601 6521201
601 3721201
601 7621011
601 6413301
601 1423301
601 6611301
601 2723301
601 6523101
601 6711301
601 1711201
601 6611901
601 2721311
601 6711911
601 6721911
601 6721301
601 2711301
601 6721001
601 1611201
601 6711301
601 6511101
601 2511301
601 6621201
601 6711101
601 6611201
601 6711201
601 5711101
601 6711101
601 6611201
601 3621101
601 6613201
601 6521301
601 6621201
601 6711101
601 6321101
601 2523301
601 5611201
601 1713201
601 6421001
601 1721211
601 5611101
601 1713301
601 2611301
601 6423201
601 3721111
601 6713001
601 6621901
601 6611101
601 6621101
601 6511301
601 2713301
601 6711101
601 5611201
601 2611101
601 6721201
601 6511301
601 5711201
601 6711311
601 6311101
601 5611101
601 6623301
601 3723201
601 3721101
601 6713101
601 2713301
601 6723201
601 3623101
601 2621301
601 2721311
601 4321111
601 2611301
601 6611301
601 2621211
601 3621111
601 6721301
601 6721001
601 6521301
601 6713001
601 5711101
601 6613901
601 3421101
601 6411901
601 6411101
601 6711201
601 6513101
601 2711301
601 1529101
601 2721201
601 5513101
601 2513301
601 6711301
601 2613301
601 6311311
601 1611101
601 6711301
601 6523901
601 6523101
601 1711101
601 6521211
601 6519001
601 2621301
601 6621101
601 1623101
601 6721101
601 6711301
601 2713301
601 6711301
601 1413101
601 4721211
601 6711901
601 3423101
601 6611001
601 7621001
601 5711101
601 2621201
601 6711311
601 6711301
601 3721901
601 5713901
601 6611301
601 3523201
601 2721301
601 6721101
601 3621201
601 6621301
601 1513301
601 2711101
601 6513301
601 3421101
601 3721101
601 3721201
601 7621001
601 6323101
601 2721201
601 6721101
601 2611101
601 2711301
601 6711111
601 6513201
601 5711301
601 6713301
601 6711111
601 5711101
601 6611911
601 3721101
601 2711311
601 6723101
601 6713201
601 3723101
601 2723301
601 6711901
601 2711201
601 3723101
601 7721001
601 3721101
601 6711301
601 6711111
601 1722101
601 3621101
601 1523101
601 6713101
601 6421111
601 5611111
601 5713101
601 6313101
601 6621201
601 6411311
601 1711101
601 2712301
601 1511101
601 5511101
601 2521301
601 2711301
601 6711301
601 6513901
601 2721901
601 6711901
601 7721001
601 6611311
601 5611101
601 6611901
601 6712201
601 5711901
601 6712301
601 3721101
601 6211311
601 6313101
601 2511201
601 2621301
601 2721101
601 2711101
601 6721301
601 1721201
601 6621101
601 4429211
601 6621301
601 5511101
601 5611101
601 5511101
601 6511901
601 2721301
601 1721901
601 1721101
601 2521301
601 6721301
601 3723101
601 6511101
601 6721011
601 4621201
601 6611301
601 1721301
601 6721301
601 5711101
601 1713101
601 6721101
601 6713301
601 5713101
601 6721301
601 6721101
601 6721311
601 6611301
601 6721201
601 3521211
601 3721201
601 6721101
601 6711901
601 5711201
601 3723201
601 2722101
601 6521101
601 3421101
601 3721211
601 6723201
601 1623101
601 7523001
601 1511101
601 5711101
601 6623201
601 6621311
601 2711201
601 2621201
601 6721211
601 7623001
601 6513301
601 6421201
601 6421101
601 5711101
601 6711101
601 6721311
601 2621201
601 2621201
601 1723301
601 2611301
601 2621301
601 2711101
601 2711301
601 6721301
601 3721101
601 6722101
601 6611101
601 2723301
601 2721301
601 6711101
601 6723101
601 3623201
601 3721101
601 1511201
601 5611101
601 6313101
601 6613301
601 6623101
601 3621111
601 1611201
601 5711101
601 2721301
601 6521101
601 6611301
601 6713201
601 1423101
601 6621211
601 6621101
601 6721901
601 1411211
601 3721101
601 3621111
601 5511101
601 6721201
601 5611101
601 2711201
601 3521101
601 2613201
601 6421301
601 6721301
601 2611301
601 5711101
601 6521101
601 3721111
601 5611111
601 5711101
601 6411201
601 7421001
601 6721301
601 6711301
601 1711101
601 6521101
601 6711101
601 6521301
601 1623201
601 6721911
601 2611101
601 3721201
601 3521211
601 2719901
601 6711301
601 6721201
601 1613101
601 3621201
601 5611101
601 5711111
601 6511301
601 2711301
601 6611301
601 6511001
601 5511101
601 6613101
601 7521011
601 1511301
601 6721211
601 3721211
601 6611101
601 6711101
601 2721311
601 5713201
601 2711301
601 6711301
601 2711101
601 6721101
601 4521301
601 2713201
601 7523001
601 6721101
601 2721311
601 3721101
601 6613101
601 6321101
601 4623201
601 1721201
601 6712101
601 1711311
601 6711311
601 6421111
601 6511101
601 3621101
601 6611101
601 6721211
601 6611301
601 6121101
601 6523201
601 2713301
601 6721201
601 1611301
601 2621301
601 5719101
601 5611201
601 1721201
601 5611101
601 6711201
601 1711101
601 6711301
601 6523201
601 3621201
601 6621311
601 2711301
601 2721201
601 6711211
601 6711301
601 7423001
601 6711201
601 1521301
601 6713201
601 3521101
601 6711111
601 6613301
601 2512301
601 6521001
601 6711101
601 6711301
601 6723301
601 2621201
601 7721001
601 6611301
601 5711201
601 6711101
601 6521111
601 3621101
601 6621301
601 6711001
601 3721311
601 3423201
601 1713301
601 6711301
601 6721111
601 1621301
601 6621101
601 5612101
601 2711201
601 3721101
601 6713301
601 6513201
601 1721201
601 6529101
601 6721211
601 6611301
601 2613301
601 3722101
601 2621301
601 3722101
601 1711301
601 6611201
601 6321211
601 6721211
601 6611211
601 1513201
601 6623901
601 1721901
601 6721901
601 6511911
601 1711901
601 6612901
601 2711911
601 6711201
601 3721201
601 6721901
601 6611211
601 7621001
601 2711311
601 5713101
601 3621201
601 6621201
601 5711201
601 2421301
601 5511101
601 7521001
601 7521001
601 6611111
601 2721311
601 1721101
601 6721301
601 5711101
601 3421201
601 6713301
601 2621311
601 2711101
601 1621201
601 2711301
601 3621101
601 6621101
601 6621101
601 2723301
601 6711311
601 2712201
601 2711301
601 6721111
601 6621101
601 6523301
601 6613101
601 6623101
601 7523001
601 6211201
601 3723101
601 3723101
601 6723101
601 6621311
601 6523301
601 6413101
601 7621001
601 6721101
601 6711101
601 6621201
601 1612201
601 3721211
601 3623101
601 6622101
601 6713201
601 2713301
601 2621301
601 6621101
601 6611301
601 6723901
601 6711301
601 6711301
601 6323201
601 3623201
601 6711301
601 6721211
601 5611201
601 6523201
601 1711101
601 6621101
601 3621101
601 6621101
601 3623101
601 5711111
601 2711201
601 1711201
601 1721901
601 3521101
601 6421111
601 6613101
601 6611901
601 6513101
601 6523101
601 6412101
601 2611101
601 2711301
601 2611201
601 6611201
601 2723301
601 6721101
601 6621901
601 1713101
601 6711301
601 3521211
601 5711901
601 3623101
601 5711101
601 6411101
601 6411101
601 6713101
601 6711301
601 1721911
601 6611101
601 2611301
601 1611101
601 3323201
601 6711301
601 6723201
601 6621911
601 1621201
601 2711101
601 6613101
601 6713901
601 6623101
601 6411301
601 4421201
601 5713101
601 2711901
601 2723901
601 6611901
602 2711201
601 6613201
601 6611211
602 6711201
601 6711301
602 6623301
602 7523001
602 6413101
602 1511101
602 6621101
602 6711301
602 5611101
602 2721201
602 6711311
602 3521201
602 3721211
602 6711211
602 5719111
602 6711101
601 6611301
601 3623101
601 1611201
601 5613101
602 2521311
602 6619211
601 1613901
602 2621201
601 6711301
602 3621101
602 2721201
602 2613301
602 1721201
602 2721301
602 6721901
602 1521301
601 6313101
602 2621301
602 2421301
602 2713301
602 6321211
602 2513301
602 1723301
602 3521211
602 3521111
602 6721101
602 3729111
602 2613301
602 2711301
602 6611301
602 3621101
602 6721001
602 5511111
602 6511201
602 5711101
602 6511301
602 2521301
602 5611101
602 6621911
602 2721301
602 6313301
602 6721201
601 6413201
602 3623201
601 5711111
602 6711211
602 3621201
602 1611101
602 2713301
602 1721101
602 1511311
602 6721001
602 3623201
602 3621201
602 6721101
602 2711101
601 6319101
602 6411201
602 2523101
602 5711101
602 1511101
602 6621201
602 6711101
602 3523201
602 3523101
602 6621101
602 2711201
602 2611301
602 2711311
602 5611101
602 7523001
602 5711101
602 6611201
602 5711211
601 2711201
602 6723301
602 2612301
602 5611101
602 6721101
602 1721101
602 3521101
602 6621111
601 6721301
602 6621101
602 6721201
601 6422901
602 6513901
602 6513201
602 2713201
602 6523201
602 4523101
602 2721201
602 6711201
602 6713201
602 6611201
602 6721301
602 2611311
602 6713101
602 6311301
602 1723101
601 6611211
602 6711901
602 6711911
602 7623001
602 1711901
602 6721301
602 1721201
602 2611201
601 5711111
601 6711001
602 6613301
602 6721901
602 1621111
602 2713301
602 2611201
602 4423101
602 6721101
602 6529211
601 1722901
602 6523301
602 6523101
602 2521101
602 2521201
602 5613101
602 6621101
602 6711101
602 2721301
602 6713301
602 5511111
602 6613201
602 2713301
602 1711111
602 5611101
602 2621311
602 2711101
602 7722001
602 6722301
602 6722101
602 6721301
602 6611101
602 5711111
601 6721901
601 6513901
601 6721301
601 2711901
601 1721901
602 1611201
602 6521111
602 1621201
602 6513101
602 6713001
602 5711101
602 6613101
602 6613201
602 6521111
602 6413101
602 6513201
602 6721201
602 2721201
602 5713101
602 3623201
602 3623101
602 1523301
602 5612101
602 6711101
602 6712101
602 1711201
602 2511201
602 6521101
602 2611201
602 7721001
601 3721901
602 5711111
602 6721211
602 6623201
602 7423001
602 7721001
602 5511111
602 3721101
602 6311211
602 5711101
602 5711111
602 6711101
602 6621301
602 6611301
602 6611001
602 2721301
602 6411901
602 6311111
602 6623101
602 6721301
601 3421901
602 3721111
602 1511111
602 3721301
602 2721101
602 3621211
602 3623301
602 2721201
602 6521101
601 3423301
602 2621101
602 3523201
602 6621301
602 6711301
602 6721211
602 3529101
602 6721211
602 6711211
602 6721311
602 2513301
602 3423101
602 1623201
602 6713201
602 6721211
602 5711101
602 6613101
602 7721001
601 3323101
602 2711301
602 6723301
602 1711101
602 6721301
602 7523001
602 2621301
602 6613301
602 2611311
602 2712301
602 6711101
602 2721101
602 6511201
602 1613101
602 6611101
602 3721211
602 3421211
602 2413301
602 6711201
602 2623301
602 6621201
602 5711101
602 2721301
602 6713201
602 1711201
602 6313101
602 2711201
602 6513301
602 6713301
601 6619301
602 6723201
602 6311101
602 6712301
602 2721101
602 6711301
602 6623101
602 6721101
602 2721101
602 3421201
602 5711901
602 2723101
602 2721311
602 6721011
602 6711101
602 6721101
602 6611101
602 2513101
602 1721101
602 6513301
602 6721911
602 3721201
602 6621101
602 4721301
602 3623201
602 2613301
602 6623101
602 6721101
602 3621101
602 6723901
602 6711901
601 2711301
602 6711101
602 3423101
602 6311101
602 6612201
602 1721201
602 6721301
602 6311211
602 6621311
602 2621211
602 1523301
602 1711101
602 6513301
602 6721301
602 6711301
602 6621201
602 6721301
602 6711301
602 2621301
602 2713301
602 2621201
602 1421301
602 6711201
602 6613101
602 6711101
602 3621101
602 2713201
602 2611211
602 2423301
602 6621301
602 3723101
602 2611301
602 2711201
602 6413301
602 6721101
602 2621301
602 6721301
602 3721101
602 3423201
602 2511201
602 6713301
602 1721301
602 3523201
602 6711101
602 6721111
602 6623101
602 5713301
602 6529111
602 2721311
602 6121311
602 2621301
602 6611301
602 2611301
602 6611201
602 6613101
602 6611211
602 3721101
602 3523201
602 6711001
602 6421001
602 6421211
602 7721001
602 6612301
602 6611001
602 6711101
602 5711301
602 3621101
602 2711201
602 3523101
602 3523101
602 7523001
602 3721201
602 1511101
602 7523001
602 6713301
602 6521201
602 2711301
602 3721301
602 2611301
602 6423101
602 6623301
602 2713301
602 6621201
602 6421101
601 6611301
602 6411101
602 6423201
602 7423001
602 2721201
602 3323101
602 6721301
602 2621301
602 6311311
602 6511111
602 6521101
602 6311101
602 6611201
602 6711301
602 6711001
602 2722301
602 5711301
602 6721211
602 3623201
602 6611911
602 3621111
602 6713901
602 5711901
602 6721301
602 6611301
602 6723101
602 6321101
602 6713901
602 1713201
602 1711301
602 6511101
602 6721101
602 1511101
602 6723301
602 2611201
602 6711101
602 6323101
602 6323201
602 6523101
602 3721101
602 3721101
602 2712901
602 6613101
602 3621101
602 6423301
602 1721201
602 6721111
602 6621101
602 6721311
602 2711901
601 6721901
602 2621101
602 1621201
602 6721101
602 6621001
602 6611301
602 2721301
602 6623101
602 1521311
602 2721101
602 6611301
602 6421301
602 6711101
602 1513101
602 1513101
602 7521011
602 6721201
602 6421311
602 6711101
602 6622101
602 6623201
602 7723001
602 6613101
602 6711301
602 6711301
602 2711301
602 6611101
602 6711301
602 6411301
602 2611301
602 6423201
602 2721301
602 6711911
602 6711111
602 3523201
602 7623001
602 2711311
602 5711101
602 2711301
602 1621201
602 6711201
602 7523001
602 6711101
602 1523201
602 6111311
602 1311201
602 5711111
602 5711111
602 2721301
602 6622201
602 6521211
602 5711311
602 6711101
602 3721111
602 3523101
602 3621111
602 6721101
602 1721201
602 6621111
602 4423301
602 1711111
602 3623101
602 6413201
602 3721201
602 3721211
602 2723301
602 6611311
602 4421111
601 5611101
601 5719101
602 6621311
602 6721201
602 1521201
602 6411911
602 3523101
602 3721211
602 6711111
602 1711301
602 6413101
602 3621211
602 6613101
602 6613201
602 6713101
602 2613301
602 6713301
602 3721101
602 1613101
602 4523201
602 2513301
602 6713901
602 6511101
602 6511101
602 2721101
602 2511301
602 1713101
602 6711911
602 2621301
602 1511201
602 6711201
602 6623201
602 2721301
602 6711111
602 6523201
602 6511111
602 2713301
602 6323101
602 1313201
602 6422201
602 2721201
602 5711101
602 2621201
602 5711101
602 7621001
602 3621101
602 2611101
602 6421301
602 6721211
602 6611311
602 6721111
602 3721111
602 6721211
602 2613201
602 6721201
602 2721301
602 6711111
602 6713301
602 2611301
602 6611001
602 6711101
602 1713101
602 2723301
602 2713301
602 6711101
602 5711101
602 3523201
602 1723201
602 6723101
602 1423301
602 6721311
602 6421111
602 6421211
602 6623301
602 6711001
602 6611201
602 6722901
602 6723101
602 6711301
602 7523001
602 6711201
602 2611301
602 4623201
602 1511211
602 6713201
602 6321901
602 2721301
602 6721201
602 6511101
602 1723301
602 1521211
602 3721101
602 3721101
602 6113101
602 1721101
602 5711201
602 1511201
602 6311101
602 6511111
602 6721201
602 6721101
602 3721101
602 1722301
602 3623201
602 6513301
602 6713201
602 2613311
602 1619201
602 7623001
602 6611201
602 6321201
602 2613301
602 6421101
602 6613201
602 6713201
602 1711101
602 6711001
602 1711101
602 6521301
602 6721901
602 6611901
602 6621101
602 3621101
602 3521201
602 1613201
602 2711301
602 6711301
602 6621101
602 6621201
602 6611201
602 6723301
602 6723301
602 6513301
602 6523301
602 6721201
602 1621111
602 5711101
602 6721101
602 3721101
602 1411201
602 6711201
602 3721101
602 2711101
602 6621901
602 6621911
602 6711901
602 5711901
602 2721101
602 6421101
602 6719101
602 4421111
602 3621201
602 6713901
602 6711101
602 5613101
602 6511001
602 6721301
602 2622301
602 3523101
602 6713301
602 3721201
602 7423001
602 6721301
602 3523101
602 6511101
602 2621201
602 5711201
602 6513201
602 6711311
602 6711311
602 2713301
602 6521111
602 5611101
602 5711301
602 6511201
602 1711301
602 7421001
602 3521301
602 3623101
602 6711311
602 2721101
602 2423201
602 2621301
602 6721901
602 6713301
602 6611301
602 6713301
602 2622301
602 3523101
602 6713201
602 6313101
602 6411201
602 5711101
602 5713101
601 6621311
602 5713101
602 5713101
601 6711301
602 6721201
602 5711311
602 6429301
602 6523301
602 6321201
602 4523101
602 1613101
602 2713301
602 6711101
602 6613201
602 2713901
602 2613301
602 5711101
602 3423101
602 6713001
602 5611101
602 6713101
602 6623101
601 6423201
602 2713901
602 6623101
602 6711301
602 3321101
602 1711901
601 6521301
602 6721901
602 5711901