611 6622201
611 6311211
611 6611311
611 6721111
611 2711301
611 6721111
611 1722201
611 3621201
611 5612101
611 5612201
611 1422201
611 6511101
611 7529011
611 5711114
611 2412101
611 7522001
611 6712301
611 6711311
611 4422201
611 6622101
611 6621301
611 1721901
611 6722301
611 6521101
611 6621111
611 5711111
611 1611211
611 3521311
611 2721311
611 3622311
611 2711201
611 5712101
611 1711201
611 5611101
611 3621201
611 2711301
611 2521311
611 1422201
611 5712101
611 3621111
611 3521111
611 1721311
611 2712301
611 1722101
611 6529101
611 6311111
611 4522101
611 6412201
611 6611201
611 3522101
611 5611101
611 6712101
611 6421111
611 6312301
611 6722201
611 1721101
611 2612201
611 2522301
611 5712101
611 1721211
611 1722101
611 6711101
611 1711211
611 6722201
611 3422101
611 6411201
611 2722301
611 6311311
611 6521211
611 2721301
611 6621111
611 3621301
611 6621901
611 1622101
611 6422901
611 1712101
611 6613901
611 6512901
611 5612101
611 6522201
611 6521111
611 6512301
611 6322101
611 1722901
611 2712301
611 6322101
611 5712101
611 2522301
611 5711101
611 6611201
611 6622901
611 1512301
611 1622101
611 6622301
611 6511311
611 2721311
611 6511101
611 6712301
611 5511101
611 5511111
611 1621111
611 3622101
611 3622201
611 1611301
611 6512101
611 6311311
611 3521211
611 6512201
611 2523301
611 6229301
611 6121111
611 1521111
611 6721101
611 6421211
611 4621301
611 6721301
611 6722901
611 7621001
611 6511201
611 2721101
611 3721101
611 4721211
611 5711111
611 5711111
611 6721101
611 3522201
611 6712301
611 6511211
611 6621311
611 5711101
611 2612301
611 2612301
611 6521311
611 6611211
611 1712101
611 3521211
611 6511101
611 6611301
611 3622101
611 6721111
611 2512301
611 5512101
611 6721111
611 4621211
611 2522101
611 6722101
611 4321201
611 1612101
611 4522201
611 6721101
611 6511201
611 5711111
611 2712301
611 6711211
611 7522001
611 3722101
611 6422301
611 3522101
611 6612301
611 1721201
611 6721201
611 2621201
611 6612301
611 6321111
611 6511101
611 6522301
611 2621301
611 1711201
611 5611111
611 7521001
611 1612901
611 2721101
611 2712301
611 6611111
611 5612201
611 6721201
611 2611301
611 2711201
611 2521301
611 2522201
611 2711301
611 3623101
611 2713101
611 6321911
611 2511301
611 4622201
611 1721201
611 7421011
611 2612101
611 1721101
611 6721101
611 5712101
611 6511301
611 5712101
611 5612101
611 3421101
611 2622301
611 6722901
611 6421301
611 6511111
611 6722101
611 6511211
611 3722101
611 5713101
611 6722201
611 2721201
611 2711301
611 5711111
611 6712201
611 6721301
611 6711911
611 6712301
611 6711211
611 3722201
611 2721201
611 6621301
611 2521311
611 3722101
611 6722101
611 2622201
611 6711311
611 2722301
611 2722301
611 6411101
611 6622301
611 5711101
611 1611301
611 1711101
611 1711101
611 2722101
611 5711111
611 1622101
611 5611111
611 2622201
611 1612901
611 6711011
611 1711201
611 6522301
611 3722201
611 3722101
611 2721101
611 1711301
611 6621111
611 6521111
611 6512201
611 6211111
611 1722201
611 3721201
611 6612201
611 2722101
611 2612301
611 5612101
611 6722901
611 6311311
611 6611001
611 6622901
611 6711301
611 6611201
611 6522101
611 6711901
611 2621901
611 6719901
611 2711201
611 6711911
611 6612901
611 1512201
611 6721901
611 1612101
611 6712101
611 5712101
611 6711101
611 6611911
611 5712101
611 1712301
611 1712901
611 6512901
611 2611201
611 6712101
611 1712101
611 6521101
611 6621001
611 2711901
611 6421311
611 6721911
611 1722101
611 6511301
611 2712901
611 1711201
611 6322101
611 6321111
611 6211111
611 7622001
611 6521101
611 6712301
611 5512101
611 1611911
611 6621311
611 5611111
611 6311101
611 1721201
611 6611201
611 5611101
611 6521001
611 5712101
611 6721301
611 1721201
611 6611201
611 6421101
611 5612101
611 2512301
611 5711111
611 3621311
611 1721901
611 6512101
611 1611111
611 1712301
611 6421311
611 3621201
611 6511311
611 6612301
611 1711301
611 2621301
611 4522201
611 6712101
611 5711111
611 4421211
611 6711301
611 1721201
611 2711301
611 2512301
611 6712901
611 6522101
611 6721211
611 1722101
611 5611111
611 5611201
611 6721301
611 5712101
611 2611301
611 3622201
611 4522101
611 3722201
611 6511211
611 3521211
611 5712101
611 5612301
611 6722301
611 1512101
611 6712301
611 2721301
611 5712201
611 5711101
611 6711111
611 6611301
611 2712301
611 3721111
611 6621111
611 6621201
611 2711311
611 6711211
611 5711301
611 2522301
611 6311311
611 5612101
611 6711211
611 1421111
611 6622101
611 6721101
611 7521001
611 6511211
611 2722301
611 6512201
611 6621111
611 6711901
611 6611311
611 6721211
611 6511201
611 3723101
611 3721101
611 2612301
611 6722001
611 2721211
611 6311311
611 1612301
611 5712101
611 5512101
611 2721301
611 6722301
611 1721301
611 6722301
611 2722301
611 6712104
611 5612101
611 5612101
611 6721001
611 6611101
611 6722101
611 3721201
611 6322301
611 2611311
611 2612301
611 6611311
611 1711311
611 6612201
611 5612101
611 6212101
611 5612201
611 6412301
611 6512301
611 2622201
611 1611211
611 2621101
611 7522011
611 5711101
611 1711211
611 3623101
611 6521311
611 2511301
611 6521201
611 6211311
611 6711101
611 1411101
611 1722901
611 3521201
611 1721901
611 6712901
611 2722901
611 6311911
611 2711911
611 5712901
611 7721001
611 6321201
611 1722201
611 6622101
611 3421111
611 6711101
611 6712201
611 1421211
611 2522301
611 6211311
611 3722301
611 6511201
611 4622201
611 6611201
611 3722101
611 5612101
611 6311311
611 2721101
611 1721301
611 1321211
611 6522101
611 2721201
611 6512901
611 2621301
611 4621111
611 6611311
611 6721111
611 5711111
611 6711301
611 3621101
611 3522101
611 1612201
611 2411101
611 4621301
611 6422201
611 6511301
611 5612101
611 2421301
611 6521101
611 2722301
611 6421111
611 3722101
611 3722101
611 6722301
611 7421011
611 3421111
611 3722201
611 1612301
611 6421111
611 6722301
611 6621301
611 6611301
611 6621901
611 7721001
611 2722301
611 2722301
611 7721001
611 6621101
611 6722101
611 1622201
611 3422201
611 2712301
611 2711311
611 6421301
611 6321911
611 2522301
611 3521201
611 6611211
611 3521211
611 1512301
611 6721311
611 2612301
611 6721911
611 6423301
611 6321111
611 4522201
611 7522001
611 3721111
611 2722201
611 5712101
611 5712101
611 6521311
611 3721101
611 3621201
611 1321101
611 3721101
611 5712101
611 2612301
611 3521211
611 3522201
611 5612301
611 2522201
611 6722301
611 6722201
611 6621201
611 4721111
611 2611301
611 3721211
611 2612301
611 6622301
611 5612101
611 5712201
611 2722101
611 2721101
611 6721301
611 1511311
611 5712101
611 1612201
611 2621301
611 6711111
611 6511311
611 5612101
611 4621111
611 6612301
611 2522301
611 5712101
611 5712101
611 7621011
611 5712101
611 6522911
611 4421911
611 6712901
611 5712901
611 6711901
611 1722901
611 6521901
611 6521311
611 1712201
611 6622101
611 2722301
611 6722301
611 1722201
611 6611311
611 2712301
611 1612301
611 6621901
611 6711911
611 1512201
611 6422101
611 6721111
611 6721301
611 6322301
611 6121311
611 6721211
611 6711111
611 6611301
611 6711201
611 5712101
611 6121311
611 6621901
611 6611211
611 6711911
611 6222201
611 3722101
611 6711301
611 2722101
611 6622201
611 3621101
611 1721201
611 6611901
611 6611001
611 6611311
611 5612101
611 5712101
611 6711201
611 6511101
611 4322101
611 5512101
611 2722301
611 7622001
611 2721201
611 4522301
611 1511111
611 6711111
611 3621111
611 2712101
611 1622101
611 5711201
611 6611311
611 1712201
611 6522301
611 3321111
611 2622301
611 6621201
611 6421111
611 5512101
611 6721211
611 1511301
611 2612301
611 2611311
611 2622101
611 1721201
611 6721911
611 6511211
611 5712101
611 3722201
611 2721301
611 3722101
611 6721301
611 6711111
611 3322201
611 6511301
611 3321101
611 2722101
611 6711901
611 5612101
611 6513201
611 6421101
611 6311111
611 6522201
611 2621211
611 1722101
611 6722101
611 5712101
611 5712101
611 1622101
611 5711101
611 6622211
611 3621211
611 6712101
611 3622201
611 6612101
611 6611101
611 1611901
611 6421311
611 7622001
611 6712301
611 6721101
611 6521301
611 6621111
611 6321111
611 6411111
611 7622001
611 2612901
611 2512901
611 6329101
611 2711101
611 5612101
612 2521101
611 2511301
612 2711301
611 2621211
612 2721301
612 6622201
612 5711311
611 2712201
612 7621001
612 6212101
612 1622101
612 3721101
612 2721311
612 2611301
611 1722101
612 6612901
612 5612101
611 6511901
611 2522901
612 6522301
611 6512301
612 6512101
612 1723101
611 6711301
612 2621101
612 6411111
611 6621911
611 6421211
612 1412201
612 6522101
612 2712201
612 6712101
612 2612301
611 6611311
612 5612101
612 6711901
611 6311211
612 3321211
612 1511211
612 3521201
612 6612301
612 6212301
612 6712201
612 6722301
612 1521101
612 1521101
612 6511911
612 7321011
612 6111311
612 7521011
612 3522201
612 6721311
612 6521211
612 3622101
612 6522301
612 7422001
612 1521101
612 3622201
612 3521101
612 6511101
612 2521201
611 5712101
612 6221211
612 6711201
611 6612101
612 6411311
612 6621201
612 6722301
612 6722101
612 6721301
612 7421011
612 6511201
612 6619311
612 5612101
611 4622201
612 6711311
612 6621111
612 2521111
612 5512301
612 2722301
612 1411201
611 6711211
612 5611101
612 6721301
612 6722201
612 2722101
612 5711911
612 6722901
612 5611201
612 3523101
612 2611311
612 2722101
612 5711111
611 1722101
612 6521211
612 1711211
611 2712201
611 6321311
612 6722301
612 6621111
612 2722201
612 6511301
611 6521311
611 5711111
612 6511111
612 6522301
612 5711111
612 1512901
612 6211111
612 5712101
611 6511311
612 5612101
612 5511111
612 3622201
612 6412201
612 2512301
612 1722101
612 6511111
612 6322101
612 2722301
612 2621211
612 2521301
612 2611211
611 1612101
611 5711101
611 5711311
611 5612101
612 2521301
612 5611101
612 3521211
611 3522101
612 6611301
612 6722101
612 6712101
612 6711901
612 1729111
612 6612901
612 4722201
612 3522201
612 2612301
612 2712101
612 1522201
612 6611311
612 6611311
612 6511311
612 2722301
612 1621311
612 7522001
612 3621111
612 6522201
612 3521211
612 2722101
612 3722101
612 4321111
612 3621111
612 6721101
612 6711201
611 5712101
612 6521111
612 1611201
612 3621111
612 1712201
612 5512101
612 6622101
612 6621301
612 5711301
612 4421311
612 7521011
612 2711301
612 4621211
612 6711101
612 3622201
612 1712201
612 3621111
612 6722301
612 2722301
612 6321201
612 3622201
612 2721201
612 3721201
612 6621311
612 1611111
612 2712201
612 6421211
612 3521311
612 1712201
612 6421211
612 5611111
612 6712201
612 4422101
612 6322201
612 3421201
612 3722101
612 2722201
612 6521101
612 2712101
612 6623101
612 6311111
612 6612101
612 6722201
612 6611201
612 6621111
612 3422201
612 5711101
612 2711311
612 6722001
612 6711211
612 5712101
612 5711101
612 6722301
612 6312101
612 3623301
612 2722301
612 6321111
612 6521301
612 6721201
612 5711111
612 6711201
612 6521301
612 6521211
612 3721111
612 6711111
612 3521101
612 3421211
612 1611301
612 5411101
612 6721301
612 5712301
612 6521101
612 6621301
612 6722301
612 6711911
612 5612101
612 1722201
612 3721101
612 3422101
612 2622301
612 6311211
612 2512201
612 6511301
612 2612301
612 2511301
612 6611104
612 6521111
612 6521101
611 6722201
612 6722301
612 5711301
612 2521301
612 5511111
612 1711111
612 2712901
612 5612101
612 3622101
612 6722101
612 6711301
612 6529311
612 1721201
612 6711101
612 2711211
612 1622301
612 6422101
612 3721101
612 1622101
612 5612101
612 6712901
612 1522101
612 6711311
612 2512301
612 6611311
612 6521101
612 7521011
612 7622001
612 6711101
612 1611201
612 6611301
612 6711201
612 6621301
612 2712911
612 5712901
612 1512101
611 2612301
612 7521011
612 6711111
612 6511911
612 1511311
612 6621111
612 6611211
612 1622301
612 3721111
612 1721301
612 1621201
612 6711101
612 6622201
612 6629211
612 6521911
612 2722301
612 2629101
612 3722201
612 6721111
612 2722101
612 6622101
612 5612111
612 6612101
612 6512101
612 2611311
612 7421011
612 3521211
612 5511111
612 6721301
611 5611111
612 6711211
612 1522201
612 6321211
612 6311311
612 6611201
612 6721311
612 4521311
612 6721101
612 6722201
612 1622201
612 5712101
612 2712301
612 6711311
612 6421311
612 2521301
612 2712101
612 6711101
612 1711311
612 2611201
612 4623211
612 1622101
612 6721311
612 2721111
612 3322101
612 3721111
612 6611311
612 6721201
612 1611201
612 6522101
612 6721111
612 5712101
612 2711301
612 6721101
612 6721301
612 2721301
612 6611911
612 6721111
612 3622201
612 3622101
612 6411311
612 6611211
612 6411311
612 2522201
612 1611311
612 2622201
612 1722101
612 2721301
612 6622101
612 5712104
612 6721311
612 1511111
612 1612101
612 6411301
612 4422101
612 6511111
612 5611111
612 2712201
612 6711111
612 5612101
612 1612201
612 1712301
612 6622101
612 6622901
612 6712901
612 2712301
612 6721311
612 6321101
612 6721211
612 6711311
612 5712101
612 1712301
612 2611301
612 6721301
612 5611111
612 5612301
612 6712101
612 6523301
612 3722101
612 6312201
612 3422201
612 1721101
612 6621201
612 3621111
612 6722101
612 3521311
612 5711101
612 3621211
612 6422101
612 2711301
612 2712201
612 4622301
612 2712901
612 2512901
612 6712001
612 2711201
612 7721001
612 6722101
612 3521101
612 1622101
612 6621901
612 1711211
612 1711211
612 1711211
612 6621311
612 1721201
612 3722101
612 3721111
612 2512301
612 6721111
612 7522004
612 5611211
612 6311111
612 6522101
612 1711211
612 2721311
612 6619111
612 5712101
612 6511101
612 6611301
612 6511101
612 3421211
612 4721211
612 4521311
612 6622101
612 6522901
612 2611301
612 2722301
612 6621111
612 5612201
612 6322301
612 6721311
612 3421211
612 6421111
612 6711001
611 6622301
612 6721901
612 6721201
612 6721211
612 1522201
612 3722201
612 3321111
612 5612101
612 6712301
612 6721201
612 5712101
612 3622101
612 1722201
612 3622101
612 6721301
612 3722301
612 7622001
612 6512301
612 6611211
612 6611311
612 3521211
612 4521111
612 6512201
612 1621301
612 1722301
612 6711301
612 6722101
612 6622301
612 1611301
612 6622101
612 6411101
612 6612201
612 6621111
612 6122101
612 6721301
612 6611211
612 6311311
612 6112101
612 6621101
612 6322101
612 7722001
611 6712301
612 1712101
612 6522101
612 6312101
612 6311111
612 5611101
612 6511201
612 6611311
612 6712301
612 6622311
612 2711201
612 6712901
612 3722201
612 6221311
612 6711111
612 6312101
612 6511311
612 4421211
612 6511901
612 6612201
612 3621311
612 6611901
612 2512201
612 5511111
612 6411111
612 3421211
612 6721211
612 5611101
612 6622101
612 6511101
612 4722301
612 2722201
612 6711911
612 6721201
612 3421201
612 6711211
612 6611101
612 5712301
612 1711111
612 6512301
612 5511311
612 6622101
612 6712901
612 4722201
612 6613301
612 3722101
612 3421211
612 7622001
612 3721111
612 6611101
612 4621211
612 6721311
612 6611311
612 3322301
612 2521301
612 5511211
612 6722901
612 6311111
612 6721311
612 3422201
612 2612301
612 5712101
612 1712101
612 6711311
612 2621301
612 2619301
612 6712901
612 6711311
612 2611311
612 6611301
612 1611211
612 6712201
612 5711101
612 6211101
612 3722201
612 1529111
612 6619111
611 6311311
612 6712101
612 6611101
612 3522201
612 6722301
612 1711111
612 6512901
612 6411911
612 6621211
612 2721211
612 1621901
612 6722101
612 6511201
612 6712101
612 6511211
612 5711311
612 6713301
612 2712101
612 6722101
612 3622101
612 2721311
612 6711101
612 6711111
612 6621101
612 1713301
612 6612301
612 1611111
612 5612201
612 3621211
612 6722101
612 6722301
612 6722201
612 6722301
612 2711201
612 6712101
612 1621301
612 6721111
612 6712901
612 1722901
612 3622101
612 5711101
612 6712302
612 6511011
612 5611101
612 5719901
612 2712301
612 6511301
612 5612101
612 6411111
612 3621101
612 6511311
612 6712201
612 1711301
612 6621311
612 6523201
612 6721301
612 5712101
612 6612101
612 6211311
612 6621011
612 2511301
612 3422101
612 6721201
612 3621201
612 5711211
612 3621111
612 6611201
612 6421211
612 6721311
612 6511101
612 6511111
612 6721311
612 5612101
612 3621111
612 3621111
612 6722201
612 6711311
612 6721211
612 2711311
612 4421111
612 5712104
612 6711101
612 6321911
612 6521111
612 3621111
612 6721311
612 6621211
612 4723201
612 5512111
612 3721101
612 6321211
612 6712301
612 6712101
612 6521911
612 6521111
612 1711311
612 6422301
612 2712901
612 6511201
612 5511111
612 6611101
612 6511901
612 6512901
612 2711901