621 6621301
621 2711301
621 1721311
621 5711111
621 6321311
621 2721301
621 6721101
621 1721301
621 1721101
621 2721301
621 6611201
621 6621101
621 5511111
621 6321311
621 2711201
621 3721101
621 6621201
621 6121311
621 2711301
621 6721101
621 1711201
621 6721001
621 5711101
621 3421211
621 6711301
621 6721301
621 2611101
621 2721301
621 6511311
621 6511101
621 3621201
621 6311111
621 3721301
621 6412301
621 6711301
621 6711101
621 6621311
621 6411304
621 2611301
621 2721101
621 2711101
621 2311211
621 6721301
621 1612201
621 1711101
621 6621101
621 3422201
621 1711201
621 6711101
621 6611911
621 6711101
621 2711301
621 6311101
621 1611311
621 6511311
621 1421111
621 3421211
621 3421111
621 2711101
621 6611311
621 6421111
621 1711101
621 3721101
621 6721201
621 6611311
621 3621211
621 1311111
621 6521111
621 6721301
621 5611101
621 2611201
621 3621111
621 6421311
621 3721101
621 2721201
621 2511301
621 2511311
621 6211311
621 6411211
621 2721301
621 2721101
621 6521101
621 6521111
621 2721311
621 6611001
621 3722211
621 6711311
621 2611301
621 5711101
621 6721201
621 6411111
621 5711201
621 6721301
621 6711311
621 1621201
621 1611201
621 3321111
621 1711101
621 6721301
621 3621111
621 2612201
621 2721101
621 3721101
621 6311111
621 3721101
621 5711101
621 5711111
621 6521111
621 6721101
621 3721201
621 6721101
621 1721101
621 6111311
621 3721211
621 5711111
621 6721301
621 6411904
621 6511101
621 6711301
621 5611111
621 6321111
621 1721111
621 7521001
621 2511301
621 2711101
621 3522101
621 6711901
621 6521111
621 5711101
621 2711301
621 5711111
621 2721301
621 6512101
621 2711311
621 6621111
621 6321211
621 6721201
621 3521201
621 6721201
621 3621111
621 6421111
621 6721211
621 1621111
621 6711201
621 2611211
621 6321111
621 6321311
621 1611101
621 6721101
621 1721101
621 6711201
621 6711311
621 6321111
621 3521301
621 6711101
621 6511101
621 3621101
621 6611301
621 3621301
621 6721111
621 3721201
621 5711101
621 4521111
621 6721201
621 6711301
621 1523301
621 6721201
621 6721311
621 1721301
621 2711301
621 1611101
621 6511301
621 6711101
621 4321111
621 5711101
621 2721201
621 6529311
621 6721311
621 6311911
621 6721101
621 6721201
621 6711111
621 6511211
621 6721311
621 5711111
621 6711111
621 2711311
621 6621111
621 6511311
621 2711301
621 6611901
621 6721901
621 3721901
621 5711101
621 6711201
621 5511111
621 5611111
621 7621011
621 3421101
621 5711311
621 6311311
621 3421211
621 2711301
621 1511211
621 5611111
621 3521211
621 6621111
621 5711101
621 5711101
621 6721001
621 6621301
621 3621201
621 2711301
621 6211311
621 6611311
621 6621311
621 5711101
621 6321901
621 6321911
621 6719011
621 6721101
621 1721101
621 7421011
621 2711301
621 6721301
621 2711311
621 6513201
621 6721301
621 6411211
621 3521211
621 6411911
621 6721311
621 6611101
621 7521001
621 3621101
621 6611011
621 6611301
621 1511911
621 6521201
621 6511311
621 6721101
621 6521101
621 6611101
621 2721901
621 2711901
621 6711111
621 6711201
621 7721001
621 6711311
621 2621201
621 6721101
621 2711201
621 6719101
621 3521111
621 1711101
621 6211111
621 6721301
621 6321911
621 6421111
621 6611101
621 2611201
621 6711301
621 2611901
621 5611101
621 1719101
621 5711111
621 2711301
621 5711101
621 6711901
621 2721101
621 6721311
621 6629311
621 4321101
621 6721311
621 6411301
621 3521111
621 6611101
621 6611101
621 6711301
621 6611311
621 2721901
621 3721201
621 6321211
621 6612101
621 1721201
621 6721901
621 6711901
621 1721911
622 6311101
622 1711901
622 6723201
622 1521201
622 6411201
622 6721901
622 3621301
622 1411111
621 4329111
622 5611201
621 1711201
622 5712301
621 5711101
622 3421211
621 3721101
622 6611111
622 6121311
622 1721301
622 2711101
622 3421311
622 3521111
622 5611111
622 3621211
622 5711101
622 6211111
621 6621101
622 5711101
622 6421201
622 1711301
622 5611101
622 1711111
622 6511301
622 3721111
622 6511111
621 6311111
622 7721001
622 6721311
622 6721311
622 6521311
622 6721101
622 5711101
622 3621101
622 6611211
622 6721301
622 6619311
622 6511911
622 3321111
622 2711301
621 6611301
622 6711301
622 6611211
622 3621201
622 7622004
622 3421111
622 6611301
622 6611111
622 6321111
622 3721101
622 3721101
622 3521101
621 3423211
622 6721201
622 1721101
622 6523901
622 1611101
622 3721101
621 6721901
621 6721301
622 6521311
621 5711301
622 6611211
622 1611201
622 1311201
622 3721101
622 2711101
622 1721201
622 2721201
622 6311111
622 1721301
622 6721111
622 1721201
622 6611111
622 6611311
622 6721201
622 6711101
622 3721201
622 3721201
622 3621111
622 6521301
622 6721111
622 5511111
622 6711911
622 6421211
622 3721101
622 2721101
622 6721201
622 1511211
622 1721101
622 3621101
622 6621111
622 6621211
622 3621111
622 6711111
622 6621301
622 6421111
622 6721111
622 2721301
622 1721311
622 6721311
622 2711211
622 6721201
621 6611901
622 6711301
622 6611301
622 5611101
622 6711201
622 6621101
622 6711201
622 6319211
622 5711901
621 3621901
622 5711101
622 5511101
621 6721301
622 6721201
622 2611111
622 6711901
622 6521311
622 6721901
622 6711901
622 6711301
622 2711201
622 6421211
622 5711311
622 3521211
622 3521211
622 1611101
622 6611911
622 6711001
622 5612204
622 2621311
622 3621301
621 6721311
622 6421111
622 6721311
622 3521111
622 6311311
622 6711301
622 6121111
622 6411311
622 5611101
622 2721301
622 5712101
622 6629111
622 6619111
622 6711311
622 6611111
622 2611201
622 3621111
622 3521111
622 6621101
622 6621101
622 6711211
622 5511101
622 3621101
622 6711311
622 6721201
622 3521211
621 5611111
622 6611311
622 3521201
622 3521101
622 1721201
622 5611111
622 5611111
622 3721101
622 5719111
622 5611211
622 5711301
622 6711301
622 1511211
622 6311911
622 7721011
622 6621111
622 3721201
622 6721001
622 3723101
622 6712301
622 6711301
622 1711911
622 5711911
622 5711101
622 2711901
622 6629111
622 1723101
622 5711201
622 6721201
622 3521201
622 2621201
622 1711111
622 6421311
622 6711311
622 6621211
622 5611111
622 6612101
622 5611111
622 6622301
622 2721311
622 5711111
622 2711211
622 6321311
622 6711911
622 6721901
622 5711111
622 6711301
622 6721301
622 1411211
622 6711301
622 6611311
622 5711101
622 1711301
622 3521211
622 6721301
622 2711111
622 6511101
622 6621111
622 6421101
622 6621211
622 5719901
622 3621101
622 1711301
622 6611311
622 6311311
622 1611311
622 6711101
622 6721101
622 2711101
622 6711101
622 3621101
622 5711901
622 6711311
622 6721311
622 5712101
622 1711201
622 5611201
622 6721101
622 3721111
622 3721111
622 3721201
622 6612201
622 3621111
622 6612101
622 1721201
622 6619211
622 6311211
622 6621201
622 1711201
622 3721111
622 6721001
622 6211311
622 6521111
622 1521311
622 6321111
622 3721101
622 6721111
622 5611101
622 6521101
622 2711311
622 6321111
622 3521111
622 1611111
622 7421011
622 6721101
622 3521101
622 6611101
622 5719301
622 5611111
622 3721111
622 2721201
622 3321211
622 6721901
622 5711111
622 1723101
622 6721301
621 6711901
622 6611111
622 3621111
622 2721301
622 6511111
622 6711311
621 5611111
622 5511211
622 6711901
622 1711901
622 6721301
622 2711901
622 3721911
622 1711901