631 5511101
631 6711901
631 6311111
631 2711301
631 6411201
631 6611101
631 6411311
631 5511111
631 5712101
631 3521111
631 6521111
631 6511111
631 6721101
631 6711101
631 3521111
631 1422201
631 6611311
631 6711901
631 6722201
631 3721111
631 5711111
631 2721201
631 3521211
631 6711111
631 6612301
631 7721011
631 1622201
631 6711901
631 6721201
631 6621211
631 1711111
631 2611101
631 2611101
631 2711311
631 1321111
631 6521211
631 6711301
631 6321311
631 6511311
631 2711301
631 6721301
631 3721211
631 6211311
631 1722101
631 6621301
631 6411311
631 6321911
631 5711301
631 6721211
631 2711101
631 6721101
631 6421311
631 3721101
631 6721201
631 5711101
631 5611101
631 1621111
631 6311911
631 6421311
631 6311111
631 6611311
631 7521011
631 1521111
631 6111211
631 2712301
631 6221311
631 5711301
631 6521101
631 6621311
631 4521211
631 6321211
631 3421211
631 3621201
631 7721001
631 6721101
631 2711311
631 5612201
631 4721101
631 2521211
631 1711311
631 6721201
631 6711201
631 6612101
631 6711111
631 6321111
631 5711111
631 5711311
631 6411311
631 6211211
631 6612201
631 6311111
631 2712101
631 6711101
631 6722201
631 6322201
631 1511211
631 6423101
631 6422101
631 2612301
631 5612101
631 5711101
631 5711201
631 5711111
631 4721101
631 5511311
631 7621011
631 6621911
631 6721111
631 3521211
631 2711211
631 6311911
631 5711911
631 6311211
631 6511311
631 5711911
631 5611211
631 6221111
631 6221111
631 2711201
631 6611901
631 5711101
631 3621311
631 1712201
631 6721101
631 5611301
631 5711101
631 6721101
631 3721101
631 4621201
631 6211311
631 5711201
631 6521311
631 3521211
631 6321311
631 3521111
631 3721101
631 5412101
631 5711111
631 6512301
631 5511111
631 5711111
631 5711211
631 6711211
631 2711301
631 6711111
631 2711301
631 1411311
631 3721301
631 2722901
631 6311111
631 2711201
631 2711211
631 7421011
631 6611911
631 6722101
631 5711101
631 6611111
631 1711201
631 6511211
631 2611111
631 2621911
631 6311211
631 3421211
631 2711301
631 6611211
631 5511101
631 3521111
631 5711111
631 3421211
631 6721911
631 1721911
631 1721911
631 6711101
631 6612301
631 6421111
631 6611311
631 1711111
631 6311011
631 6411011
631 6711911
631 5619101
631 5711111
631 5711101
631 3321211
631 7321011
631 6622101
631 1621901
631 1621201
631 6621111
631 6721101
631 1711311
631 3421211
631 6721311
631 6321111
631 2711311
631 3622101
631 1722901
631 6611211
631 6321111
631 6411101
631 6621111
631 6121311
631 6711301
631 3522201
631 6711211
631 6211311
631 3622201
631 6721201
631 5611211
631 6421111
631 5711101
631 6711301
631 5611101
631 5711101
631 6711301
631 3521311
631 6311211
631 3621111
631 6711311
631 2612301
631 6621011
631 6712901
631 5713111
631 5611101
631 5611111
631 5611111
631 6722301
631 6611211
631 4322301
631 5611111
631 1711211
631 6711101
631 6511311
631 5711201
631 6721101
631 3721201
631 3421101
631 7622001
631 5511101
631 3721101
631 3721101
631 6712101
631 6622201
631 1721101
631 6421111
631 3623101
631 2721301
631 2722201
631 6621211
631 6621311
631 6711101
631 6211111
631 6521201
631 6321111
631 6611111
631 6622201
631 6311211
631 6311111
631 6311111
631 6521101
631 5511111
631 1711101
631 6711901
631 5612101
631 6711111
631 5611101
631 6521211
631 6711001
631 6321111
631 6321111
631 5711111
631 2521301
631 2721301
631 5711101
631 6421311
631 6721301
631 1721301
631 6711111
631 6521211
631 5511111
631 6521311
631 6211311
631 6411311
631 6621111
631 3721101
631 2721101
631 4521111
631 1711211
631 5711311
631 6611111
631 6721111
631 6711311
631 6711111
631 6721201
631 6721301
631 1721311
631 2521311
631 3321211
631 1611311
631 5711111
631 1522301
631 6411111
631 7521011
631 3421111
631 5712101
631 1521111
631 7721011
631 1711201
631 6721901
631 7521011
631 3521111
631 6721101
631 6521111
631 7621011
631 6721101
631 6721301
631 6621111
631 2611101
631 5512101
631 5611111
631 6721301
631 2511211
631 6521101
631 3621211
631 6711101
631 1422101
631 2721201
631 5712101
631 7721001
631 5711301
631 3721101
631 6711311
631 6311111
631 5611111
631 6611111
631 5511301
631 5611111
631 6411111
631 6711311
631 6711101
631 5712101
631 6611311
631 5711111
631 6511311
631 3421211
631 1621111
631 6511211
631 6411311
631 5412101
631 6722301
631 6521311
631 3622901
631 2721901
631 6711101
631 2711311
631 6711301
631 6511111
631 6711111
631 5411111
631 5612101
631 1611111
631 2711301
631 3321111
631 6511211
631 6711311
631 6411111
631 6311311
631 5712101
631 2712201
631 6721101
631 6711111
631 1611211
631 1721211
631 6721311
631 2511301
631 6721101
631 3721211
631 6211311
631 1623211
631 6511111
631 6421111
631 1721101
631 6621911
631 6511911
631 5711101
631 5611111
631 6611311
631 6621311
631 6321101
631 1721101
631 6711101
631 3621111
631 3521101
631 6411311
631 5511311
631 1521111
631 2611101
631 6621211
631 3721111
631 2621301
631 6111111
631 5611111
631 6411311
631 3521211
631 2711301
631 6511111
631 1712901
631 5711111
631 6711201
631 6721311
631 6721301
631 6711911
631 6521311
632 1512101
632 1711101
632 6721311
632 6711311
632 6611211
632 1421211
632 6511311
631 6711101
631 6711101
631 5711101
632 6711211
632 3621301
632 1712201
631 5511111
632 6611111
632 3621211
632 6511211
632 5511111
632 2711101
632 4321111
632 3421211
632 6621111
632 6711311
631 1621211
632 7521011
631 6711901
632 6711201
632 6721301
632 6321211
632 6421201
632 6611311
632 6512201
632 2612901
632 3521111
632 3721211
632 6521211
632 3521211
632 6711311
632 6711111
632 1621911
632 6621011
632 6321111
632 5611111
632 6321111
632 7521011
631 6721301
632 3521311
632 2611301
632 1521311
632 6722301
632 6329111
632 1521111
631 6411111
632 6511111
632 6421211
632 3521111
632 1611311
632 5611201
632 1721111
632 1721211
632 6411111
632 1711211
632 6611201
632 1319311
631 6721211
632 6712301
631 6419311
631 1711301
632 3729901
632 6721911
632 6721011
632 2721101
632 3722201
632 6711311
632 1611911
632 6211111
632 2722201
632 6621301
632 6329111
632 6711111
632 3722301
632 2721201
632 5611201
631 5711111
631 1511311
631 2611301
631 5611111
632 1711101
631 6611901
632 6721911
632 6611201
632 5711111
632 6711211
632 6712201
632 5511111
632 6621111
632 2711311
632 5711211
632 6611201
631 6711901
632 6621111
632 6612301
632 3621111
632 6721211
632 3622101
632 3721201
632 3521311
632 6711111
632 5713101
631 5711911
631 1611901
631 6721301
631 6721301
631 5711901
632 5711301
632 6511111
632 3622201
632 6523211
632 6421111
632 5511111
632 6711211
631 1611311
632 6611311
632 6411111
632 6721101
632 1711211
632 5711111
632 5612301
632 5611111
632 6319211
632 7521011
632 6711111
632 2722201
632 6522101
632 3722201
631 6711301
632 6611311
632 7623001
632 6521311
632 6621211
632 6521111
632 6711001
632 3521111
632 6622201
632 6721201
632 1511111
632 2621301
632 6711111
632 6521111
632 5711111
632 5711111
632 6321111
632 6421111
632 3521211
632 6522201
632 5611211
632 6721311
631 6721311
632 6511311
632 6621111
632 4521211
632 2722201
632 6311211
632 3721311
632 6521111
632 6711111
632 6521111
632 5711111
632 6421111
632 5711101
632 1529111
631 6521311
632 3622101
632 2711911
632 1421211
632 6521111
632 6721301
632 3721101
632 3721101
632 5711101
632 1321311
632 4521111
632 4521211
632 2621301
632 3521111
632 5711911
632 6721911
632 6711311
632 5713111
632 2621301
632 5711901
632 6321111
632 6111911
632 6421111
632 6311111
632 6711111
632 6621311
632 6712301
632 2621311
632 6722301
632 6512201
632 6711111
632 6621101
632 5711111
632 6711111
632 6721311
632 6721211
632 6412301
632 1621111
632 1611301
632 3721111
632 6311311
632 2412311
632 1711111
632 5711111
632 6721311
632 6721111
632 3721311
632 2721301
632 1522201
632 6521101
632 3321211
632 5611111
632 6621311
632 2611201
632 4622201
632 3521311
632 6711111
632 6311311
632 1722101
632 3521111
632 1621311
632 6322111
632 6322211
632 3521211
632 6511111
632 6521211
632 6722201
632 3421211
632 7521011
632 6611311
632 6421311
632 3521111
632 6311111
632 6711111
632 6211311
632 6721111
632 6721311
632 6621111
632 6521111
632 6721111
632 6721311
632 2711301
632 4421111
632 6719311
632 6711311
632 3721111
632 6421101
632 5611111
632 6721311
632 5713101
632 6711211
632 5611111
632 6621211
632 2711201
632 6711301
632 6619911
632 5611111
632 6521111
632 3721101
632 6711101
632 6711311
632 6522301
632 6712101
632 6611111
632 1621211
632 3721111
632 4521211
632 6721311
632 6711311
632 6411111
632 1629111
632 6611311
632 6511111
632 2622101
632 2721911
632 6711901
632 6713301
632 6721311
632 6411111
632 6711301
632 6621301
632 3421311
632 6521311
632 3622201
632 3721111
632 3721301
632 3522111
632 1621211
632 1611101
632 6311311
632 6711311
632 6311211
632 2711311
632 5711211
632 6721111
632 3721301
632 2721211
632 6621111
632 2511211
632 6511211
632 6721301
632 6722101
632 6611011
632 2511301
632 3421111
632 3321111
632 6311111
632 6721211
632 5711111
632 1711211
632 7721011
632 6421311
632 1611311
632 3421111
632 6521111
632 6711111
632 6721201
632 6729311
632 6711301
632 1422901
632 5611101
632 6611301
632 5611101
632 6221311
632 1611211
632 2712201
632 6512111
632 2711101
632 5711101
632 6711111
632 3321211
632 3521211
632 5511211
632 3621111
632 6721111
632 6511201
632 3521111
632 6721211
632 6621111
632 6722101
632 2721201
632 1721311
632 4721101
632 2722301
632 1621211
632 3521311
632 5611211
632 3722201
632 3421111
632 6321111
632 6521311
632 3421211
632 6723311
632 3421111
632 6512901
632 6723111
632 6521111
632 3721101
632 6611111
632 6522101
632 2711901
632 5711111
632 5612101
632 2711101
632 6711101
632 5611111
632 6722301
632 6611101
632 6711101
632 2611111
632 6711311
632 1611211
632 6611311
632 6511211
632 2621311
632 5611111
632 4421211
632 6711101
632 6711111
632 6529111
632 6511111
632 6711311
632 6611111
632 3422211
632 3721111
632 6721111
632 6611201
632 6721201
632 3323211
632 1629111
632 6711311
632 6611311
632 2711201
632 3621111
632 5711111
632 6421311
632 6721301
632 3729211
632 6321911
632 6421211
632 5712101
632 2712301
632 6622101
632 5712101
632 3621301
632 1611101
632 2711211
632 6722301
632 6311911
632 6521111
632 6421911
632 5711111
632 6319911
632 7621011
632 6713301
632 6721311
632 6321111
632 6521111
632 1622301
632 6221311
632 5712101
632 6321211
632 6412301
632 6521111
632 6521111
632 6521111
632 6712301
632 3621111
632 6721111
632 3721211
632 6511311
632 6511311
632 6511101
632 1711101
632 3429211
632 6421111
632 6711311
632 6419011
632 5711111
632 6721111
632 6612901
632 6621911
632 2712901
632 6611311
632 6721311
632 6611211
632 6421111
632 6621111
632 6611311
632 6711901
632 6621101
632 6511911
632 2712901
632 3521211
632 3721111
632 2721311
632 1511111
632 3421111
632 3621111
632 5612111
632 6711111
632 6711211
632 6421311
632 6721311
632 5511111
632 6621311
632 5711211
632 1711211
632 6521111
632 7421011
632 7421011
632 3621311
632 6311111
632 6421111
632 5712101
632 2711301
632 6721901
632 6721911
632 6721911