641 6711101
641 6621101
641 2721301
641 2711301
641 6611101
641 6311111
641 6411201
641 2711301
641 3721201
641 3721101
641 1711901
641 6711301
641 6421301
641 6511101
641 6711301
641 6711201
641 6621211
641 2621301
641 6511901
641 6711301
641 7521001
641 3421301
641 6721301
641 1729301
641 7721011
641 2721201
641 6611101
641 3621201
641 6421201
641 6711101
641 6321101
641 6711101
641 6711101
641 1721301
641 5711101
641 2711301
641 3621301
641 1621101
641 7621001
641 2721301
641 1721301
641 6711301
641 5711301
641 1711301
641 6721301
641 6711901
641 3621201
641 6721301
641 2711301
641 1711101
641 3521101
641 3721211
641 6721211
641 7721001
641 6711901
641 3721111
641 5711201
641 2721101
641 4522201
641 4421101
641 6611101
641 2521101
641 3521101
641 2711301
641 6511901
641 5711101
641 2721301
641 6721301
641 6721901
641 2611201
641 1721111
641 2511301
641 2721101
641 2721301
641 5711101
641 1312201
641 6621101
641 6311211
641 6511311
641 6621201
641 3721111
641 6711301
641 2521301
641 6721201
641 6721301
641 6611301
641 6711301
641 2721301
641 6711901
641 6311211
641 1721301
641 1711201
641 1711101
641 2711301
641 3721101
641 6511101
641 1711301
641 6721201
641 6721301
641 6611211
641 1711101
641 6611101
641 1721201
641 6621101
641 2611301
641 1521201
641 2711301
641 6721101
641 5611101
641 3721101
641 6721201
641 5611101
641 6621201
641 5711101
641 6721111
641 6511001
641 6511101
641 3721111
641 6711101
641 2711101
641 5711101
641 5611101
641 2611301
641 3521101
641 6721301
641 6211101
641 6621301
641 6721101
641 6421111
641 2711201
641 5611201
641 6711301
641 3621101
641 3621101
641 5711101
641 6421111
641 6511301
641 6519901
641 7521011
641 1711101
641 7521001
641 1711201
641 6711301
641 6711311
641 2711301
641 6621311
641 6611901
641 6611201
641 1721201
641 5711101
641 6711301
641 2511201
641 2511301
641 4721101
641 1721901
641 5711301
641 1711111
641 6721101
641 3621301
641 6621901
641 3321311
641 2721311
641 6611101
641 6721101
641 2721301
641 2711301
641 1511201
641 6611211
641 6721101
641 6711901
641 6721301
641 2711201
641 1721301
641 1621101
641 3621201
641 1611101
641 3721101
641 6721101
641 6623301
641 6711201
641 6723101
641 1511201
641 1721201
641 6721301
641 1611201
641 5611101
641 2711301
641 1721101
641 5711101
641 1621301
641 6611201
641 6621301
641 5711101
641 6711101
641 3721101
641 6721301
641 5711101
641 3421201
641 6511301
641 3521101
641 2721101
641 7421001
641 6611301
641 6721301
641 6621901
641 6621101
641 2721101
641 2721201
641 6611101
641 2721101
641 2721301
641 6711301
641 5611101
641 6711311
641 3621211
641 7721011
641 6611201
641 6611001
641 6721901
641 6721901
641 5711101
641 5711101
641 2711901
641 5711111
641 6711901
641 3521201
641 6711911
641 6519111
641 6611311
641 1711201
641 2711301
641 5711101
641 5711101
641 6611111
641 6721201
641 6611301
641 6511101
641 6721101
641 6721301
641 1721201
641 6421301
641 6521111
641 6511101
641 2621301
641 1621201
641 6511301
641 3721201
641 6711901
641 1621301
641 6421201
641 4421101
641 5711101
641 5711101
641 5711111
641 6721101
641 2721301
641 3721101
641 1421201
641 6611101
641 5611101
641 3621111
641 6722111
641 6511201
641 5611101
641 5711101
641 2611301
641 5711101
641 5611101
641 6511101
641 4421101
641 6521301
641 6521101
641 3321111
641 5711101
641 2711311
641 5711301
641 5611101
641 6411211
641 6521101
641 6311201
641 2611301
641 5711101
641 2711301
641 2721301
641 5711111
641 6711911
641 6611001
641 6711011
641 2721301
641 6711101
641 6411111
641 6721901
641 1711111
641 5711101
641 6721301
641 6711901
641 5511101
641 6511101
641 6711101
641 6721301
641 6521311
641 2721201
641 6721001
641 6411301
641 7721001
641 6111311
641 1621111
641 6611201
641 2711211
641 1711301
641 5711111
641 6711901
641 3721201
641 4321101
641 2611301
641 5711301
641 2711301
641 6721301
641 6721301
641 5611101
641 6721201
641 2711101
641 2711101
641 2721101
641 6711301
641 1721101
641 6721101
641 6721301
641 1511201
641 6521201
641 3721101
641 1711311
641 3521201
641 6721101
641 5711101
641 6721301
641 2421301
641 3721201
641 6711201
641 2711901
641 6711911
641 2711901
641 3721901
641 1711101
641 3721111
641 3721101
641 6621301
641 6321201
641 6711001
641 6521211
641 2521301
641 5611301
641 1521101
641 5611101
641 6611101
641 6711001
641 2721201
641 6511101
641 6621101
641 2611301
641 6711901
641 6721111
641 3621101
641 5619101
641 6511201
641 1521111
641 2611201
641 6521101
641 6711301
641 6722201
641 6721301
641 2521311
641 2721301
641 6511901
641 6711001
641 6721901
641 2611101
641 6711301
641 6711301
641 6621901
641 3721101
641 6511301
641 5713101
641 3521111
641 6611111
641 6521111
641 6621211
641 6721101
641 6511211
641 3721201
641 6521101
641 6711201
641 6721301
641 6711911
641 5611101
641 2711201
641 6621201
641 2721901
641 6211101
641 3721301
641 3521201
641 1621101
641 7621001
641 1521201
641 2711101
641 1721901
641 6721901
641 2721301
641 2711101
641 6521101
641 2721101
641 1611101
641 2711201
641 6521201
641 6611901
641 5711101
641 6711911
641 3621101
641 3721301
641 3721101
641 1711901
641 6721901
641 2711101
641 3721101
641 2721201
641 1611211
641 5511101
641 1711101
641 1711201
641 6511201
641 6521111
641 6421101
641 6311101
641 6111111
641 6711011
641 2721101
641 2511301
641 2611211
641 2721201
641 2711311
641 2711301
641 1721211
641 6411211
641 6429101
641 6521301
641 6721901
641 6721901
641 1611201
641 3621301
641 6621111
641 2719101
641 1511201
641 3721101
641 2621301
641 3721101
641 3621911
641 6621301
641 6621101
641 2721301
641 6321311
641 6521101
641 6711901
641 6611301
641 6422101
641 2711301
641 2711101
641 1721101
641 3621311
641 2611301
641 6621101
641 3521201
641 1711101
641 6721901
641 3521101
641 3721101
641 5711101
641 6711111
641 2711301
641 1611101
641 1521301
641 6711101
641 6711201
641 7521001
641 2711211
641 6611101
641 6721301
641 3521101
641 3521101
641 2721101
641 3721201
641 3721201
641 5511101
641 5611101
641 6721101
641 1721101
641 3621201
641 6621101
641 5711101
641 2711301
641 6711301
641 1711301
641 5711901
641 5611101
641 3721101
641 6511901
641 6321301
641 6511311
641 6711901
641 1729201
641 6721301
641 6521111
641 6721201
641 6623101
641 2611301
641 2711301
641 6611911
641 6721301
641 5511201
641 6421101
641 3421211
641 1711111
641 2611201
641 2711301
641 1721901
641 6711901
641 6721901
641 2721901
641 2511311
641 6721301
642 1621201
642 3721101
642 1312101
642 6521901
641 2711301
642 1611101
642 2611301
642 6721201
642 3521301
642 7521011
641 6319101
642 2721301
642 6621101
642 2611101
642 1721901
642 3521101
642 3521101
642 6721201
642 1721101
641 6723301
642 6421111
642 3421101
642 6411301
642 6511101
642 6711301
642 1721901
642 5611101
642 6621301
642 6511201
642 3721201
641 5611101
641 6711301
641 1712101
642 2711301
642 6711301
642 1711101
641 2721301
642 2621301
641 6721201
641 3521201
641 3521101
642 2521301
642 6721101
642 6411211
641 6719301
641 6721301
641 6711311
642 6521301
641 6611301
642 5411111
641 6721111
641 6721311
642 6321301
642 1611101
642 6511301
642 6621301
641 6611101
642 6711201
642 6511211
642 6621111
642 6721301
642 2723301
642 2711901
641 1721201
642 6711101
642 6312901
642 5711111
642 5711101
642 2621101
642 6711201
642 6721301
642 6721301
642 6721301
642 5611101
642 5711201
642 3721301
642 1611201
642 3721101
642 2721201
641 6721901
641 6721301
642 2621101
642 6421101
642 6721101
641 5711101
642 1721211
642 6721301
642 3329111
642 1721301
642 6721301
642 1721101
642 6711311
642 1721201
641 6711301
642 6621301
642 2721301
642 6721101
642 5711311
642 6711301
642 6611101
642 6711301
641 6611901
641 6621901
642 1721301
642 6721301
642 3421111
642 1711201
642 5611111
642 6621111
642 6721201
642 6721301
642 3621101
642 6621301
642 6721301
642 3521211
642 6611201
642 6721301
642 2611301
641 2711301
642 1711101
642 5712101
641 6721311
642 1721201
642 7721001
642 6721101
641 4421101
641 6721101
641 1311201
642 6621901
642 6421201
642 3721201
642 6721901
642 6721111
641 6711301
642 6721101
642 6611301
642 6711301
642 3621101
642 5711101
642 3321211
642 1511101
642 5611101
642 6721101
642 3621101
642 1711101
642 2521301
642 2611301
642 3721101
642 2721301
642 1511101
642 6411311
642 2711201
642 6721301
642 1711101
641 5511111
642 6621101
641 6721901
642 4521101
642 6511201
641 6711901
642 5711101
642 3721301
642 3721111
642 6621101
642 6411301
642 7521001
642 6711201
642 6421101
642 3721101
642 6721301
642 7721011
642 3721111
642 3621111
642 1621201
642 6711101
642 6612001
642 6721111
642 2711301
642 1721201
642 6411101
642 6521201
642 3721101
642 2721201
642 1721101
642 6711101
642 6721311
642 6721201
642 6521301
642 6621901
642 2721301
642 3521101
642 6721001
642 2611101
642 6311101
642 2721301
642 1621101
642 6521311
642 6711301
642 6421211
642 6621101
642 3721101
642 2711301
642 2621301
642 3521101
642 6611201
642 6721101
642 6721301
642 6721301
642 6711101
642 1611301
642 3721111
642 6721911
642 3721111
642 6711101
642 2721301
642 5611101
642 6511301
641 6511311
642 5711101
642 3423101
642 6111101
642 6621201
642 2721301
642 6621211
642 6511201
642 6621301
642 6511311
642 7521001
642 6721301
642 2719111
642 6611301
642 3721101
642 6311201
641 2611901
642 6711101
642 6511211
642 6419101
642 6711101
642 6611201
642 7621001
642 6411311
642 6512101
642 5711101
642 2711901
642 6721901
642 6429911
642 2711301
642 6721901
642 6611001
642 3721201
642 6621101
642 6521911
642 2621201
642 6721101
642 6511111
642 6711901
642 6721901
642 6711201
642 6711901
642 6421111
642 1711101
642 6711301
642 2621301
642 1619111
642 3621101
642 6711901
642 6612301
642 6611901
642 4721111
642 6711211
642 2721201
642 6721301
642 6711301
642 2721301
642 2721201
642 3721201
642 6411111
642 6721901
642 3521101
642 6711201
642 6621201
642 6621201
642 6711101
642 2721911
642 3421301
642 6221101
642 2511101
642 6721301
642 3721211
642 6611101
642 6721101
642 5611211
642 6611201
642 6521311
642 1611111
642 2721301
642 2721101
642 7621001
642 6421111
642 6711101
642 6711101
642 6511101
642 6321311
642 2711301
642 2511101
642 3421101
642 6411111
642 6621201
642 1511201
642 2621301
642 6711301
642 6711301
642 6419101
642 6611111
642 6711301
642 6711311
642 5711301
642 1711301
642 3521201
642 6721101
642 6611301
642 6329211
642 3621101
642 3721101
642 2721301
642 6421101
642 7521001
642 5711111
642 6421211
642 6421211
642 7621011
642 2721201
642 5711101
642 5711111
642 5611101
642 6611101
642 6621101
642 3721101
642 6621201
642 6629301
642 6611301
642 6521101
642 6421111
642 2721301
642 3721201
642 2711301
642 2711301
642 1721301
642 1721101
642 5511101
642 3721101
642 6721101
642 2721201
642 6721101
642 2711201
642 5611101
642 2711301
642 6611201
642 6511301
642 2511311
642 3721111
642 6711111
642 2721101
642 2711101
642 6511201
642 6621101
642 6623901
642 1511201
642 6711201
642 6721201
642 2711301
642 6411101
641 6711901
642 6711101
642 2711301
642 2511201
642 2721301
642 6711201
642 6521211
642 5611301
642 2721301
642 3721201
642 6511301
642 6721111
642 6611201
642 6721101
642 6721301
642 2721301
642 3721101
642 5719101
642 6711111
642 6321111
642 6621101
642 3521201
642 3421211
642 6611111
642 6321211
642 6711301
642 6721311
642 6421311
642 3721111
642 5612101
642 3621211
642 6323211
642 6521111
642 6711201
642 1721111
642 6721101
641 6721101
642 6721101
642 6311211
642 2711301
642 6721111
642 1511111
642 5711101
642 2721301
642 3721101
642 1711201
642 6611201
642 3721101
642 5511111
642 6621101
642 6621901
642 2521301
642 6521901
642 2611301
642 6721301
642 6421301
642 3421101
642 6511111
642 6621311
642 6711201
642 2721301
642 6721101
642 2621301
642 6621111
642 6721901
642 3721111
642 2721101
642 6711301
642 1721201
642 6711201
642 6412901
642 6721101
642 3721211
642 3521211
642 6721101
642 6721101
642 1711101
642 2721301
642 3721101
642 6711901
642 6611101
642 6611301
642 6721111
642 3721201
642 3721101
642 2711201
642 6721901
642 5712101
642 2711201
642 6621101
642 3621101
642 3421101
642 1721101
642 2511301
642 1622301
642 6519111
642 6523301
642 6721901
642 6721211
642 6711211
642 3621201
642 6712301
642 5711101
642 6711001
642 2711301
642 5711101
642 6711201
642 2621301
642 6511201
642 2611201
642 6721111
642 6721301
642 3521301
642 6711901
642 2711901
642 6521901
642 2711911
642 6512301
642 6521211
642 6411311
642 6711001
642 5511111
642 6621101
642 6411101
642 1711311
642 6611201
642 5511111
642 6711101
642 2711301
642 1521101
642 2611201
642 2721301
642 6721901
642 6511311
642 1711301
642 6621101
642 6721301
642 2711301
642 6721311
642 1711301
642 3721101
642 6721201
642 6721311
642 3721101
642 2521301
642 5611101
642 6711301
642 2621201
642 6311301
642 5711101
642 6721201
642 2721301
642 6521101
642 6711101
642 3521101
642 3621101
642 5711211
642 1711101
642 6711301
642 5611101
642 3421311
642 6612301
642 2612101
642 2721301
642 3721101
642 2721301
642 2711301
642 6711101
642 3721101
642 6721201
642 5611101
642 2711301
642 2711301
642 6321211
642 5711111
642 6621111
642 6721301
642 6711101
642 6611101
642 2721301
642 2721201
642 3721111
642 6711201
642 1711301
642 5711101
642 3621101
642 3721201
642 1612201
642 1611101
642 6221301
642 6611101
642 6721901
642 2711301
642 2721901
642 6711901
642 1611301
642 6521001
642 2721901
642 6511101
642 1611301
642 6421101
642 6521111
642 6611301
642 6711311
642 6611301
642 3621101
642 6421211
642 6623101
642 6729301
642 2711101
642 6711101
642 5711101
642 6721001
642 6621101
642 6711301
642 6611101
642 6321111
642 2521311
642 6621301
642 6721111
642 2711101
642 2711101
642 5711101
642 5511101
642 5711101
642 6511101
642 6311111
642 6711201
642 7721001
642 1511201
642 6721301
642 7522001
642 6712101
642 6521201
642 3621111
642 6711101
642 5511101
642 5711111
642 5611111
642 3729301
642 2611301
642 6711301
641 5611911
642 6511301
642 2721901
642 2711901
642 2721901
642 6721901