661 2712101
661 6711301
661 2722201
661 6612901
661 1712101
661 5711101
661 1711311
661 1412301
661 2711111
661 1711211
661 1512101
661 2721301
661 6612901
661 6621101
661 1722101
661 2722301
661 6712301
661 6722301
661 2711101
661 1621101
661 6722901
661 3622101
661 6221311
661 5711111
661 2612301
661 6411301
661 1622301
661 6711911
661 6612301
661 6722301
661 6612201
661 6411311
661 6712301
661 6522101
661 6611301
661 1711101
661 3722201
661 3622201
661 2711101
661 6622201
661 6512901
661 5512101
661 3622201
661 2612301
661 6711911
661 6722001
661 3722301
661 1711211
661 1722201
661 3721101
661 1522101
661 6522101
661 6312301
661 6411311
661 6312301
661 2612201
661 1721101
661 6422101
661 6722301
661 6621101
661 5711111
661 5712101
661 5611111
661 6722101
661 6512301
661 1312301
661 5611111
661 6321311
661 3422201
661 6512301
661 5712101
661 5712101
661 1522101
661 5611111
661 6611301
661 3722101
661 6722101
661 6722101
661 1621101
661 6621101
661 1722201
661 6522301
661 6621201
661 6621211
661 2711301
661 3522201
661 7421011
661 3621111
661 4421111
661 3522101
661 6311111
661 6721211
661 6711901
661 6621311
661 5612101
661 6112301
661 3522101
661 6422301
661 4522101
661 6412101
661 3622301
661 6712301
661 2612901
661 1712101
661 6721101
661 5711111
661 3622101
661 6712101
661 6622101
661 2522901
661 2722101
661 2611101
661 5711101
661 3721101
661 3721211
661 2512301
661 2722301
661 6722301
661 2712301
661 6711301
661 6611311
661 4422201
661 6612101
661 6322301
661 4721211
661 6622301
661 6611111
661 3522301
661 3622201
661 6711301
661 5512101
661 6611201
661 6122201
661 5612101
661 6622201
661 6712201
661 3622201
661 6512301
661 3722101
661 2512301
661 2722301
661 5512201
661 6712301
661 5611111
661 6611101
661 5712101
661 5712101
661 5611101
661 5712101
661 6722301
661 5611111
661 6421111
661 5711111
661 6511311
661 1722101
661 1712301
661 6712301
661 2722301
661 6712201
661 3722101
661 3422201
661 5712101
661 6722101
661 3622101
661 1712201
661 6412301
661 7722001
661 6721301
661 3722101
661 7421011
661 1622101
661 6712101
661 5612101
661 6611101
661 6612201
661 1611211
661 2722301
661 6411311
661 2711301
661 6721311
661 6321101
661 6711301
661 6422101
661 5612101
661 5612101
661 3623301
661 3421111
661 6322101
661 2712201
661 6612301
661 1511301
661 6312101
661 1721211
661 5611101
661 6722301
661 6522101
661 2612201
661 6512201
661 2522301
661 6721301
661 6322901
661 6722001
661 5712101
661 5612101
661 3421211
661 1512101
661 2612201
661 6411111
661 6622901
661 6721001
661 6111311
661 6412301
661 5712101
661 6712101
661 1722101
661 3721101
661 5712301
661 7522001
661 3522201
661 6522101
661 5612101
661 1522201
661 2612301
661 6612101
661 6722101
661 1612201
661 3522201
661 6621311
661 1721311
661 5611101
661 2722101
661 3622101
661 6611101
661 5712101
661 2712201
661 3622101
661 6622101
661 2711311
661 3722101
661 7722001
661 3623111
661 7422001
661 1522301
661 6711301
661 6512301
661 6721911
661 5711111
661 1722301
661 5712101
661 5712101
661 6412901
661 1311311
661 2711301
661 3422101
661 2722101
661 1621901
661 6712201
661 6611311
661 3521111
661 5512101
661 4322301
661 3722201
661 6712301
661 6522201
661 6411911
661 1622301
661 3322101
661 7322001
661 6222201
661 6422101
661 6712001
661 6322101
661 1611201
661 5712101
661 6612301
661 6721101
661 1712101
661 6722101
661 6512901
661 6411111
661 6512301
661 2512301
661 5612101
661 1621211
661 2712301
661 5611111
661 1411211
661 7722001
661 1711301
661 6611311
661 6722901
661 6722001
661 6712901
661 6612101
661 3722101
661 6711301
661 6721311
661 6522301
661 6712301
661 5611111
661 3622101
661 2712101
661 1722301
661 6512301
661 6622301
661 5711101
661 6711101
661 3621911
661 6323101
661 2711311
661 6711311
661 2622301
661 6722301
661 6722901
661 6711901
661 2612301
661 6512901
661 1721901
661 6522901
661 6721901
661 6721911
661 6311311
661 6512201
661 5712101
661 6322901
661 6711911
661 6611201
661 6512001
661 6712101
661 2712101
661 5712101
661 2712901
661 1712901
661 5612101
661 5512101
661 4622101
661 3722201
661 1512301
661 6111311
661 6512201
661 5412101
661 1721301
661 6612101
661 1622301
661 4622301
661 2711301
661 6412101
661 5611101
661 3622101
661 6421101
661 6421301
661 1622301
661 6711301
661 6511111
661 6722301
661 2622301
661 3421211
661 5612101
661 5612101
661 5612101
661 2712301
661 5612101
661 6611301
661 2612301
661 4322101
661 4521211
661 5512201
661 6711301
661 2611311
661 2712201
661 6412101
661 6622301
661 5512101
661 5712101
661 4422101
661 3622201
661 3722201
661 1622301
661 1622301
661 1622301
661 3721201
661 2512301
661 1522201
661 6622101
661 6622101
661 6721111
661 4321111
661 5712101
661 3622101
661 2721301
661 6721111
661 6412101
661 3622201
661 4422201
661 2522301
661 6512301
661 6612201
661 1512201
661 6421211
661 6622301
661 4421111
661 3721101
661 1312201
661 3722101
661 5612101
661 7722001
661 6722101
661 2622101
661 1421211
661 6711911
661 5712101
661 6312301
661 7622001
661 4621211
661 2722301
661 1722301
661 6422301
661 6611111
661 3722201
661 3622201
661 2721101
661 3721101
661 1712101
661 6722901
661 5712101
661 2512301
661 6412101
661 6412101
661 5712101
661 3422201
661 3622101
661 2611311
661 6721111
661 5612101
661 6322101
661 2712201
661 7722001
661 3721111
661 6122301
661 6611201
661 2621201
661 6612101
661 6421311
661 6612301
661 5712101
661 1722901
661 3722101
661 6722901
661 6521111
661 6612101
661 1612201
661 2512201
661 6622201
661 1721111
661 6421111
661 6512301
661 6721111
661 1711111
661 6711311
661 6512301
661 6112101
661 6321111
661 5611111
661 5712101
661 3721201
661 1712101
661 6722201
661 1512201
661 3721201
661 5611101
661 6711311
661 2711301
661 6721201
661 3422101
661 3521911
661 6712101
661 6521201
661 1322301
661 6412901
661 5612101
661 6612101
661 2622101
661 3422301
661 7621011
661 6421311
661 6522101
661 1522301
661 2712301
661 6322301
661 3722101
661 2522201
661 6521111
661 5612101
661 3621311
661 4622201
661 5612101
661 2512101
661 3529111
661 3522101
661 6711101
661 2511301
661 2712301
661 6212301
661 3622901
661 2712901
661 5712901
661 6711911
661 6722901
661 5712901
661 2722201
661 1722101
661 5712101
661 3622201
661 5612101
661 6522101
661 3721111
661 6721911
661 6721111
661 1722201
661 6421311
661 6412201
661 3622101
661 6322101
661 6421211
661 6611311
661 6321111
661 3522101
661 6612201
661 2712301
661 3621211
661 6521111
661 6522201
661 5511101
661 5711101
661 6729001
661 6611111
661 1712301
661 3722101
661 2712301
661 6521311
661 6212301
661 6711201
661 6711301
661 6621101
661 3421111
661 6512901
661 6321911
661 5612101
661 6711311
661 6722101
661 6622301
661 6629101
661 5612101
661 6712201
661 6622201
661 4722101
661 6721101
661 6421111
661 6422101
661 6612901
661 2711301
661 5712101
661 1712101
661 3521211
661 2621311
661 6422901
661 2722301
661 5712101
661 6621301
661 2723111
661 6512101
661 5712101
661 5512101
661 6512101
661 6712101
661 2512301
661 3721301
661 6312101
661 3522201
661 6711301
661 3521211
661 6612101
661 5612101
661 6711211
661 6711911
661 5512101
661 6622201
661 6711311
661 3522101
661 6422101
661 2512301
661 6722101
661 3722201
661 3722201
661 2612301
661 6711011
661 5612301
661 2712201
661 3622301
661 3522101
661 6522101
661 5712301
661 3622301
661 2722101
661 2722101
661 2712301
661 1721311
661 6621211
661 5712101
661 5512101
661 6722101
661 3722201
661 6721111
661 4622201
661 3421111
661 6721011
661 6512901
661 1721201
661 6722101
661 6612101
661 5712101
661 6522101
661 6613101
661 1522201
661 2712101
661 2721111
661 6621211
661 2611101
661 5711101
661 2721311
661 6622101
661 2722301
661 5612201
661 2722101
661 1712101
661 6721201
661 6622301
661 6722301
661 6321111
661 3322301
661 6722901
661 3622101
661 4521111
661 6622101
661 6721301
661 5612901
661 3522201
661 6712901
661 6712901
661 5712901
661 6722301
661 1722301
661 6222101
661 7422001
661 6512901
661 5712201
661 1622101
661 2622301
661 1612201
661 6621101
661 4522201
661 6721111
661 6712301
661 3622201
661 2722301
661 6612201
661 3522101
661 6711111
661 6321111
661 6721911
661 3721211
661 1712301
661 6521211
661 3522101
661 5711101
661 5612201
661 6611301
661 3722201
661 1722201
661 3729111
661 3729101
661 1311101
661 3522101
661 6711101
661 1722201
661 3621201
661 6619111
661 6622101
661 2712101
661 2712101
661 2712201
661 6712201
661 6512201
661 3722301
661 3622101
661 3721101
661 6512201
661 1412201
661 6722201
661 4722101
661 6322201
661 2612201
661 3422101
661 6621911
661 6612101
661 6612201
661 6622101
661 1722201
661 2711301
661 1621101
661 5512101
661 6522201
661 5619311
661 5712101
661 6612301
661 6722101
661 6711101
661 6322101
661 6611101
661 6522901
661 6312101
661 6622101
661 5612101
661 3722101
661 6612301
661 3722101
661 5711101
661 7622001
661 5611111
661 2612201
661 1712201
661 6521111
661 2512301
661 5512101
661 5612201
661 6712901
661 2712201
661 3422201
661 2711301
661 5711211
661 5712101
661 1712101
661 5711211
661 6711101
661 1721201
661 3621211
661 6711311
661 5511211
661 2622201
661 6621301
661 5511111
661 6712101
661 7722001
661 2721201
661 6612201
661 6611311
661 2612301
661 6322201
661 5612101
661 6312201
661 2712301
661 1612301
661 6721101
661 1622201
661 6612201
661 6511311
661 3721101
661 6611311
661 3721201
661 6712301
661 6522201
661 2711211
661 6721901
661 6311201
661 5712201
661 1612201
661 5711201
661 2622201
661 1321301
661 5712101
661 6411111
661 6321111
661 5719101
661 2722901
661 6612901
661 6712901
661 6711301
661 6722901
661 2522901
661 6711301
661 6722901
661 6711901
661 6312301
661 1512201
661 5612101
661 4722301
662 3529101
662 6721111
661 2722901
661 3622201
661 3722101
662 3722201
662 2722301
662 3722101
662 3722101
662 3722101
662 2722301
662 6712301
662 2712111
662 6722301
662 6212301
662 6211311
662 6511211
662 2612301
662 1621201
661 6521301
662 1711111
662 1721911
662 7621011
661 6711201
661 6711301
662 3622101
662 3622101
662 5511111
662 6712301
662 6712201
661 5712301
661 6712201
662 6522301
662 3722201
662 2712101
662 2721301
661 7722001
661 1321311
662 5612101
662 6322101
662 6421111
662 2722101
662 3621101
661 5712901
662 6722201
662 1411211
662 3729111
662 3722201
662 1621311
662 6422201
662 1712101
662 6411311
662 5711111
662 6421111
662 7521011
662 6712201
662 6711111
662 3722201
662 6711101
662 6711101
662 6721201
662 3721101
662 6422101
662 3622201
662 6511211
662 6722101
662 5511101
662 3422201
662 5512101
662 6612301
662 6712301
662 2612301
662 5711101
662 7522001
662 6721311
662 2611301
662 5612101
662 6721311
662 6521211
662 3522201
662 7522001
662 3722101
662 2712101
662 6521311
662 2722301
661 5712101
662 5713101
661 5611101
662 6722201
662 6313201
662 6711101
662 2711911
662 6622301
662 5612101
662 5712101
661 5612101
662 6612201
662 5612101
661 5712101
662 1722201
662 3521211
662 3621111
662 6712901
662 7722001
662 3722101
662 7722001
662 7722001
662 1711201
662 2612301
662 7522001
662 3622101
662 1522101
662 6422101
662 5711111
661 2712301
662 5711211
662 5711201
661 6621311
662 6722211
662 3622101
661 6612301
662 2512301
662 1522101
662 6711101
661 6712901
661 2712901
662 1612101
662 5711201
662 5512101
662 5719911
662 6429911
662 5711111
662 6722901
662 6712201
662 6622201
662 5512101
662 6622201
662 6621311
662 6721311
662 3721101
662 3721101
662 6511111
662 6312301
662 6721101
662 6711201
662 6621301
662 6711111
662 2712301
662 6721311
662 6722101
662 3721101
662 3522101
662 6721101
662 1622201
662 6711301
662 2712301
662 5612101
662 1722301
662 5711111
662 2711201
662 3722101
662 5712101
662 1712101
662 4522101
662 3621111
662 5612101
662 6711201
662 6529211
662 2612301
662 3622201
662 7622001
662 3721111
662 6711111
661 5712101
661 1622101
661 6522301
661 6722201
661 6412101
661 2711301
661 6512901
661 3722201
661 2722301
661 1712101
661 6722101
662 6422301
662 2712101
662 3722301
662 2711311
662 6622201
662 3622201
662 3521201
662 6321211
662 6612101
662 2722301
662 6312101
662 6312101
662 3721201
662 2612301
662 5619911
662 3721211
662 2521311
662 5612101
662 5512101
662 6711311
661 6721911
662 3622301
662 6721101
662 6522901
662 2322101
662 1512101
662 5611111
662 2722301
662 6521111
662 1712101
662 6629301
661 6522901
661 6712901
661 6222901
661 2722901
661 6712901
661 5712901
661 6512901
661 6612901
662 6622101
662 2711301
662 2622301
662 5611111
662 6522201
662 7522001
662 2622301
662 6512101
662 5712101
661 1721901
662 4522201
662 6721201
662 6712101
662 3522101
662 2721211
662 6721111
662 6722301
662 5612101
662 2722201
662 6722101
662 5611111
661 6711111
662 4521201
662 1712101
662 6612001
662 1711301
662 5612101
662 2521301
662 5719211
662 3422201
662 5712101
662 5612201
662 6721301
662 3421211
662 2622201
662 6621211
662 2612301
662 2721101
662 3621101
662 6722301
662 6622301
662 6322101
662 6711101
662 5512101
662 5611211
662 6611011
662 2612301
662 6622201
662 6722301
662 6719111
662 6611111
662 6612101
662 6312101
662 2721211
662 6721301
662 6711111
662 6322111
661 3722201
662 3723101
662 1621111
662 6711301
662 5711101
662 2622101
662 4322301
662 6411311
661 5612101
662 2511301
662 6512301
662 1421211
662 2612201
662 6612201
662 5512201
662 5712101
662 6311211
662 6511011
662 2412301
662 6512201
662 5712101
662 5712101
662 6721111
662 5712101
662 2722101
662 5712101
662 2512301
662 6711111
662 1512301
662 6421111
662 6521311
662 6512301
662 2622301
662 3622101
661 6612301
661 6611211
662 5712101
662 5612101
662 3422101
661 6511311
662 2721101
662 6411311
662 6321111
662 3621101
662 3722101
662 6711111
662 2612201
662 6522101
662 3621211
662 6522301
662 3622201
662 6611311
662 6712301
662 6622201
662 5612101
662 5611111
662 6722201
662 6519111
662 6612201
662 3722101
662 6622101
662 6611311
662 1721311
662 6712101
662 6521111
662 1712101
662 3422201
662 1512301
662 6612301
662 6511911
662 3622101
662 6722301
662 1612201
662 6712201
662 6712301
662 6722901
661 2712301
662 1722301
662 6712301
662 6611311
662 6622301
662 7722001
662 1422301
662 6722201
662 2622301
662 1722101
662 2722201
662 3522301
662 5712101
662 2612301
662 2722101
662 2612301
662 5712101
662 6721001
662 5612101
662 2722301
662 5711111
662 5712101
662 3722101
662 2612201
662 6321211
662 6712301
662 1512301
662 2611301
662 6612901
662 6711301
662 6622101
662 6723301
662 6522101
662 4621111
662 3421211
662 1621301
662 2712301
661 5711111
662 1712201
662 6711911
662 6612301
662 1722201
662 6722901
662 6722901
662 1612901
662 2422301
661 6712301
661 5712101
662 7621011
662 2622301
662 5612901
662 3722901
662 6721311
662 2711311
662 3622101
662 3522301
662 3622101
662 6422201
662 2722301
662 5712101
662 6722901
662 1711201
662 6622201
662 3622101
662 5512101
662 3721111
662 6712201
662 2522301
662 6612101
662 2612101
662 6421111
662 2722301
662 6711101
662 1722101
662 6722301
662 1522201
662 3522301
661 6722301
662 6622101
662 1711201
662 6712101
662 6722101
662 6712101
662 2722301
662 2712201
662 5612101
662 6612301
662 6422301
662 2512301
662 6712301
662 2712301
662 5711101
662 5612101
662 1712101
662 2712901
662 5612101
662 3721101
662 6721211
662 1719211
662 6521111
662 2712301
662 6522301
662 5712101
662 1312101
662 3522201
662 6412101
662 5712101
662 6612301
662 2612301
662 2522301
662 5711211
662 1512301
662 6612301
662 5612101
662 6412301
662 6721901
662 1512101
662 2712301
662 6712201
662 2722101
662 6721311
662 6713311
662 1622101
662 1621211
662 6622201
662 6611201
662 6321111
662 1622201
662 6522101
662 6322201
662 5712101
662 6422901
662 1722301
662 7722001
662 3522201
662 1721101
662 6422301
662 3722101
662 6712101
662 6712101
662 6721901
662 6512301
662 2611101
662 6722301
662 4721101
662 4322201
662 6712101
662 3522201
662 5612101
662 5719111
662 1722301
662 6611201
662 2611201
662 4521201
662 3321211
662 5712101
662 2722201
662 3721101
662 7522001
662 6312101
662 5612101
662 3421111
662 7522001
662 4722201
662 5711111
661 6322101
662 6611211
662 3622201
662 6522311
662 6521311
662 6512101
662 6512101
662 2721311
662 6521211
662 6712901
662 3722101
662 2612301
662 1612101
662 2712301
662 7521011
662 3722101
662 5512101
662 6422301
662 6319101
662 6712301
662 6712901
662 1722201
662 7722001
662 4321311
662 6722301
662 6712101
662 6711101
662 6422101
662 6722101
662 5612101
662 3521911
662 6522101
662 5719911
662 5719901
662 6621111
662 1622301
662 1711211
661 5712101
662 7621011
662 6719211
662 5711101
662 6111311
662 1712101
662 7722001
662 7723001
662 6712201
662 6522301
662 5512101
662 3621211
662 6519301
662 3421111
662 6512201
662 6422301
662 2711211
662 3721111
662 6612301
662 5712201
662 5612201
662 5712201
662 6722301
662 6722301
662 6612301
662 5611111
662 5712101
662 6721911
662 4322111
662 1711211
662 1721201
662 1722301
662 6712101
662 6622301
662 3722101
662 5712101
662 3722101
662 6321111
662 6722101
662 6421111
662 2712201
662 2722201
662 3722201
662 6322901
662 6521111
662 6711301
662 6622101
662 3723201
662 1512301
662 6722901
662 2722101
662 2722301
662 3629111
662 3422101
662 2722201
662 1312101
662 2622201
662 6612101
662 5612101
662 5612101
662 2712901
662 3621901
662 6412201
662 1522111
662 1712901
662 6722901
662 6522301
662 2722301
662 1722201
662 3622101
662 4321301
662 2512301
662 6722301
662 2722301
662 2722201
662 6311311
662 5611111
662 6722301
662 4622101
662 6422201
662 3721101
662 3722101
662 6712301
662 6421111
662 6713101
662 2621301
662 5712101
662 6721101
662 5612201
662 3622101
662 6621111
662 5711111
662 2612301
662 5512101
662 6521211
662 7622001
662 3721111
662 6322101
662 6521211
662 3622101
662 2712301
662 6621311
662 3722201
662 6712101
662 2712101
662 6712101
662 6611311
662 6722901
662 6711311
662 6522901
662 6622301
662 1512201
662 1612201
662 6412101
662 2712101
662 6621311
662 5612101
662 1712201
662 3722101
662 6722901
662 1712301
662 2722101
662 6621211
662 6712201
662 6612301
662 6422101
662 1522201
662 5712101
662 6511111
662 6511111
662 5711111
662 6422201
662 1712301
662 6722901
662 2612301
662 6522301
662 3422301
662 6611211
662 2622301
662 6621111
662 6722201
662 6722301
662 6319311
662 1422301
662 6521211
662 1512301
662 5712101
662 6511301
662 2622101
662 3722201
662 6721201
662 1622101
662 2722301
662 3622101
662 1712301
662 2712301
662 3322301
662 3722101
662 6421311
662 6711211
662 7422001
662 6722101
662 6712101
662 6621211
662 6312101
662 6312301
662 5712101
662 6621201
662 6721211
662 1712301
662 3622201
662 6612101
662 6522301
662 5612101
662 6622301
662 6712901
662 3722201
662 6512201
662 6713011
662 6512201
662 2712201
662 5712101
662 3621211
662 6111311
662 6721101
662 1622101
662 5711111
662 2711201
662 2722101
662 5612101
662 5619901
662 5619901
662 5712901
662 3621111
662 4722201
662 5612201
662 3722101
662 6521311
662 6622301
662 6322301
662 6722901
662 6222301
662 6522301
662 3622201
662 1622101
662 5612101
662 6512101
662 2722301
662 6611301
662 5612101
662 3622301
662 3622301
662 6712101
662 2512301
662 6522101
662 3722201
662 3522201
662 3722201
662 6422201
662 6311311
662 2712301
662 5612201
662 2712301
662 1711211
662 2712301
662 5612301
662 7722001
662 6612901
662 6612301
662 3722101
662 7721011
662 1712201
662 5611111
662 3422201
662 2612901
662 6712901
662 5711911
662 2622901
662 6712901
662 2721901
662 3622201
662 5712901
662 6721311
662 7622001
662 7421011
662 5712101
662 1612101
662 6611311
662 3522201
662 6722301
662 1612311
662 6611111
662 1321211
662 6221111
662 3722201
662 2612901
662 2612301
662 5711201
662 4622201
662 6722901
662 6622201
662 3722301
662 1722101
662 7421011
662 6722301
662 6612301
662 6712301
662 6612001
662 2612101
662 6611101
662 6412111
662 6311111
662 7722001
662 7622001
662 6512301
662 1411311
662 5512101
662 7721001
662 7721001
662 6611101
662 6622901
662 6522201
662 6712211
662 6722201
662 6722101
662 6719111
662 7421011
662 6622301
662 5612101
662 1712301
662 2612201
662 2612301
662 3621111
662 7521011
662 2711311
662 2712301
662 6722101
662 2712301
662 6711311
662 6521101
662 6712301
662 3621111
662 6422101
662 2722101
662 6211911
662 1712201
662 1712101
662 1711101
662 5711211
662 1722201
662 6621311
662 6421311
662 7521011
661 6722201
662 5511111
662 6413201
662 6612101
662 6612301
662 3521211
662 6421111
662 6521101
662 2622301
662 3622101
662 6321111
662 6611301
662 1712901
662 5612101
662 3522301
662 6612301
662 5711111
662 2711201
662 7722001
662 6321111
662 6712001
662 5612101
662 6622101
662 6712201
662 1721301
662 6711311
662 6722101
662 3722101
662 6712301
662 2721111
662 2712201
662 4322101
662 6711311
662 6622101
662 2622101
662 6421211
662 6612101
662 3622101
662 7622001
662 2711301
662 6621301
662 6622101
662 3622201
662 3622101
662 2721311
662 6612001
662 6211111
662 6613301
662 5712101
662 6523201
662 6421111
662 3622201
662 1612201
662 6612001
662 5612101
662 3721101
662 1722201
662 6512901
662 3721111
662 3621111
662 5611111
662 6621111
662 3722201
662 6621311
662 1711301
662 6722301
662 6721911
662 2712901
662 4322101
662 1622101
662 6711101
662 1521101
662 6712101
662 2712301
662 1612101
662 2622301
662 6512301
662 3522101
662 5612101
662 6611301
662 6511211
662 6511211
662 6712301
662 1722301
662 1622201
662 6311211
662 5612101
662 6211311
662 1611211
662 1611211
662 1611211
662 5612101
662 5712901
662 6722201
662 6712301
662 3522101
662 3721201
662 5612301
662 5611101
662 1622101
662 1622101
662 1711211
662 3622101
662 2621301
662 6612301
662 6721211
662 5712201
662 6621311
662 5612301
662 2612301
662 5612201
662 6622101
662 6722301
662 1622201
662 3722101
662 1422201
662 6522901
662 6422101
662 6611911
662 6711211
662 3622201
662 1521101
662 1712101
662 1711111
662 5711111
662 6619311
662 3621111
662 5711111
662 6621311
662 5712101
662 6512201
662 3721101
662 6712201
662 6611201
662 6713111
662 7722001
662 3722101
662 3622101
662 2722101
662 6311111
662 1611211
662 6529911
661 6612101
662 2721301
662 6722101
662 2622201
662 1412301
661 2522901
662 6712301
662 2712101
662 6612101
662 6612001
662 6721911
662 1422901
662 6521901