 71 6313101
 71 3521101
 71 6621101
 71 6721201
 71 6611011
 71 5711111
 71 6621101
 71 3621101
 71 2712301
 71 3721201
 71 6321201
 71 6621101
 71 7722001
 71 3621101
 71 7721001
 71 6611101
 71 6321201
 71 1712201
 71 6511101
 71 3321101
 71 5711101
 71 6321301
 71 6621301
 71 7521001
 71 3521101
 71 4429111
 71 3521101
 71 3722301
 71 6421101
 71 6721101
 71 1421201
 71 3421101
 71 1611201
 71 1411201
 71 5711101
 71 7421001
 71 6711301
 71 5611101
 71 7721001
 71 6321201
 71 6712201
 71 1511101
 71 3621101
 71 6612301
 71 2511201
 71 3721101
 71 3721201
 71 6322301
 71 6621201
 71 3721101
 71 6621101
 71 1611101
 71 6511101
 71 6321201
 71 2721101
 71 3621101
 71 6411101
 71 5611101
 71 6611101
 71 2411101
 71 5711201
 71 2711301
 71 6421201
 71 5711101
 71 3421101
 71 6721201
 71 6613101
 71 5611101
 71 3721101
 71 5611101
 71 2611201
 71 6711201
 71 5711101
 71 5611101
 71 6321301
 71 6711101
 71 1621101
 71 6723311
 71 4421101
 71 5611101
 71 6621101
 71 2621101
 71 6721101
 71 3722201
 71 5711101
 71 7521001
 71 6621101
 71 6611301
 71 3621101
 71 3421201
 71 1721201
 71 2721301
 71 6521101
 71 6611101
 71 6721101
 71 3421201
 71 7421001
 71 5711101
 71 5611201
 71 5711101
 71 6621101
 71 3521101
 71 3521201
 71 5611101
 71 5711101
 71 3421211
 71 3721101
 71 6611201
 71 6621101
 71 6721301
 71 6721101
 71 6711301
 71 3521101
 71 1611101
 71 6721101
 71 6721101
 71 5611101
 71 5611101
 71 1521101
 71 5711201
 71 5711101
 71 5711201
 71 6611301
 71 6311101
 71 6721101
 71 3421101
 71 6721911
 71 6711201
 71 1723301
 71 6512101
 71 7521001
 71 3621201
 71 5711101
 71 6311101
 71 6521101
 71 6521101
 71 6421901
 71 6321101
 71 6611001
 71 6621301
 71 1711301
 71 1711301
 71 1721301
 71 1721201
 71 1723301
 71 6711101
 71 3721101
 71 6721301
 71 1721201
 71 6711201
 71 2711201
 71 5611101
 71 6721111
 71 5711104
 71 6321101
 71 6323301
 71 6711101
 71 6522301
 71 6321101
 71 3421101
 71 3521101
 71 7721001
 71 6311101
 71 6621201
 71 6411101
 71 3722201
 71 6722301
 71 6711101
 71 6711911
 71 6622901
 71 3721201
 71 5611101
 71 1712301
 71 1321201
 71 6311101
 71 1711301
 71 6711101
 71 5611101
 71 5711201
 71 1711301
 71 6611301
 71 7721001
 71 6511101
 71 6711101
 71 6521101
 71 6421101
 71 1611301
 71 3721211
 71 2711311
 71 2721301
 71 3621201
 71 1711101
 71 2711201
 71 6721301
 71 6711101
 71 6721301
 71 3621101
 71 2711311
 71 5611101
 71 3621201
 71 6421101
 71 6321301
 71 6619101
 71 6621101
 71 6611101
 71 2611301
 71 6611301
 71 6411201
 71 6611201
 71 6711301
 71 3621101
 71 6521101
 71 6611001
 71 5711201
 71 7421001
 71 5711101
 71 3521101
 71 5611111
 71 5511101
 71 5711101
 71 6621101
 71 6712101
 71 2723101
 71 1721101
 71 3721101
 71 6521101
 71 6721301
 71 3621201
 71 3621101
 71 6711101
 71 5711201
 71 3521101
 71 2621301
 71 2711301
 71 7621001
 71 1712201
 71 6711101
 71 3522101
 71 5711201
 71 5712201
 71 2711301
 71 6621301
 71 1721211
 71 2512201
 71 6711201
 71 5711201
 71 6621201
 71 6611201
 71 6321201
 71 6311101
 71 5711111
 71 5611101
 71 6721101
 71 2611101
 71 3421101
 71 6711101
 71 1721901
 71 6721101
 71 1721101
 71 6611201
 71 5613101
 71 7721001
 71 3621201
 71 7621001
 71 7521011
 71 3621101
 71 5611101
 71 5611101
 71 6711101
 71 6712001
 71 1422301
 71 6611111
 71 3621101
 71 3723101
 71 7721001
 71 6711101
 71 3421101
 71 7423001
 71 3621101
 71 6711101
 71 6521201
 71 5611101
 71 3621201
 71 3529101
 71 5712101
 71 6611201
 71 6712101
 71 5711101
 71 6522101
 71 6411201
 71 3421101
 71 2721201
 71 3421101
 71 5611101
 71 6511101
 71 6512301
 71 1713201
 71 1521101
 71 3721101
 71 3421201
 71 6711101
 71 6121201
 71 6711101
 71 6511101
 71 5711101
 71 6621201
 71 1511201
 71 6621301
 71 1521101
 71 3521201
 71 6211301
 71 6721301
 71 6721101
 71 6321101
 71 6511201
 71 6711201
 71 3621111
 71 7521001
 71 6721101
 71 6411101
 71 5611101
 71 1521101
 71 1321301
 71 6521101
 71 3621101
 71 6711101
 71 6721101
 71 5711101
 71 3422101
 71 1521301
 71 1511311
 71 3721111
 71 2721201
 71 6611101
 71 4521101
 71 6712301
 71 2711201
 71 2511301
 71 6721301
 71 6711301
 71 6721101
 71 5711101
 71 2611301
 71 6611001
 71 6721301
 71 5711101
 71 6521101
 71 6523101
 71 3522201
 71 6311101
 71 6711101
 71 6711901
 71 5711101
 71 5712301
 71 6521201
 71 7521001
 71 2711201
 71 3521101
 71 6621101
 71 2721101
 71 5711201
 71 6421101
 71 6721001
 71 6721201
 71 5712101
 71 6721301
 71 1721201
 71 1611201
 71 1722101
 71 3621101
 71 6721301
 71 5511201
 71 6721101
 71 3529101
 71 6521301
 71 6721301
 71 7529001
 71 6511101
 71 6711101
 71 7721001
 71 6511101
 71 5511201
 71 3321101
 71 3521201
 71 4621101
 71 3621101
 71 6521101
 71 6411101
 71 1721301
 71 6712901
 71 6621101
 71 7721001
 71 2721101
 71 6722301
 71 6712901
 71 6721201
 71 2712301
 71 6723101
 71 5511101
 71 1721101
 71 3521101
 71 5711201
 71 6711101
 71 5511201
 71 3521101
 71 3521101
 71 6511101
 71 6321211
 71 2621101
 71 6611101
 71 3721101
 71 3721201
 71 2511201
 71 3423201
 71 6611101
 71 6321201
 71 7621001
 71 4721201
 71 3721201
 71 6511201
 71 5611101
 71 1722201
 71 5711101
 71 5511101
 71 5711101
 71 7421001
 71 3421101
 71 7521001
 71 6713101
 71 5712101
 71 6711101
 71 6511301
 71 1721101
 71 1721101
 71 4621301
 71 5711101
 71 5612101
 71 6611101
 71 3721101
 71 5711101
 71 3721101
 71 5611101
 71 5611101
 71 6521101
 71 2511201
 71 6511101
 71 5712101
 71 5611101
 71 5511101
 71 3721101
 71 3721101
 71 1411101
 71 3721201
 71 6711101
 71 6711301
 71 6721101
 71 6721901
 71 6511901
 71 6721301
 71 6621901
 71 6721911
 71 6411901
 71 6311311
 71 1712111
 71 6611101
 71 6711301
 71 6711301
 71 2713901
 71 6311101
 71 6611101
 71 6421901
 71 7521001
 71 6321101
 71 2722101
 71 5711201
 71 7521001
 71 5711201
 71 1721901
 71 6421101
 71 1621201
 71 5712201
 71 5711111
 71 6522101
 71 6421201
 71 6711901
 71 6621101
 71 5711101
 71 5611101
 71 2721311
 71 5611101
 71 6321301
 71 6311101
 71 6511301
 71 6321101
 71 1721201
 71 6711301
 71 1723101
 71 6411101
 71 4421101
 71 3721101
 71 3721101
 71 3422201
 71 3621101
 71 6511111
 71 6621301
 71 6521201
 71 2721101
 71 2711201
 71 3621201
 71 7721001
 71 7721001
 71 6611111
 71 1611201
 71 5611101
 71 5611101
 71 5611101
 71 6611101
 71 6319101
 71 6711201
 71 5712201
 71 5711101
 71 6221311
 71 1511101
 71 6713301
 71 3623101
 71 6711101
 71 6711101
 71 5611101
 71 6711101
 71 6621301
 71 6621101
 71 5711101
 71 6711201
 71 6321101
 71 6411101
 71 3621201
 71 2721101
 71 6311101
 71 2511101
 71 6421101
 71 6611101
 71 2612301
 71 2721101
 71 3421201
 71 6511101
 71 5711101
 71 6721101
 71 5711201
 71 6321301
 71 6621101
 71 3621101
 71 3521101
 71 3721201
 71 7721001
 71 7721011
 71 6721201
 71 6521201
 71 6711101
 71 7421001
 71 6611101
 71 5511201
 71 6411111
 71 6521101
 71 6711101
 71 3521101
 71 3721101
 71 7621001
 71 6621101
 71 3721201
 71 6621111
 71 6621111
 71 6321101
 71 3421101
 71 1721301
 71 7521001
 71 6721101
 71 5511101
 71 6621211
 71 5712301
 71 5611111
 71 6711101
 71 5411901
 71 5711101
 71 3721101
 71 2511301
 71 6721301
 71 6311201
 71 6621301
 71 3521101
 71 6721201
 71 1619901
 71 6721101
 71 5611201
 71 6321201
 71 1711101
 71 7521001
 71 6611301
 71 2612301
 71 1722901
 71 1722901
 71 2711201
 71 6411201
 71 6311201
 71 1621101
 71 2723301
 71 5611101
 71 6623101
 71 6611101
 71 7521001
 71 3421101
 71 3721101
 71 3721201
 71 3621201
 71 6711101
 71 5519101
 71 6711001
 71 5711101
 71 6711201
 71 6321211
 71 6622201
 71 1711301
 71 1711101
 71 6611101
 71 2723301
 71 1721201
 71 6621301
 71 6411911
 71 5711111
 71 6311101
 71 6411301
 71 2711301
 71 6721301
 71 6711101
 71 5711101
 71 6219201
 71 3721301
 71 6611101
 71 3421101
 71 3729101
 71 7721001
 71 1622104
 71 3721201
 71 6611201
 71 6711201
 71 7521001
 71 7621001
 71 3721101
 71 6721301
 71 6511201
 71 6722101
 71 2721201
 71 6521101
 71 6611101
 71 5611101
 71 5612101
 71 3421101
 71 2523301
 71 6221101
 71 5611101
 71 6611101
 71 6621201
 71 6621301
 71 6321101
 71 6711301
 71 6711201
 71 6711201
 71 3521101
 71 6621101
 71 6311101
 71 5611101
 71 6511301
 71 6711901
 71 2621101
 71 6421101
 71 3323101
 71 5611201
 71 5711201
 71 6121101
 71 2713901
 71 2711901
 71 6711901
 71 6721901
 71 3521101
 71 3621201
 71 6711101
 71 6721001
 71 2721901
 71 6721901
 71 6321101
 71 6611301
 71 7621001
 71 6711101
 71 3721201
 71 6711901
 71 2721311
 71 1721901
 71 7621001
 71 3521101
 71 3621101
 71 5711101
 71 6321101
 71 5611101
 71 6711301
 71 5611101
 71 3521201
 71 6721201
 71 6321301
 71 3721101
 71 6411901
 71 3721101
 71 3721101
 71 5611101
 71 6311101
 71 6721101
 71 6611301
 71 2621101
 71 6311101
 71 5611101
 71 5611101
 71 5711111
 71 2721901
 71 6711101
 71 6711901
 71 3722101
 71 3622101
 71 6321101
 71 5611111
 71 2511901
 71 5711101
 71 6321101
 71 6711101
 71 6611301
 71 7521001
 71 3622201
 71 2712301
 71 3721101
 71 5711301
 71 6722901
 71 5612301
 71 6711301
 71 6721301
 71 5511201
 71 6721101
 71 6721301
 71 6621201
 71 3721101
 71 3521101
 71 6511101
 71 6719201
 71 3721301
 71 6711101
 71 3621111
 71 3421101
 71 6411101
 71 6721301
 71 2521304
 71 5711101
 71 5711101
 71 6721101
 71 6621101
 71 6711101
 71 6521201
 71 2721101
 71 6721201
 71 5611101
 71 6621101
 71 6711001
 71 2721301
 71 5611101
 71 2721301
 71 6721301
 71 6723101
 71 6511101
 71 6521201
 71 6721301
 71 6711311
 71 3521101
 71 6711901
 71 6511111
 71 3621101
 71 3321101
 71 5611101
 71 1721901
 71 6711301
 71 2612201
 71 5611101
 71 6311101
 71 3621101
 71 3621101
 71 7621001
 71 6721201
 71 6621101
 71 6611101
 71 6521104
 71 5611101
 71 3621201
 71 3522301
 71 3721111
 71 5611101
 71 7721001
 71 6721301
 71 5611101
 71 6721101
 71 2711201
 71 6711301
 71 2721301
 71 1511101
 71 6711001
 71 7721001
 71 6721101
 71 2721301
 71 3521201
 71 5711101
 71 3621101
 71 1613101
 71 6611201
 71 7621001
 71 6711301
 71 5511101
 71 6721901
 71 3421201
 71 2721301
 71 6421101
 71 6621301
 71 6411101
 71 3521201
 71 6321101
 71 6321101
 71 5613101
 71 3621101
 71 3521101
 71 7521001
 71 6321901
 71 6311101
 71 1721101
 71 3721201
 71 6611101
 71 7621001
 71 6521301
 71 6721301
 71 7721001
 71 6721001
 71 6611201
 71 6613101
 71 6711101
 71 3521201
 71 6311101
 71 7721001
 71 6721101
 71 3529101
 71 6411201
 71 2711311
 71 6621201
 71 2711311
 71 5711101
 71 6721901
 71 5511101
 71 6311101
 71 3721201
 71 2611201
 71 6721901
 71 6711101
 71 3521101
 71 3522101
 71 1712111
 71 6321101
 71 2721301
 71 2612201
 71 6411101
 71 6421201
 71 3721201
 71 2613201
 71 6411101
 71 6721101
 71 2722301
 71 6721101
 71 1711101
 71 6411101
 71 3721201
 71 6721301
 71 6721901
 71 4321101
 71 5712101
 71 1711301
 71 5711111
 71 5711101
 71 3521101
 71 3421101
 71 1511101
 71 6321101
 71 6721101
 71 3621201
 71 3722201
 71 1621201
 71 5712901
 71 6721901
 71 5711901
 71 6721901
 71 5711901
 71 5711101
 71 3621201
 71 6711101
 71 6721101
 71 6621101
 71 1521101
 71 5611101
 71 2721301
 71 6711101
 71 3521101
 71 7521001
 71 6721001
 71 2711901
 71 5511101
 71 6711001
 71 6311901
 71 6621001
 71 3721201
 71 6611201
 71 2711201
 71 7521001
 71 3721101
 71 6421301
 71 7421001
 71 6321201
 71 6421101
 71 6321101
 71 2712101
 71 6721301
 71 5711201
 71 6721201
 71 5411101
 71 7721001
 71 1711111
 71 6721101
 71 3621101
 71 3321101
 71 2611301
 71 6711101
 71 6711301
 71 5611101
 71 6721001
 71 6611101
 71 2721101
 71 6721301
 71 6612101
 71 6721201
 71 6721101
 71 5711101
 71 7721001
 71 6411101
 71 6611301
 71 1721201
 71 1721301
 71 6712301
 71 7721001
 71 6711301
 71 6511101
 71 2621201
 71 6322301
 71 6711101
 71 6521101
 71 1621101
 71 6311101
 71 6711101
 71 6721201
 71 5611101
 71 2721201
 71 5611301
 71 3521101
 71 7521001
 71 3721301
 71 2721301
 71 2622301
 71 6512301
 71 6521201
 71 3621101
 71 3521101
 71 6512101
 71 1711301
 71 6321101
 71 2721101
 71 3621101
 71 7523001
 71 6721101
 71 2512301
 71 6421311
 71 6712301
 71 6611101
 71 6712101
 71 2612301
 71 3721301
 71 3621104
 71 3521101
 71 5619101
 71 6713101
 71 6411201
 71 6521201
 71 6711101
 71 7621001
 71 3421101
 71 3421101
 71 2711201
 71 6611001
 71 2721201
 71 3721101
 71 2721101
 71 6611201
 71 6711301
 71 2722901
 71 3621201
 71 6221201
 71 1721111
 71 6621301
 71 1721301
 71 6511101
 71 5711101
 71 6721101
 71 4521201
 71 6311301
 71 5611201
 71 6321301
 71 2623301
 71 3721101
 71 6721211
 71 3521101
 71 6521301
 71 3623201
 71 2721301
 71 1712101
 71 5711101
 71 6721211
 71 3722101
 71 3721101
 71 6311101
 71 2521301
 71 6311101
 71 3521211
 71 3621101
 71 3421101
 71 7521001
 71 3521101
 71 5611101
 71 5711201
 71 6521101
 71 6711101
 71 3721101
 71 2711201
 71 6711301
 71 6723101
 71 2721301
 71 3621101
 71 2711101
 71 6311101
 71 6711301
 71 6411201
 71 5611101
 71 5611101
 71 6711001
 71 5711101
 71 7329001
 71 3721201
 71 6321101
 71 2711101
 71 1512301
 71 3721101
 71 7629001
 71 5711301
 71 3621101
 71 1721311
 71 3721201
 71 6711101
 71 6721101
 71 2621901
 71 2722201
 71 1611201
 71 2712201
 71 6511301
 71 6611201
 71 3723101
 71 7621001
 71 6321101
 71 6711301
 71 6511301
 71 1621201
 71 6511101
 71 5711201
 71 5611201
 71 6711101
 71 6721301
 71 6621311
 71 6611101
 71 6711101
 71 7521001
 71 3521101
 71 6321101
 71 2711301
 71 6722301
 71 7421001
 71 3321101
 71 6321101
 71 6712201
 71 5511101
 71 5519201
 71 7521001
 71 6511201
 71 6712901
 71 6711001
 71 5711301
 71 2711101
 71 3421201
 71 6611101
 71 6711101
 71 6521201
 71 3721101
 71 3421211
 71 6321101
 71 5511101
 71 2722201
 71 6429101
 71 2622301
 71 6629101
 71 5712901
 71 2711901
 71 1721901
 71 6721101
 71 6421101
 71 6421101
 71 6329101
 71 6721301
 71 6711901
 71 6521901
 71 6319111
 72 7421001
 72 6521201
 72 3621101
 72 6712301
 72 7521001
 71 5713201
 72 6221301
 71 6711301
 72 1711101
 72 3521101
 72 6521201
 72 6711901
 72 6511101
 72 5711101
 72 6321101
 72 7423001
 72 6711101
 72 6611101
 72 7521001
 72 3521101
 72 6721001
 72 6711301
 72 2721111
 72 6411301
 72 6721911
 72 6711101
 72 6711101
 72 3621101
 72 7521001
 72 3521101
 72 4321201
 72 3421111
 72 6711101
 72 6521101
 71 5711211
 72 3521211
 72 3721201
 72 3621101
 72 2711201
 72 5611201
 72 1711201
 72 5711101
 72 5619101
 72 6611101
 72 7622001
 72 2511201
 72 3622101
 72 6721101
 72 6621101
 72 1621301
 72 2721101
 72 6511301
 72 6711101
 72 6711101
 72 6321201
 72 6621101
 72 6721101
 72 6721101
 72 6521101
 72 1712301
 72 3521101
 72 6611301
 72 6411101
 72 2711201
 72 6712101
 72 6421111
 71 3421101
 72 1711201
 72 6421101
 72 6621101
 72 6311301
 71 3521101
 72 6711301
 72 5511101
 72 3621101
 72 5711101
 72 7723001
 72 2711301
 72 6611101
 72 6411301
 72 1321201
 72 1521101
 72 7623001
 72 3623101
 72 6712901
 72 6721301
 72 6711111
 72 6711101
 72 3621201
 72 1711101
 72 6523101
 72 5611101
 72 3321101
 72 7721001
 72 7421001
 72 6711101
 72 6611101
 72 6511301
 72 3423101
 72 6721901
 72 6323101
 72 6323101
 72 1622201
 72 3421101
 72 5711101
 72 3723201
 72 6311101
 72 5611101
 72 6722301
 72 6621101
 72 6521301
 72 2711301
 71 6721101
 71 6329101
 72 6711311
 72 6611201
 72 6421001
 72 3421101
 72 6611201
 72 6611001
 72 3721201
 72 3521101
 72 5711101
 72 6711101
 72 5711301
 72 2711201
 72 6421101
 72 6623301
 72 6721201
 72 6711101
 72 6621301
 72 6311101
 72 5711201
 72 6311101
 72 6411201
 72 3721201
 72 5711101
 72 5611101
 72 1611201
 72 6411301
 72 3721101
 72 6721201
 72 1721201
 72 6721311
 72 2612101
 72 2721201
 71 5711101
 72 6519311
 72 3721101
 72 6329101
 72 5611101
 72 6619101
 72 7421001
 72 6711101
 72 6721301
 72 6712201
 72 2721101
 72 2721901
 72 1611101
 72 6722301
 72 6721101
 72 7621011
 71 6611201
 72 6711101
 72 5611101
 72 5711101
 72 3521101
 72 3721101
 72 3721101
 72 6611001
 72 6511101
 72 6511101
 72 6721301
 72 5611201
 72 6711101
 72 3421101
 72 6711101
 72 7521001
 72 3721101
 72 6321201
 71 2611901
 72 5711101
 72 2713301
 72 5512101
 72 6611101
 72 5711101
 72 1721301
 72 5511101
 72 6611001
 71 5711101
 72 6521101
 72 3321101
 72 3521101
 72 3721101
 72 3521101
 72 1611301
 72 5711101
 72 3521101
 72 2711101
 72 3421201
 72 6722301
 72 1722101
 72 6619101
 72 6711101
 72 6621101
 72 6721201
 72 6721201
 72 6321201
 72 6511101
 72 6311101
 72 3721101
 72 6321101
 71 6721301
 72 6612301
 72 7721001
 72 6712101
 72 2711211
 72 6311301
 72 6611101
 72 6711101
 72 7521001
 72 6521101
 72 5511201
 72 3421101
 72 6621101
 72 3721101
 72 1723301
 72 2721301
 72 6521201
 72 6329901
 71 5611101
 72 7521001
 72 6721101
 72 6711901
 72 6611301
 72 3722101
 72 6321301
 72 6611001
 71 1621901
 72 1511201
 72 6611201
 72 3521101
 72 5711101
 72 5711101
 72 6321101
 72 6521201
 72 1721101
 72 2711301
 72 2721301
 72 1711201
 72 1311301
 72 6323101
 72 2721201
 72 6711101
 72 6621301
 71 6511901
 71 6712901
 72 5611101
 72 7421001
 72 2711301
 72 3621101
 72 3721101
 72 1421201
 72 2711101
 72 2711101
 72 7621001
 72 5711201
 72 7621001
 72 6321101
 72 7721001
 72 6522301
 72 6721301
 72 5611101
 71 5711101
 71 2722901
 72 1723201
 72 6711301
 72 2621301
 71 6711901
 71 6321101
 71 6721901
 71 6611201
 72 3721301
 72 6321201
 72 5611201
 72 6421101
 72 6321201
 72 5611101
 72 5711101
 72 6311101
 72 6511301
 72 3721101
 72 3721201
 72 6421101
 72 2622101
 72 6711301
 72 6722301
 72 5712101
 71 6521101
 72 6611311
 72 6311101
 72 6711101
 72 5611101
 72 3521101
 72 3521301
 72 6321101
 72 6721101
 72 6621101
 72 6111101
 72 3529101
 72 3521101
 72 3421101
 71 6621301
 72 6711101
 72 6721101
 72 6721301
 72 5711101
 72 5711101
 72 5711201
 72 5711101
 72 5711101
 72 5711201
 72 6411101
 72 1721201
 72 3621104
 72 2711311
 72 6521301
 72 3521201
 72 5611101
 72 3621101
 72 6612901
 72 2711311
 72 6311101
 72 6721101
 72 6711201
 72 6721101
 72 3421101
 72 6311101
 72 6711101
 72 6611301
 72 6721301
 72 1721101
 72 6421101
 72 6721101
 72 5711101
 71 2721311
 72 7721001
 72 3621101
 72 3521101
 72 3521101
 72 6721101
 72 6311101
 72 3521201
 72 3321201
 72 3723101
 72 6111301
 72 3623101
 72 1721211
 72 6721901
 72 6311101
 72 5611101
 72 6529101
 72 6621101
 72 7721001
 72 2721301
 72 6711201
 72 5711101
 72 5711101
 72 3621101
 72 2711301
 72 3721101
 72 3521101
 72 7521001
 72 2521301
 72 6621101
 72 6319101
 72 6321101
 72 6519101
 72 6421101
 72 6321101
 72 2711301
 72 2711311
 72 1611301
 72 1721301
 72 2711301
 72 1721301
 72 6711101
 72 6711101
 72 6721001
 72 6621111
 72 3721101
 72 6711001
 72 3721101
 72 1511201
 72 6711201
 72 3321201
 72 6721101
 72 6721101
 72 3421201
 72 6611301
 72 1711101
 72 6621101
 72 2722301
 72 5611101
 72 6722101
 72 6721101
 72 6521901
 72 6621301
 72 3721101
 72 3621101
 72 6511101
 72 6621201
 72 7621011
 72 3521101
 72 3521101
 71 5711101
 72 5711201
 72 6321101
 72 6111201
 72 3721101
 72 6311101
 72 6721301
 72 2611301
 72 3521101
 72 6611101
 72 6721101
 72 3721101
 72 6711301
 72 6321101
 72 6311101
 72 6521101
 72 3721101
 72 1621201
 72 7521001
 72 6411101
 72 2721301
 72 6711101
 72 6421101
 72 6721101
 72 6711201
 72 6721301
 72 5711101
 72 6621301
 72 1611101
 72 6712201
 72 1711211
 72 6721301
 72 5712101
 72 2712301
 72 3621201
 72 6621101
 72 6521901
 72 2721301
 72 1512201
 72 5611101
 72 6521101
 72 7622001
 72 6621301
 72 6321201
 72 3721101
 72 2511201
 72 6711301
 72 6523901
 72 6621101
 72 6711201
 72 6721101
 72 6711101
 72 6721201
 72 2712201
 72 1711101
 72 1721301
 72 2711301
 72 6711301
 72 3721101
 72 6711101
 72 6522101
 72 6712301
 72 3721101
 72 3721101
 72 3721201
 72 3422201
 72 5711101
 72 2722301
 72 6121101
 72 6711301
 72 6611001
 72 5711101
 72 6721301
 72 5711111
 72 6321101
 72 6711301
 72 1722201
 72 3721201
 72 6721301
 72 6721911
 72 2721211
 72 2721201
 72 6711101
 72 6611101
 72 6321201
 72 6721201
 72 2721301
 72 6721201
 72 5713301
 72 6311201
 72 1611301
 72 5711101
 72 3721101
 72 6712901
 72 5511101
 72 3621101
 71 6321301
 72 3321101
 72 6521101
 72 3423101
 72 6611101
 72 6611201
 72 6311101
 72 6321101
 72 3521101
 72 3621101
 72 6521201
 72 6711201
 72 6711001
 72 6411201
 72 6721201
 72 6721201
 72 3421201
 72 5612101
 72 6721301
 72 2721301
 72 6722901
 72 2512201
 72 6611201
 72 6713901
 72 2721901
 72 6711301
 72 2711901
 72 6711901
 72 6611201
 72 3621101
 72 6711101
 72 6711201
 72 6611301
 72 6621201
 72 5611201
 72 5611101
 72 6321201
 72 6621201
 72 5611101
 72 1521201
 72 2721201
 72 6511301
 72 6711201
 72 1511201
 72 2512201
 72 6721101
 72 3621101
 72 7421001
 72 5611101
 72 2421101
 72 6721101
 72 2711301
 72 6711101
 72 6721101
 72 6711901
 72 2721101
 72 6521201
 72 5611101
 72 6311201
 72 6321201
 72 3621101
 72 2721201
 72 6421101
 72 6721101
 72 3722101
 72 6611101
 71 6712301
 72 1721201
 72 2721301
 72 6621101
 72 6421111
 72 5712101
 72 6721301
 72 7521001
 72 7521001
 72 6321101
 72 7721001
 72 5511111
 72 2711301
 72 2621101
 72 6711101
 72 6711101
 72 6721101
 72 6511101
 72 6711201
 72 6722301
 72 1721101
 72 5611201
 71 6623901
 72 6711211
 72 6511201
 72 6621101
 72 6721111
 72 2721301
 72 6711301
 72 6711301
 72 6521101
 72 6621301
 72 3421201
 72 7721001
 72 3621101
 72 6511101
 72 6411101
 72 6711301
 72 2722101
 72 1711911
 72 2721301
 72 6711201
 72 2711101
 72 6621201
 72 6521101
 72 5611101
 72 5711201
 72 3721101
 72 3721101
 72 6311201
 72 6421101
 72 6711311
 72 6711311
 72 5511101
 72 6722301
 72 6311101
 72 6711301
 71 6321901
 72 6722301
 72 5711111
 72 6411101
 72 6511101
 72 6311101
 72 6511201
 72 2711301
 72 7721001
 72 6521211
 72 6311101
 72 3521101
 72 7721001
 72 3521101
 72 7521001
 72 3421201
 72 3721101
 72 6511101
 72 6711301
 72 6312101
 72 6721101
 72 6711311
 72 1712311
 72 6721111
 72 5711301
 72 6721301
 72 5612101
 72 2711101
 72 3521101
 72 6611101
 72 6711201
 72 3521201
 72 6421201
 72 6721901
 72 6711301
 72 2721301
 72 2721201
 72 6723201
 72 3621101
 72 6719101
 72 3721101
 72 2721311
 72 6611201
 72 6311101
 72 2711101
 72 6721201
 72 6711201
 72 6611101
 72 6711301
 72 6523201
 72 6411211
 72 3521101
 72 3521101
 72 6711101
 72 3621201
 72 3623201
 72 6721101
 72 6611101
 72 3721201
 72 1721201
 72 2721301
 72 6521101
 72 7721001
 72 3721101
 72 6711201
 72 6611101
 72 3721101
 72 3722301
 72 2622301
 72 6721301
 72 1711101
 72 1711101
 72 6711201
 72 6721301
 72 6721301
 72 6711301
 72 3521101
 72 3521101
 72 6321201
 72 3421201
 72 6621101
 72 6421201
 72 2723301
 72 6711301
 72 6611101
 72 6711201
 72 6721201
 72 3729101
 72 7621001
 72 7521001
 72 6611301
 72 6522901
 72 6711301
 72 6711901
 72 6621101
 71 6311201
 72 6621301
 72 6711101
 72 3621301
 72 3421201
 72 6621201
 72 6721301
 72 1611101
 72 1611101
 72 6521101
 72 3621301
 72 5511101
 72 2713201
 72 5712101
 72 6711201
 72 6621301
 72 6311211
 72 3723101
 72 3321101
 72 2711101
 72 5612101
 72 2712201
 72 5711101
 72 2711201
 72 5712101
 72 6711201
 72 5711111
 72 2711901
 72 1711201
 72 6711101
 72 2521301
 72 6423101
 72 3521101
 72 6621101
 72 6621201
 72 6411101
 72 6511201
 72 2721101
 72 1321201
 72 6311301
 72 2711301
 71 6511101
 72 6721301
 72 2711101
 72 3521301
 72 6711301
 72 6519104
 72 6421101
 72 3722101
 72 6712201
 72 3721101
 72 3721201
 72 3521201
 72 5711101
 72 5611101
 72 3621201
 72 2711301
 72 3723101
 72 5611201
 72 3521101
 72 5611101
 72 5611201
 72 6722101
 72 6611901
 72 2711901
 72 1611301
 72 6521101
 72 3523101
 72 6621101
 72 7521001
 72 6721001
 72 6711201
 72 6711901
 72 6621901
 72 3321201
 72 6711201
 72 5711101
 72 2711301
 72 2711301
 72 6711301
 72 5711111
 72 6721901
 72 5711114
 72 6711101
 71 6722901
 72 1621201
 72 6621101
 72 5712101
 72 6621101
 72 6311201
 72 6621301
 72 2521201
 72 6321201
 72 6421301
 72 2711201
 72 2722101
 72 6721101
 72 6721001
 72 1511101
 72 2722301
 72 3521101
 72 4321101
 72 7521001
 72 6711301
 72 6611301
 72 6621101
 72 3421101
 72 6712101
 72 6311101
 72 6721101
 72 1721311
 72 6611301
 72 1721101
 72 1621101
 72 3521101
 72 1721101
 72 2521101
 72 5612201
 72 3521101
 72 6721301
 72 2721301
 72 2721201
 72 6323201
 72 6321101
 72 6721301
 72 6611301
 72 6421201
 72 1711201
 72 2711201
 72 3521101
 72 6721301
 72 1711111
 72 6621101
 72 6521101
 72 5612101
 72 6712301
 72 6712101
 72 2711301
 72 6711101
 72 5711301
 72 2723301
 72 6722301
 72 6721901
 72 5711901
 72 6711101
 72 1721101
 72 6313101
 72 6621101
 72 6721301
 72 6611301
 72 6621101
 72 5711101
 72 6611101
 72 1321201
 72 6712901
 72 6411101
 72 3429101
 72 5711101
 72 6629101
 72 5611101
 72 5611101
 72 3721101
 72 7721001
 72 3721201
 72 3421101
 72 6611901
 72 6711101
 72 3621101
 72 6721201
 72 1711201
 71 5711901
 72 3721111
 72 6621201
 72 2721201
 72 3721101
 72 6711101
 72 2721101
 72 6421001
 71 5711101
 72 6711201
 72 6711101
 72 6711201
 72 3321101
 72 3321101
 72 6721301
 72 6711311
 72 6711201
 72 6311201
 72 6421301
 72 6523201
 72 6121301
 72 6622101
 72 5511101
 72 1711101
 72 3523101
 72 6321101
 72 6712101
 72 6511001
 72 6611101
 72 6711301
 72 3721101
 72 6721101
 72 7521001
 72 6321101
 72 7722001
 72 1521201
 72 2721101
 72 2721101
 72 5611101
 72 6711111
 72 6321111
 72 2612301
 72 5612101
 72 3522304
 72 6721301
 72 6721101
 72 6621111
 72 6712201
 72 6711301
 72 6622301
 72 6711301
 72 6323101
 72 5711101
 72 6711201
 72 2721201
 72 2721301
 72 3621101
 72 6511901
 72 6311201
 72 2711101
 72 6711001
 72 6511101
 72 6321201
 72 1611301
 72 3721201
 72 2711301
 72 1611101
 72 2711301
 72 6611301
 72 6712101
 72 2721111
 72 1721101
 72 3521101
 72 6611201
 72 6521101
 72 3721101
 72 6711001
 72 3721101
 72 6321101
 72 7521001
 72 6311111
 72 6311201
 72 6521101
 72 3721111
 72 6521101
 72 6711201
 72 6612301
 72 6711301
 72 6711301
 72 6711201
 72 6721101
 72 2622301
 72 6711201
 72 3421201
 72 3623101
 72 3721101
 71 6611901
 72 3621201
 72 3621101
 72 1721301
 72 1611301
 72 6622201
 72 5611101
 71 5611901
 72 6721101
 72 2712301
 72 2712301
 72 6321101
 72 6311301
 72 5611901
 71 6711001
 72 6721301
 72 1721301
 72 2711201
 72 1721301
 72 3721101
 72 3521101
 72 6622101
 72 6611201
 72 6413201
 72 6711901
 72 6311101
 72 6311101
 72 6721901
 72 6711301
 72 3721101
 72 6721101
 72 5511101
 72 2612201
 72 6721901
 72 3421101
 72 3721101
 72 2711301
 72 6311101
 72 7621011
 72 7621011
 72 6311101
 72 3521301
 72 5711101
 72 6721201
 72 6711101
 72 5611201
 72 5611101
 72 7421001
 72 3321101
 72 3521101
 72 3521101
 72 7521001
 72 6321101
 72 6721301
 72 3521101
 72 6521101
 72 7521001
 72 7721001
 72 6311201
 72 6511301
 72 6311101
 72 6721101
 72 1611301
 72 3721201
 72 2711301
 72 2721301
 72 7621001
 72 1711301
 72 5711101
 72 2611201
 72 6711101
 72 3721101
 72 5611201
 72 7421001
 72 6211101
 72 7521001
 72 6321101
 72 2711201
 72 7521001
 72 6421101
 72 6711201
 72 6611101
 72 6321101
 72 6419101
 72 6519101
 72 6622101
 72 6721311
 72 5611101
 72 6721301
 72 6211311
 72 5711101
 72 6723301
 72 3721301
 72 3522201
 72 6611311
 72 7623001
 71 6611101
 72 6621101
 72 3521301
 72 6611901
 72 6711101
 72 3621101
 72 3421101
 72 1611101
 72 6611201
 72 7622001
 72 6511201
 72 3521101
 72 2621201
 72 3721111
 72 6311101
 72 2711101
 72 6311101
 72 6711301
 72 2512301
 72 6611101
 72 6321101
 72 6321101
 72 6711111
 72 6611901
 72 6711101
 72 6721211
 72 3521101
 72 1513301
 72 2711101
 72 6711101
 72 7721001
 72 6721101
 72 6711301
 72 7721001
 72 7421001
 72 5711201
 72 5711101
 72 6311201
 72 6411201
 72 2712201
 72 3721201
 72 6311001
 72 6412301
 72 6711301
 72 3321101
 72 1621201
 72 7621001
 72 3721201
 72 6711201
 72 2721201
 72 5711101
 72 3521101
 72 2722301
 72 7521001
 72 5712101
 72 6311911
 72 6721901
 72 6612101
 72 6721311
 72 7421001
 72 6311101
 72 6711101
 72 3421101
 72 7721001
 72 6611201
 72 3521101
 72 3721101
 72 6321201
 72 3721301
 72 6721101
 72 6611201
 72 2721101
 72 6621101
 72 6623201
 72 6611101
 72 7521001
 72 1621201
 72 6612901
 72 6511101
 72 6311101
 72 6321301
 72 1721901
 72 1721901
 72 6711101
 72 7621001
 72 6711301
 72 6611101
 72 6311101
 72 6511101
 72 6621101
 72 6621201
 72 6421101
 72 6411101
 72 6522201
 72 6621301
 72 6411101
 72 6721101
 72 1722101
 72 6411301
 72 2721101
 72 5711301
 72 2511301
 72 5711301
 72 6411101
 72 2721301
 72 6721301
 72 6722301
 72 2711901
 72 6711301
 72 2711101
 71 6711301
 72 2712301
 72 4421101
 72 6711301
 72 2621301
 72 6623101
 72 6721201
 71 2621201
 72 2621201
 72 3721101
 72 2721101
 72 6711301
 72 2721301
 72 3521101
 72 6611301
 72 5711101
 72 2511301
 72 6421301
 72 5711101
 72 3721101
 71 2621301
 72 6421201
 72 5611201
 72 3721101
 72 6521201
 72 7723001
 72 2711301
 72 3721101
 72 6121101
 72 6711101
 72 5711301
 72 6711001
 72 5719111
 72 6711301
 72 1712301
 72 6713201
 72 6621101
 72 6611101
 72 6711301
 72 1721101
 72 6321101
 72 3523101
 72 3421111
 72 6711201
 72 3421201
 72 6411901
 72 5711101
 72 6311001
 72 1511301
 72 6321101
 72 5711101
 72 6623101
 72 5711101
 72 5711101
 72 5711101
 72 6721311
 72 5611101
 72 6721101
 72 6321101
 72 5711101
 72 6711101
 72 1711201
 72 1711101
 72 6722301
 72 6712901
 72 6711901
 72 1711201
 72 1711101
 72 1721901
 72 6711201
 72 6711101
 72 1721911
 72 6723901
 72 6721301
 72 6721301