701 3621101
701 4522101
701 3721301
701 6711901
701 1611211
701 3722201
701 6712101
701 3722101
701 6721101
701 6611301
701 3721211
701 4422101
701 1721201
701 2711301
701 5711101
701 2711201
701 6721301
701 6722101
701 1721101
701 5612101
701 6412301
701 1712301
701 6511201
701 1722201
701 6711301
701 3521201
701 5711101
701 6722301
701 2712301
701 6622301
701 2512301
701 2712301
701 6711201
701 3422101
701 1422101
701 6422101
701 6512101
701 3621101
701 6121301
701 1421211
701 6712101
701 7722001
701 5519101
701 3422201
701 1522301
701 6711101
701 6412101
701 6512201
701 2721201
701 2611301
701 5612101
701 7722001
701 6511311
701 2711301
701 3721101
701 2722301
701 3721201
701 1512101
701 6412101
701 2622301
701 2712101
701 1722301
701 1723101
701 1612201
701 1721101
701 6721301
701 2721301
701 3722201
701 3722101
701 5512101
701 6512301
701 6321111
701 6612201
701 1622201
701 3721301
701 7622001
701 6711001
701 1621101
701 2712301
701 6722301
701 6622301
701 3722101
701 2712301
701 6711901
701 6721201
701 6712101
701 2722301
701 6622201
701 2612301
701 6711201
701 2621101
701 3621101
701 5712101
701 6521101
701 6211311
701 2711301
701 6721101
701 6711201
701 6511201
701 6511901
701 6321311
701 6711101
701 7622001
701 7622001
701 5612101
701 6521301
701 1721101
701 3622201
701 6622101
701 6712901
701 6522901
701 2612101
701 2611311
701 6622301
701 6711301
701 2522301
701 5512101
701 2711301
701 2711301
701 3721301
701 6721201
701 6421201
701 6711301
701 6422901
701 6712901
701 6522201
701 6522101
701 6722101
701 1712101
701 4322101
701 5713101
701 6721901
701 5412101
701 6721201
701 2612301
701 2711201
701 6521301
701 6721101
701 6511301
701 2711301
701 3521201
701 6521301
701 6711301
701 2711101
701 1722201
701 6411911
701 2522301
701 6721101
701 6611211
701 6722301
701 6322301
701 6621211
701 5712101
701 5612301
701 1711101
701 5712101
701 5612201
701 6512201
701 3522101
701 5612101
701 2721301
701 1721101
701 3721101
701 3421101
701 3421301
701 2622301
701 5511101
701 2721201
701 7722001
701 4722201
701 1722301
701 6721901
701 6711301
701 2721901
701 1522901
701 4623201
701 5512101
701 3722101
701 3522101
701 1713911
701 2711301
701 6512101
701 3621201
701 5511111
701 6721111
701 1721301
701 5712101
701 6722201
701 4421201
701 5711101
701 5711101
701 6522301
701 6611301
701 1522101
701 6711101
701 6721101
701 3521211
701 6721101
701 2721301
701 3721201
701 6522301
701 6722301
701 2621201
701 1721101
701 3522101
701 3522101
701 6611101
701 6622301
701 2621201
701 2511301
701 7623001
701 3623201
701 3621201
701 3722101
701 6311311
701 5712101
701 1721201
701 5611101
701 6622101
701 5612101
701 1711211
701 6711111
701 3722101
701 4421111
701 5711101
701 2621101
701 3721101
701 6511301
701 5412201
701 6512101
701 3522101
701 3521201
701 6522301
701 3621201
701 5711101
701 5612101
701 6521101
701 6721101
701 2711201
701 6721201
701 2612301
701 6712301
701 1721101
701 3721211
701 6319101
701 6321111
701 6622101
701 6622101
701 5612101
701 1721101
701 2721301
701 2711301
701 3621201
701 7422001
701 6621301
701 5711101
701 6512101
701 3721101
701 5711101
701 2711301
701 5712101
701 5711101
701 6712301
701 6711301
701 2711301
701 2721201
701 2711201
701 5712101
701 5711101
701 1712101
701 1612301
701 6611201
701 6721901
701 3722101
701 6311101
701 5612101
701 6611101
701 2712201
701 5712101
701 3721201
701 1721111
701 2611301
701 1711101
701 3621111
701 1712201
701 6622201
701 5512101
701 5611101
701 3522301
701 6711101
701 3722101
701 5712101
701 6711101
701 6711901
701 6711301
701 7522001
701 1711111
701 1622101
701 3521301
701 6721111
701 1621301
701 7621011
701 2621301
701 6621101
701 3721101
701 6519901
701 3522101
701 6711101
701 6711201
701 3722101
701 6512301
701 2712101
701 6511101
701 2721201
701 5712101
701 1722201
701 6422101
701 6311111
701 5711101
701 2712201
701 6411311
701 5512101
701 3522101
701 6521211
701 6522311
701 6521101
701 2621201
701 7522001
701 6711301
701 6322101
701 5712101
701 6422101
701 5712101
701 2721201
701 2712301
701 6711301
701 6611301
701 3622201
701 3622201
701 7621001
701 5711101
701 6722101
701 6522301
701 6711101
701 6712101
701 1622301
701 2612301
701 3621201
701 6712001
701 2722301
701 1622201
701 2721301
701 6721301
701 3721301
701 3622201
701 3721201
701 3721101
701 5712101
701 5712101
701 6611111
701 1721101
701 3521211
701 3721101
701 6712301
701 6311111
701 5711101
701 2521301
701 6611101
701 6611101
701 5711101
701 1721101
701 5711101
701 5712101
701 1711101
701 2722301
701 6512101
701 3521101
701 6611901
701 3422201
701 4722301
701 5612101
701 6621301
701 6722301
701 2721201
701 2711901
701 2312901
701 2712201
701 6621901
701 6512901
701 2712901
701 6721201
701 5712101
701 2712301
701 6511201
701 5612101
701 1712101
701 5712101
701 5612101
701 3721101
701 3521201
701 2721301
701 1721201
701 1721101
701 5512101
701 6321111
701 1622301
701 2711301
701 6711101
701 3721101
701 6219311
701 5611201
701 6711301
701 6722301
701 7422001
701 5711101
701 6512301
701 4621211
701 6621101
701 1711101
701 6721201
701 6611201
701 1711201
701 5712104
701 6521901
701 6721111
701 5711101
701 1622311
701 5712101
701 6511101
701 6621101
701 5512101
701 2711101
701 5711111
701 2621301
701 6512101
701 2712301
701 3622101
701 3622101
701 5712101
701 3522301
701 2712901
701 5612101
701 3721201
701 3721301
701 2712301
701 5611101
701 6619101
701 5512101
701 2612301
701 2511301
701 3721101
701 3721101
701 6511101
701 6722301
701 3522101
701 6522201
701 5612101
701 6711211
701 6521111
701 6621301
701 7522001
701 6611201
701 5611101
701 6721111
701 6512301
701 6711301
701 5612101
701 1721911
701 2712301
701 3722101
701 6623101
701 7522001
701 6511101
701 1721301
701 3721101
701 3622101
701 6712101
701 6722301
701 6711101
701 5711111
701 6712301
701 6711301
701 2611311
701 5512101
701 6711101
701 3721301
701 2721301
701 2712301
701 1721301
701 1612101
701 3721101
701 7422001
701 3521111
701 3722201
701 6422101
701 6712301
701 5712101
701 3722201
701 5612101
701 3521211
701 5711101
701 5712101
701 5712101
701 1721901
701 6711301
701 3521101
701 5712101
701 6722101
701 1722301
701 7622001
701 3622101
701 6722101
701 2721301
701 6421111
701 3722101
701 6721901
701 6412301
701 6322101
701 6429111
701 6629311
701 6622101
701 3721111
701 6711101
701 6611201
701 2711301
701 6722201
701 6522901
701 5512201
701 1611201
701 6712301
701 5412101
701 6612901
701 2612101
701 2712201
701 2512301
701 6422301
701 5511101
701 6712301
701 6621311
701 3522301
701 1612201
701 5712101
701 5711101
701 5512101
701 6513101
701 5711101
701 3622101
701 2722101
701 5711101
701 2621301
701 2519101
701 6521311
701 4522201
701 3621301
701 6711201
701 3521111
701 6721101
701 6511301
701 6322301
701 5711101
701 7722001
701 6612101
701 5612101
701 7721001
701 5611901
701 1712201
701 6621101
701 5511111
701 6721301
701 6621301
701 6623301
701 6722201
701 7721001
701 3622201
701 6711001
701 1421311
701 6621111
701 5511111
701 6411311
701 3422101
701 5512901
701 3522101
701 7621001
701 5711301
701 1612301
701 7721001
701 6712301
701 5712101
701 5512101
701 2721301
701 3521101
701 6512301
701 6529201
701 3722201
701 3521211
701 6511111
701 2621301
701 2611301
701 5712201
701 5712101
701 6711201
701 1711101
701 1622101
701 2722101
701 6711001
701 2712901
701 6722901
701 5712901
701 5711901
701 2722901
701 6722901
701 3721911
701 2711911
701 2721201
701 2721901
701 5711101
701 1711101
701 1711101
701 6711101
701 5611101
701 2721301
701 5612101
701 3522301
701 6321111
701 3621111
701 1512201
701 1522901
701 1612101
701 6711301
701 2621201
701 6611301
701 6321901
701 2521301
701 7721001
701 6712101
701 1511201
701 2711101
701 1521111
701 6711201
701 3422101
701 7521011
701 3622101
701 2711101
701 5512101
701 7621011
701 6411311
701 6412101
701 6712301
701 6721101
701 2712301
701 6421211
701 5611111
701 2521301
701 3522101
701 5712101
701 3522201
701 6721901
701 6729101
701 6711101
701 3721101
701 3523201
701 6511201
701 6722301
701 6721301
701 3522201
701 1612101
701 6212301
701 6321211
701 6711301
701 6611211
701 1512101
701 5711101
701 2611101
701 7521011
701 7522001
701 5612101
701 5612101
701 6621111
701 2611301
701 1711111
701 6322101
701 6512301
701 1722101
701 5612101
701 6721101
701 1722101
701 5512101
701 5611211
701 6712901
701 5512101
701 6623101
701 6511301
701 5712101
701 5712101
701 2722201
701 6712301
701 6722101
701 3622201
701 6522301
701 6711101
701 6629201
701 5612101
701 1711101
701 7622001
701 3622201
701 2721201
701 2612301
701 3721101
701 3522101
701 5711101
701 5611101
701 2721211
701 6322101
701 6721301
701 6622101
701 2721111
701 1612101
701 6611301
701 1721101
701 1711101
701 1711311
701 2711101
701 3522101
701 6621211
701 6521101
701 5711211
701 6721111
701 6721111
701 7622001
701 5711101
701 3522101
701 2612301
701 7622001
701 5512201
701 6611001
701 6712301
701 3622101
701 6711301
701 6422001
701 1511101
701 5712901
701 5611101
701 6711011
701 2611911
701 1411311
701 6611211
701 3522101
701 3521101
701 6722101
701 6721901
701 1521101
701 3522201
701 6722301
701 6712301
701 3721101
701 3622201
701 6711211
701 3622201
701 6722101
701 2612301
701 6522201
701 5712101
701 6712301
701 6311211
701 5711111
701 6721201
701 6322101
701 1612301
701 1522301
701 5613101
701 5711111
701 5712101
701 6722901
701 5711901
701 6721301
701 6722901
701 6721901
701 2712901
701 6421201
701 5611111
701 3521111
701 6619901
701 6721911
701 6611901
701 5511111
701 2612201
701 3521111
701 3622101
701 3722101
701 3421111
701 6322901
701 6622101
701 3521111
701 6412101
701 3721201
701 6721101
701 2711301
701 6611901
701 6711901
701 6619311
701 6721301
701 1711201
701 6721111
701 6721901
701 6622201
701 2521101
701 6711101
701 6622301
701 7721001
701 6711101
701 1612101
701 6512101
701 6711101
701 2712301
701 1711201
701 1711101
701 6422101
701 1721201
701 6721101
701 6729211
701 1411101
701 6721901
701 2712301
701 3421101
701 6622201
701 6721101
701 6612301
701 6422101
701 6412201
701 6612101
701 5512101
701 5512101
701 6321111
701 6722301
701 3621211
701 6722101
701 5712101
701 6612301
701 3622101
701 1722101
701 1722101
701 7622001
701 5612101
701 6612101
701 6722301
701 6612101
701 6722301
701 5612101
701 6612101
701 4722201
701 6321311
701 2522301
701 5712101
701 5711101
701 5712301
701 6122201
701 7622001
701 6421111
701 2721201
701 5711111
701 6612301
701 5711101
701 6611111
701 6321201
701 6623101
701 6722301
701 6522101
701 6721111
701 6721201
701 7622001
701 5712101
701 6722101
701 5712101
701 5711101
701 2722301
701 1721301
701 6721001
701 4722101
701 6612101
701 6621201
701 3621101
701 7522001
701 1711301
701 6612101
701 6412201
701 6712101
701 3522301
701 3722101
701 3529201
701 5712101
701 7622001
701 3622101
701 3522101
701 2512301
701 4322201
701 5712101
701 3722101
701 2721101
701 2612301
701 6712201
701 1729201
701 6721301
701 2721101
701 1611301
701 6321211
701 5711101
701 6412201
701 3722201
701 2712301
701 6622301
701 3722101
701 5712101
701 4622201
701 6612301
701 1711301
701 5611101
701 6711101
701 6721301
701 2721211
701 3422201
701 6712001
701 3621201
701 3621101
701 6312301
701 6311111
701 5612101
701 5611101
701 6722201
701 6621301
701 6512201
701 4522101
701 6522304
701 6711301
701 6622301
701 3522201
701 6711101
701 6612101
701 6411211
701 3522201
701 6722101
701 6522101
701 1621211
701 6611101
701 6321201
701 6719901
701 6723301
701 6611901
701 5712901
701 5712901
701 6511911
701 6722301
701 6722301
701 6611101
701 6711101
701 6721301
701 6711201
701 3522101
701 6723201
701 2723901
702 1612101
702 3722101
702 2721201
702 3622201
702 2521301
702 2721201
702 6722101
702 2719211
702 6511211
702 6311111
702 2611101
702 2721301
702 6622201
702 2612301
702 6511111
702 1621211
701 5612101
702 3722101
701 3522101
701 5612101
702 3722101
702 1622101
702 2721301
702 6711101
702 2711201
702 6329211
702 5611111
702 2722101
702 5712101
702 1611201
702 6621101
702 6511101
702 5612101
701 6722901
702 6311111
701 6711901
701 6711001
701 3721101
702 3621201
701 6521001
701 2721101
701 3721101
701 2721101
701 6711301
701 3721101
701 4722901
702 6622101
702 7722001
701 2721301
702 1612201
702 2711301
702 2712201
702 6712101
702 1521111
702 7622001
702 3721101
702 2721101
701 5711101
702 3522101
702 1512201
702 6722101
702 6611201
702 6722901
702 2711201
702 6721311
702 2721301
702 6722101
702 1721101
701 2511901
702 3421111
702 6712101
702 6721001
701 2612201
702 3621111
702 6519301
702 6422101
702 1713201
702 6721311
702 6611201
702 3522201
702 3521111
702 3522101
702 6521311
701 5611101
702 1512101
702 2721301
702 6412101
702 1522101
702 4321101
702 6421111
702 6522101
702 6411311
702 2721201
702 5711111
702 5711101
701 5711111
701 5712101
702 2729101
701 3522101
702 1722201
702 6722901
702 6722201
702 5612101
702 2722301
702 3422101
702 5711111
701 6321111
702 6622101
702 7622001
702 1522201
701 6622901
702 6511111
702 6712301
702 1722301
702 3722201
702 7722001
702 2722101
702 1722101
702 5711101
702 6529001
702 6521101
702 1721201
702 7729001
702 6411111
702 5412101
702 7522001
702 6722101
702 3721101
702 6721101
702 6521111
702 3621101
702 5611201
702 5611101
702 6411911
702 5612901
702 3521111
702 5512101
702 3722101
702 3722101
702 6722201
702 3721101
702 6622101
702 6521101
702 2711101
702 6722201
702 6412301
702 6621101
702 6621301
702 1522201
702 5612101
702 3621101
702 3722101
702 2622101
701 2622301
702 6612301
702 5512101
702 5612201
702 5711101
702 3721201
702 6211311
702 6421211
702 6722101
702 6712101
702 5512101
702 3621301
702 1611211
702 1711101
702 6711901
702 3721101
702 3522201
702 2711201
702 6722201
702 2721311
702 6721101
702 6611101
702 6711311
702 5711101
702 5712101
702 5712101
702 5612101
701 6511311
702 5612101
702 6611101
701 6721301
702 5612101
702 2722201
702 5712101
701 6512101
702 1711111
701 5611101
701 5712101
701 3722301
701 5712101
702 5612311
702 6711301
702 6522101
702 6721201
702 3522101
702 6622101
702 2712301
702 2711301
702 2712201
702 1511201
702 6711101
702 6711301
702 3522201
702 1622301
701 6312101
702 6521211
702 6612301
702 6521111
702 6722101
702 7522001
702 3722101
702 6512301
702 6721101
702 3722201
702 6612101
702 6721201
702 6512901
702 5612101
702 5612101
702 1622201
702 2712301
702 2512301
702 6711201
702 6612901
702 3322201
702 2711101
702 6612301
702 4421111
702 6621311
702 2512301
702 3622101
702 3522101
702 6721301
702 6619011
702 6722101
702 6721201
702 6711301
702 6612101
702 6621211
702 1711311
702 6622201
702 6522301
702 1522201
702 6513101
702 6312301
702 6422901
702 6711901
702 3622101
702 1711301
702 2711101
702 2712101
702 3722101
702 5512101
702 6611111
702 2621201
702 6612301
702 7522001
702 6522101
702 6711901
702 1612301
702 6512301
702 1611101
702 6711001
702 2722301
702 2622301
702 2721101
702 5612301
702 7622001
702 3621101
701 5711111
702 3621211
702 7622001
702 5611111
702 2712301
701 6712301
702 2712201
702 6622301
702 2711101
702 5511101
702 7422001
702 6721101
702 3722201
702 3722101
702 5711111
702 6522101
702 2721301
702 3422201
702 6711301
702 2722201
702 6319111
702 2711201
702 1611201
702 2712301
702 3722101
702 6312201
702 6521111
702 6721301
702 6711311
702 6622101
702 2711311
702 1721101
702 5612101
702 6623201
702 6521101
702 2611301
702 6711101
702 6221201
702 6721001
702 2712301
702 6711301
702 6412201
702 1722201
702 6721911
702 5512101
702 5711101
702 6522101
702 5612101
702 6411111
702 6621301
702 5712101
702 6621201
702 2512301
702 1612201
702 1522301
702 2721101
702 6511211
702 1722301
702 3721101
702 6421111
702 7721011
702 6721111
702 6712301
702 6621311
702 2722201
702 3622101
702 5512101
702 5711101
702 1311201
702 3622301
702 7621011
702 6711101
702 2622201
702 5612101
702 6312101
702 3522201
702 5612101
702 6722301
702 2722301
702 3722101
702 3722101
702 2712301
702 1711101
702 6622101
702 2721201
702 2712301
702 4521101
702 1311201
702 4521101
702 3721101
702 6721101
702 2722301
702 6722301
702 3622201
702 3622101
702 6522101
702 5712101
702 5612101
702 1612101
702 3622301
702 3522101
702 6712301
702 5619101
702 5612101
701 3522101
702 5711111
702 6723901
702 5611101
702 7421011
702 6211111
702 2512201
702 2711101
702 3621111
702 6621101
702 1722301
702 6722901
702 6611101
702 3721201
702 2722301
702 5611101
702 6711301
702 6712101
702 3622101
702 5711101
702 5712101
702 4629201
702 1629101
702 5511101
702 7722001
702 6711001
702 6721201
702 3722101
702 5611111
702 5711111
702 6721101
702 1711101
702 7422001
702 5711101
702 3521201
702 1722101
702 6312301
702 3521111
702 1512201
702 2622101
702 6522301
701 5611101
702 5612301
702 6522201
702 6611101
702 6712301
702 5611101
702 7722001
702 7722001
702 6522301
702 3522201
702 6622201
702 3421111
702 3522201
702 6129311
702 2711301
702 6711001
702 6722901
702 3522101
702 6721101
702 6511101
702 6711301
702 3621201
702 5712201
701 5612101
702 2722901
702 5712901
702 5711301
702 3622101
702 6622101
702 6519111
702 3622101
702 6522101
702 3622201
702 6311111
702 1721901
702 7721001
702 6721101
702 5712101
702 3622101
702 6621201
702 6512101
702 6621301
702 5711201
702 1712301
702 3521101
702 2722301
702 3722101
702 6522301
702 5512101
702 2711301
702 2711101
702 5512101
702 2711301
702 2721201
702 2622301
702 1712101
702 5712101
702 5712101
702 6721101
702 6612201
702 6611301
702 5612101
702 3521101
702 6522201
702 1712201
702 6512901
702 2722201
702 5712101
702 2612301
702 6721301
702 5712101
702 3621111
702 1721201
702 6711311
702 1711101
702 6211311
702 2722301
702 6712101
702 6612101
702 1711101
702 3322101
702 2721301
702 5611111
702 6722201
702 7522001
702 6721201
702 1712101
701 5612101
702 6612201
702 7522001
702 6722301
702 5611101
702 3621101
702 6721101
702 7722001
702 1621111
702 6721301
702 1511901
702 6712101
702 1622101
701 6522301
702 6411101
702 3622201
702 6412201
702 1623201
702 6712101
702 6722901
702 5711101
702 6712101
702 2422301
702 6711101
702 5712101
702 6611111
702 3522101
702 2621201
702 2711101
702 6711101
702 7521001
702 6729111
702 2612101
702 6512301
702 6711101
702 7522001
702 6712101
702 1712101
702 6723101
702 5611101
702 6511111
702 3422201
702 6623301
702 4321101
702 2611301
702 1311211
702 1722101
702 7421001
702 5711101
702 5611111
702 5612101
702 5612101
702 3622201
702 7722001
702 3721101
702 1512201
702 5612301
702 6712301
702 3721101
702 3722201
702 2712201
702 1722201
702 6712301
702 6712101
702 6712101
702 2622101
702 2622101
702 6721101
702 6711901
702 5712101
702 6721211
702 6522201
702 2612301
702 2611301
702 6512201
702 6711101
702 5611111
702 1512101
702 3522101
702 6411911
702 5719901
702 3722101
702 6412301
702 6622101
702 6721101
702 1711101
702 7721001
702 2612201
702 5512101
702 6712201
702 1711301
702 3722101
702 1612201
702 6521101
702 6623211
702 3422201
702 1711111
702 2722101
702 1611201
702 6711101
702 5712101
702 6722901
702 6711301
702 6712901
702 6712901
702 5512101
702 1522101
702 6512101
702 3622101
702 5612201
702 6612101
701 6722101
702 3722101
702 6722301
702 6511311
702 3722101
702 5711301
702 6612101
702 3621101
702 3621101
702 3721101
702 7722001
702 6722201
702 6711101
702 6612301
702 6522101
702 6711001
702 3721101
702 6611901
702 5711301
702 6721901
702 3522101
702 3721101
702 2712301
702 6721101
702 4522301
702 6711901
702 1722101
702 6722301
702 5712301
702 2621301
702 6711111
702 3721201
702 2721301
702 6711301
702 3722101
702 2722201
702 1712901
702 2512901
702 6711311
702 6719311
702 6621201
702 6511101
702 5712101
702 3722101
702 6729211
702 6422201
702 5511101
702 1512101
702 3721101
702 7721001
702 5619101
702 4722201
702 6621201
702 7622004
702 3522101
702 6422101
702 6722101
702 6421111
702 5711101
702 5711101
702 5512201
702 6712101
702 6612101
702 6611311
702 1611901
702 3422201
702 1722201
702 5512101
702 7621011
702 3622101
702 6512201
702 6611301
702 6711201
702 6612101
702 3629211
702 2711301
702 5612101
702 3722101
702 3622101
702 6722101
702 3622101
702 6621101
702 6622301
702 6529201
702 6521111
702 1611201
702 6411111
702 6322301
702 1622301
702 6612301
702 1721101
702 3622101
702 5512101
702 6711301
702 2711101
702 6611901
702 6712201
702 3522201
702 1512101
702 3522101
702 6522101
702 6611001
702 3321311
702 3722101
702 6722101
702 6622301
702 6611111
702 5512201
702 6721111
702 5719101
702 6521111
702 6721911
702 6611101
702 7621001
702 2721301
702 2711201
702 6612201
702 3522101
702 6611201
702 6722301
702 5512101
702 3622101
702 5612201
702 6711101
702 3621101
702 6722301
702 3521111
702 6512001
702 6612101
702 2522301
702 6611301
702 3722101
702 1722101
702 6721101
702 2712201
702 7522001
702 6611301
702 5412101
702 5512101
701 5619101
702 5611101
702 5711101
702 6612201
702 6321101
702 2712301
702 3621211
702 2621201
702 7621011
702 6621311
702 2712201
702 6622101
702 6411311
702 7622001
702 6421211
702 3622101
702 6722201
702 6712901
702 3522101
702 2711201
702 6711301
702 6512901
702 3522201
702 6512301
702 1712101
702 6611311
702 5612101
702 6711101
702 2612301
702 6511111
702 6621111
702 6622101
702 2722101
702 6711301
702 2721101
702 3722101
702 3623201
702 1712901
702 3722101
702 3422201
702 5512101
702 7722001
702 5612101
702 3522201
702 6621201
702 5611201
702 5512101
702 6612101
701 6711101
702 6512201
702 1711901
702 3722101
702 3722101
702 6611201
702 3421111
702 6721911
702 6612301
702 5512101
702 6711301
702 1711901
702 6711101
702 5712101
702 2712301
702 6611101
702 2711301
702 5711111
702 3722101
702 6721301
702 5612101
702 5712101
702 5612101
702 5612101
702 6322901
702 6721111
702 6711311
702 6611311
702 1621101
702 3622101
702 2612301
702 1522301
702 6722301
702 6422301
702 6721101
702 1512201
702 2711101
702 6712101
702 6722901
702 2711901
702 6722901
702 6711901
702 2512901
702 2721301
702 6722901
702 6712901
702 2721301
702 6622201
702 6723101
702 6712101
702 3722101
702 3722101
702 5711101
702 6611911
702 6712301
702 6611201
702 6712301
702 2522201
702 6611301
702 5712101
702 6611101
702 6611211
702 6421111
702 6421211
702 6611311
702 6722101
702 6711311
702 5512101
702 5612201
702 3721111
702 6721311
702 6722201
702 2712301
702 3721101
702 6721201
702 6622301
702 6622101
702 6312201
702 6712901
702 6722301
702 1412201
702 6711201
702 2721301
702 6221311
702 3421111
702 6421111
702 6622101
702 6722301
702 6711101
701 2611301
702 5612101
702 6511201
702 3621101
702 6722201
702 6621101
702 1711301
702 5711101
702 3522111
702 7721001
702 1711301
702 6712301
702 6722201
702 6721101
702 3522201
702 2722201
702 7622001
702 7422001
702 4621311
702 6711001
702 6722101
702 1722201
702 6121311
702 5712101
702 5712201
702 3622111
702 5612101
702 6723301
702 1422201
702 7422001
702 7721011
702 5712101
702 6711311
702 5712301
702 6619311
702 3722201
702 6511111
702 7722001
702 2721301
702 2711301
702 2711301
702 3622101
702 6722201
702 6222101
702 6511911
702 6412201
702 6621111
702 6422101
702 6422101
702 6412201
702 5612101
702 5712101
702 3722101
702 2711301
702 2422301
702 1522201
702 5612101
702 2712101
702 1721101
702 3721111
702 7521011
702 6721111
702 6711211
702 2711901
702 1611901
701 6712301
702 1621301
702 2721201
702 1722901
702 2712301
702 5711101
702 5611111
702 5711901
702 5712901
702 5712901
702 2711201
702 5719901
702 6712201
702 3722101
702 3722101
702 3522101
702 1412201
702 1712201
702 3721101
702 5612101
702 6622101
702 6421211
702 6711311
702 2711301
702 2722101
702 1522101
702 6311211
702 5711111
702 6721111
702 3521211
702 2521301
702 6721301
702 2622201
702 2622301
702 6412201
702 6622301
702 6722201
702 6611201
702 3722101
702 5712101
702 6312101
702 2612301
702 6622201
702 6722201
702 3522101
702 3621211
702 3521111
702 6711301
702 6711301
702 2712301
702 6622301
702 7422001
702 3521101
702 6722301
702 1721201
702 2712301
702 5512201
702 5711101
702 1611111
702 2712101
702 5712201
702 1611311
702 2612301
702 2721111
702 6521211
702 6622101
702 1622201
702 6221111
702 6712901
702 6711101
702 6429211
702 1722301
702 3422201
702 6722301
702 6622301
702 6712201
702 5612101
702 5512101
702 5512301
702 5712101
702 6611301
702 6412101
702 2612301
702 2722301
702 5712101
702 5712101
702 6611311
702 2722301
702 6721301
702 6712901
702 6721901
702 5712901
702 2721901
701 5611901
702 6622101
702 6712101
702 6712101
702 1711901
702 6612901
702 6721901