711 2622201
711 6711901
711 2712101
711 2522301
711 5712101
711 2712301
711 3722201
711 5712101
711 6522101
711 6412201
711 6412301
711 6712101
711 1612301
711 2722101
711 1722101
711 3722101
711 6622101
711 2722201
711 7722001
711 2722201
711 5712101
711 2722101
711 6712301
711 7722001
711 1712301
711 2712301
711 1722901
711 3722101
711 7622001
711 1712201
711 1612101
711 6712901
711 7722001
711 2522301
711 1722101
711 4422201
711 1712901
711 5712101
711 7622001
711 2522301
711 1712201
711 5612101
711 7722001
711 5712901
711 6512201
711 1722201
711 1712101
711 6512101
711 5712101
711 3722101
711 2722901
711 2712901
711 5612101
711 6612201
711 2612301
711 3722301
711 1622201
711 6722301
711 6722301
711 5712101
711 5712101
711 6722301
711 1722301
711 6612301
711 1722101
711 2712201
711 6722301
711 3722301
711 3722101
711 3522201
711 3622201
711 6522201
711 3522301
711 6722101
711 6722911
711 2612301
711 5412101
711 5712301
711 6712901
711 2712101
711 5712101
711 6712201
711 3422101
711 6522201
711 3422101
711 5712101
711 5712101
711 6621201
711 5612101
711 6522201
711 6712301
711 6722101
711 6722101
711 6612901
711 6522101
711 6522201
711 6622101
711 6612101
711 6722201
711 3522101
711 3722101
711 6622101
711 6722301
711 3522101
711 6622101
711 2612101
711 2722101
711 6712101
711 6722101
711 1612201
711 5712101
711 6722301
711 6722301
711 2622201
711 3722101
711 6722101
711 2622301
711 5612101
711 6712201
711 3522201
711 2712301
711 6422301
711 6222101
711 5612101
711 3622101
711 1722101
711 3722101
711 5712101
711 6722301
711 3722201
711 3522901
711 6412101
711 6512301
711 6712101
711 2612201
711 6712901
711 6722301
711 6522101
711 2622301
711 6422101
711 5612101
711 6322201
711 2512201
711 6722101
711 2622201
711 1712101
711 2622301
711 4622201
711 2722301
711 3522201
711 1722101
711 1622301
711 3422101
711 5713101
711 6622301
711 2712301
711 4422901
711 5712101
711 6622301
711 4522201
711 5712201
711 5712101
711 6522201
711 2712301
711 3722101
711 4722201
711 6522901
711 6522101
711 5712101
711 5712101
711 5612101
711 6512101
711 6712301
711 1512201
711 6522201
711 6722901
711 6712301
711 6612901
711 3622201
711 2712101
711 1722201
711 3722101
711 5712101
711 2712901
711 6622301
711 6722301
711 5712201
711 5512101
711 2722301
711 2712201
711 2722101
711 6622901
711 5712101
711 5512101
711 2712201
711 3722101
711 5612101
711 3622101
711 1512101
711 6712101
711 5612101
711 6522301
711 3522201
711 3622101
711 6622301
711 2722301
711 2712301
711 1712101
711 3622111
711 6612301
711 1622101
711 6612301
711 2712201
711 3722201
711 5712101
711 5612101
711 6622101
711 6612301
711 3622301
711 6722101
711 5712101
711 6612301
711 3722101
711 1622101
711 6722301
711 7522001
711 3322201
711 5712101
711 6512301
711 6722301
711 1721311
711 1712101
711 6422301
711 3722101
711 3722101
711 6722901
711 3522101
711 3622101
711 7522001
711 3622101
711 6712101
711 6612301
711 6712301
711 5712101
711 6722901
711 6621301
711 6522201
711 1622301
711 6612301
711 6512101
711 6512201
711 2612201
711 3722201
711 6322101
711 5712101
711 3422201
711 5712101
711 3722201
711 6612301
711 7722001
711 1712901
711 1722101
711 2522201
711 1712201
711 5712101
711 1722901
711 3622101
711 6622101
711 6712301
711 3622201
711 4622201
711 5612101
711 5712101
711 2522201
711 2712101
711 6712301
711 5712101
711 6712101
711 6722101
711 3622101
711 1612201
711 6112101
711 6512901
711 5612101
711 6612901
711 6722101
711 1512301
711 6612101
711 5712101
711 6712101
711 4522101
711 3722101
711 6622101
711 1722101
711 3422201
711 2722101
711 6722101
711 3522201
711 3522101
711 5712201
711 3722101
711 1722101
711 1712101
711 4322201
711 3622101
711 2712301
711 2712301
711 6512301
711 6622101
711 3722201
711 6512301
711 2522201
711 3722101
711 1712901
711 6621101
711 6722101
711 6712301
711 6722301
711 1622301
711 6722201
711 2722301
711 1722101
711 1522101
711 1712101
711 1712301
711 6712301
711 2512201
711 7722001
711 6722201
711 6512101
711 6622201
711 6712301
711 5612101
711 6612201
711 5712101
711 5612201
711 5612101
711 6712301
711 2712201
711 3722101
711 5612101
711 1522201
711 2712301
711 6722101
711 6322301
711 6622301
711 6322901
711 6712301
711 6722301
711 6612101
711 6722101
711 3722101
711 1712101
711 6722201
711 4522201
711 1612201
711 6722201
711 5712101
711 1712201
711 2712101
711 1722301
711 2722901
711 2722311
711 2722301
711 2712301
711 3722301
711 3722101
711 6722301
711 6722901
711 5612201
711 6612301
711 2612201
711 2612101
711 6722101
711 6722101
711 5712101
711 3722201
711 3422101
711 5712101
711 6612101
711 5612101
711 6622901
711 5512101
711 6722301
711 5612201
711 6622901
711 2722101
711 3722101
711 6512301
711 2512301
711 3722101
711 2712301
711 1722201
711 6512101
711 5712101
711 6712301
711 6622301
711 2622301
711 6412201
711 3622201
711 1612301
711 1712201
711 6712201
711 6612101
711 6612301
711 6622301
711 6412101
711 3722201
711 3622201
711 6712201
711 5612101
711 3522201
711 6612301
711 5712101
711 1522101
711 6712201
711 3522101
711 4422101
711 3622101
711 3522201
711 3522101
711 3522201
711 3522101
711 1712201
711 2722101
711 3522201
711 6712101
711 1722101
711 5612101
711 6422101
711 6512201
711 1622301
711 6612301
711 1722101
711 2722301
711 5612101
711 5612301
711 5712101
711 5712101
711 5611101
711 6512201
711 7722001
711 7622001
711 2622101
711 6522301
711 6622901
711 5712101
711 7622001
711 5612201
711 3522201
711 2712301
711 5612101
711 2722201
711 5612101
711 5712101
711 5712201
711 5612101
711 3622201
711 5612101
711 6612101
711 2422101
711 5612301
711 6711201
711 2722101
711 6522201
711 5712201
711 5612101
711 5712101
711 6511311
711 7622001
711 6622301
711 5712101
711 2712201
711 6712301
711 6712201
711 1722101
711 6722901
711 6722301
711 1612201
711 1712201
711 5512101
711 1522101
711 5612101
711 3622101
711 1722201
711 5612101
711 6712201
711 3522201
711 2722301
711 6722301
711 5612101
711 1512201
711 1512301
711 6612901
711 3722201
711 4722201
711 6722301
711 6722201
711 2722301
711 2712101
711 6722301
711 6522301
711 3522101
711 6712301
711 1622101
711 1722301
711 6722201
711 6712101
711 6722901
711 6612101
711 2712301
711 6722201
711 2522301
711 3722101
711 3722101
711 6522301
711 6712101
711 5712101
711 3622201
711 6722201
711 5612101
711 6712301
711 3622101
711 2622301
711 4522301
711 6712101
711 6622901
711 6612101
711 6522201
711 6522201
711 6322101
711 2622301
711 3522101
711 3522301
711 6422101
711 7722001
711 6512301
711 5712101
711 1522301
711 1612901
711 3722201
711 5712101
711 2522301
711 6212301
711 5712101
711 2722201
711 3522201
711 6621301
711 7721001
711 2622101
711 5712101
711 2712101
711 2512201
711 3622101
711 1712101
711 2612301
711 5612101
711 6712101
711 2612301
711 5712101
711 3622201
711 6312101
711 3722201
711 2722301
711 6622901
711 6422301
711 5712101
711 3722901
711 6622901
711 4422101
711 6622101
711 6722301
711 6711301
711 3622101
711 3722101
711 7622001
711 3522201
711 6522101
711 3622201
711 2712301
711 2612101
711 3622101
711 3621201
711 5712901
711 5712901
711 5712901
711 6722101
711 6722301
711 3722101
711 7622001
711 3622301
711 2612301
711 6712901
711 6712901
711 1712901
711 2712901
711 6712101
711 6712901
711 2722901
711 2712901
711 6622101
711 6722301
711 6722301
711 6712901
711 6722301
711 6522901
711 2722901
711 5712901
711 2722901
711 6722901
711 5712101
711 6712301
711 5612201
711 5612101
711 5712101
711 6612001
711 5612201
711 5512101
711 5712101
711 2712301
711 2712901
711 2512901
711 6712901
711 5612101
711 6612101
711 1712901
711 5612101
711 5712101
711 5612101
711 6712901
711 5512101
711 1612201
711 5712101
711 2712101
711 5712101
711 3622201
711 5713101
711 5512101
711 6712101
711 6412201
711 5712101
711 2712301
711 5712101
711 5612101
711 3622101
711 4522211
711 6712301
711 2712201
711 3522201
711 2612301
711 2722301
711 6722901
711 6722201
711 3722101
711 2612201
711 3422101
711 1712201
711 2612301
711 6711901
711 2722301
711 2722301
711 2612201
711 6512301
711 3522101
711 5612101
711 7722001
711 6712301
711 6722101
711 5712101
711 5712101
711 6612901
711 5612101
711 6722101
711 3522201
711 3522201
711 6612201
711 1512201
711 1712201
711 4522301
711 6722901
711 6612201
711 6712301
711 6522101
711 2712301
711 2712301
711 6722301
711 4722101
711 6722101
711 2712101
711 5712101
711 6612101
711 6722101
711 6712301
711 6622101
711 6622101
711 6722901
711 6712301
711 6712301
711 1712201
711 2712301
711 1712901
711 6622201
711 6722101
711 3622101
711 3722301
711 5712201
711 2712301
711 6612201
711 7722001
711 4622201
711 6722301
711 5712101
711 5712101
711 6512201
711 4522101
711 6712101
711 6512101
711 3622201
711 6712201
711 5712101
711 5712101
711 5712101
711 5712101
711 5612101
711 2722301
711 3722101
711 2712201
711 3522101
711 7722001
711 3722101
711 6612301
711 6613201
711 6613101
711 1422301
711 3522101
711 6522201
711 6212301
711 5612101
711 2612301
711 2722101
711 6622101
711 2722101
711 6622101
711 6612301
711 6722301
711 1712101
711 3522101
711 6722101
711 6622101
711 6722201
711 6712201
711 6622301
711 6622101
711 1622101
711 5612101
711 3522201
711 6622201
711 1722901
711 2512301
711 2722101
711 2712301
711 6422101
711 5512201
711 6622301
711 1722201
711 5712101
711 4522201
711 2722101
711 2612201
711 3622101
711 2722301
711 6712101
711 6722301
711 6712101
711 2622301
711 5611201
711 2722301
711 2722201
711 6722901
711 7522001
711 5512301
711 6722201
711 6722901
711 6722101
711 6522301
711 6612301
711 6722201
711 6622101
711 1612101
711 6622901
711 6722301
711 6722301
711 2522301
711 5512101
711 6712901
711 1622101
711 1412201
711 7622001
711 2712101
711 1322201
711 6712201
711 5612101
711 1712101
711 6722101
711 2522301
711 1722101
711 3622201
711 1512101
711 5712101
711 2722301
711 6612101
711 5512101
711 5612101
711 5612101
711 5612101
711 1612101
711 2712301
711 2512301
711 5712101
711 5612101
711 5712101
711 6612101
711 1722201
711 6522301
711 5712101
711 6622901
711 6712101
711 6722101
711 6722301
711 6712101
711 7522001
711 3722101
711 2612301
711 6712201
711 7722001
711 3622201
711 6512101
711 3722101
711 5712101
711 2612101
711 6722101
711 2522301
711 2722301
711 1512201
711 2622201
711 5712101
711 2722101
711 3722201
711 2712201
711 6712301
711 3622101
711 2722201
711 1612201
711 6421101
711 5712101
711 5512201
711 3722201
711 3622201
711 6712301
711 1712301
711 7722001
711 5712101
711 1712101
711 6722301
711 5712201
711 3422101
711 1712201
711 6712301
711 1722301
711 6512301
711 1622201
711 3722201
711 3622101
711 6722301
711 2622201
711 6622201
711 6712101
711 2522301
711 5712101
711 6622101
711 6722301
711 6322901
711 6422101
711 4622201
711 5612101
711 3722201
711 2722201
711 1722201
711 6712201
711 7622001
711 3722301
711 1612201
711 2722301
711 2722201
711 7522001
711 3422101
711 6612301
711 6722301
711 1712101
711 3622201
711 1612901
711 6622901
711 4422201
711 3622201
711 5712101
711 2712201
711 6412101
711 5612101
711 6712301
711 7722001
711 6712301
711 6712101
711 3422101
711 1722101
711 6422301
711 4522101
711 5512301
711 3722201
711 5712101
711 3722101
711 4522301
711 6722301
711 2622301
711 3722201
711 2722201
711 6722301
711 6722101
711 3722201
711 7722001
711 3722101
711 3522901
711 1522301
711 2622201
711 5612101
711 6512101
711 6519301
711 3522101
711 6622101
711 1622201
711 6722101
711 5712101
711 2522201
711 6622301
711 6712301
711 5712101
711 6712101
711 5712101
711 6712301
711 5712101
711 6512901
711 6612301
711 4522301
711 5712101
711 1722301
711 5712301
711 3723101
711 6722301
711 3522101
711 4322101
711 6722301
711 5712101
711 1712201
711 1712101
711 6412101
711 5612101
711 6522101
711 6722201
711 6712301
711 1722901
711 6712301
711 6722911
711 5712901
711 6722901
711 2522901
711 6712901
711 6722901
711 2722901
711 6722901
711 6712901
711 2512901
711 6712901
711 6322301
711 2622901
711 5712901
711 2722901
711 1712201
711 2712301
711 2512301
711 2622301
711 6722311
711 6712201
711 6722301
711 6429201
711 3522101
711 6622101
711 7722001
711 5612101
711 5612101
711 1722201
711 6722901
711 5712101
711 6412201
711 3622101
711 3722101
711 5612901
711 6722301
711 6712101
711 1612901
711 6612201
711 6512101
711 2712301
711 6622301
711 2712301
711 5512101
711 3622101
711 6722201
711 6622301
711 6712101
711 1722101
711 6712201
711 3722201
711 6722101
711 6722201
711 6612101
711 6712301
711 5512101
711 1612101
711 6722901
711 5712101
711 1512201
711 6612101
711 6422901
711 1722101
711 5712101
711 3522301
711 1622301
711 6722301
711 1712101
711 6712301
711 6722301
711 2711201
711 5612301
711 6712101
711 6522201
711 6612101
711 1722101
711 6522301
711 6712101
711 5712101
711 4522201
711 6722311
711 1712201
711 5612101
711 5612101
711 1722301
711 6612301
711 5612201
711 2512901
711 5512101
711 5612101
711 5712201
711 5712101
711 5712101
711 6722901
711 6512301
711 6512901
711 6729101
711 5719101
711 1619201
711 6422101
711 6512201
711 7622001
711 6612101
711 2321101
711 6712101
711 1722101
711 5712101
711 1612301
711 6312101
711 6612001
711 5612201
711 7422001
711 6612901
711 6722101
711 1712101
711 3722101
711 3522301
711 3522101
711 1512101
711 1712201
711 3722101
711 1722901
711 6712301
711 6722901
711 6522101
711 6612201
711 5712101
711 3422201
711 6722201
711 3522101
711 2712101
711 3422101
711 1712101
711 5712101
711 2712201
711 3722301
711 3722101
711 6422101
711 1712201
711 3722201
711 1512201
711 3722301
711 6622101
711 3622101
711 2712201
711 6722301
711 5512101
711 4722901
711 3622101
711 3722101
711 3622201
711 2722301
711 5612101
711 2612101
711 6722301
711 7722001
711 3322101
711 3322101
711 6622201
711 3622201
711 7522001
711 6712301
711 6712201
711 1512101
711 5512101
711 3722101
711 6622101
711 6522301
711 2712101
711 5712101
711 6622101
711 1722201
711 6722101
711 6722101
711 2722201
711 2722301
711 3522301
711 6722901
711 2512301
711 6722301
711 4622201
711 2712301
711 3722301
711 6412301
711 2612101
711 5712101
711 7721011
711 1522101
711 1712301
711 2622301
711 5712201
711 3622301
711 4522301
711 3522101
711 7522001
711 2722101
711 6722101
711 7622001
711 6122101
711 7722001
711 6722901
711 6712101
711 5712101
711 1422301
711 3722201
711 2512101
711 5712901
711 2722101
711 5512101
711 6512901
711 2522301
711 1612201
711 5712101
711 6522201
711 2712101
711 2712101
711 5712101
711 1612101
711 3622101
711 6722201
711 5612101
711 6722301
711 2522201
711 6722301
711 6712101
711 1712101
711 5612101
711 6622301
711 6522201
711 6722301
711 1512201
711 6512201
711 4622201
711 6512301
711 6622301
711 6622101
711 1722301
711 6512101
711 3622901
711 6722901
711 2712901
711 3522901
711 2712901
711 6522901
711 5712901
711 6712901
711 6512901
711 3722901
711 6712901
711 6722901
711 2722901
711 1712901
711 2612901
711 6722301
711 2722901
711 2612901
711 5712901
711 2512301
711 6312901
711 6722201
711 2712101
711 6722101
711 2622101
711 6722901
711 6612901
711 5612101
711 7722001
711 6722301
711 3521201
711 6612101
711 6712301
711 6522101
711 3722201
711 6522201
711 1722101
711 2722101
711 2712301
711 6312101
711 3722101
711 1622101
711 6712201
711 5712201
711 5712101
711 6522201
711 5712101
711 5712101
711 6622101
711 6712301
711 2712301
711 6612201
711 2722301
711 5712101
711 2622301
711 2622301
711 6512301
711 2712101
711 3522101
711 2722201
711 2412301
711 2722301
711 6712101
711 2722301
711 5512101
711 6712301
711 6712201
711 6729901
711 6722101
711 2722201
711 2622301
711 2612301
711 1522101
711 5712101
711 7722001
711 5712101
711 6712301
711 6712201
711 6712101
711 3622101
711 6712301
711 6712301
711 5712101
711 1712101
711 6612101
711 2512101
711 6712101
711 5712101
711 1712101
711 6712101
711 2712301
711 6612101
711 6712101
711 6712301
711 6312301
711 2722301
711 6522301
711 6512101
711 6712301
711 3622201
711 6722201
711 6612101
711 5612101
711 3722101
711 6512901
711 3422201
711 3622201
711 6622301
711 1622211
711 5712101
711 7722001
711 3622201
711 3522201
711 6412201
711 6712101
711 1722201
711 6312201
711 6622101
711 1522101
711 6612201
711 2612301
711 2712301
711 6722101
711 5712901
711 6722301
711 6222201
711 6612301
711 2712201
711 6612301
711 3722301
711 2722301
711 5612101
711 6722101
711 2712201
711 2512301
711 6712101
711 6522301
711 3422201
711 6612301
711 2712901
711 2722301
711 5712101
711 6412301
711 2722201
711 3722101
711 3722301
711 6722201
711 6722101
711 6612101
711 5612101
711 6422201
711 2422201
711 5712101
711 6712301
711 1722301
711 4422101
711 6612201
711 5412101
711 6412101
711 6722301
711 6712201
711 6622301
711 6522101
711 3621901
711 3722101
711 6722101
711 6712301
711 2712201
711 1722901
711 6622201
711 3722201
711 5612101
711 1512101
711 2622301
711 6612201
711 6512001
711 2712301
711 6712301
711 1712301
711 7722001
711 2622301
711 1722201
711 6712101
711 6722201
711 3722201
711 2722301
711 6722201
711 5712101
711 5612101
711 5712101
711 5612201
711 3622201
711 6622301
711 5712101
711 2512301
711 5612101
711 1612101
711 5612101
711 4722101
711 3622101
711 5712101
711 3522101
711 2612301
711 6612301
711 2512301
711 6512301
711 2612201
711 3622101
711 5712101
711 6722301
711 2722101
711 6722301
711 7622001
711 5719901
711 6712201
711 6522101
711 1522201
711 6722901
711 6522301
711 3722201
711 3722101
711 5512101
711 6722301
711 4722201
711 3622101
711 3522201
711 6712101
711 1722301
711 2712101
711 3722101
711 1722101
711 6722301
711 7722001
711 3722101
711 2712301
711 5512101
711 6612101
711 3722101
711 6722201
711 6722101
711 6412101
711 6712301
711 6622101
711 7622001
711 2522201
711 6722301
711 5712101
711 1622101
711 1622101
711 2512301
711 7722001
711 6612001
711 5612101
711 2722101
711 5712901
711 5719101
711 6722901
711 6512901
711 1622901
711 6722901
711 6622901
711 2712901
711 6712301
711 3722901
711 6712901
711 1722901
711 6622901
711 6712901
711 6512901
711 6712901
711 6712301
711 6512101
712 6422101
712 6722201
712 6522201
712 6722201
711 6722301
712 6722101
712 6712901
712 2612301
712 6519311
712 1712301
712 2712201
712 1722301
711 3622201
712 2622901
712 5712101
712 3522101
711 2712301
712 6722201
712 6722201
712 1712301
712 3622201
712 1722301
712 3722201
712 2722101
711 3722101
711 6722301
711 3722101
711 3722201
711 7622001
711 6512101
711 1712101
711 1712301
711 7722001
711 5712101
711 3622201
711 3722101
711 5612101
712 3722201
712 6412301
712 6722101
712 2522301
712 5712201
712 6622101
712 6612301
712 1622101
712 6512101
712 7722001
712 6612301
712 1522201
711 2722101
711 6612301
712 2712301
712 6712301
712 2722301
711 6722101
711 6722901
711 6722301
711 6722101
711 1722301
711 6612201
711 5612101
711 2712201
711 7522001
711 3722301
711 5712101
712 2722201
712 5612101
712 2612301
712 4722201
712 6712201
712 5712101
712 6622101
712 1622101
711 6522101
712 3722101
712 1622101
712 1622101
712 6712301
712 6512301
711 1722301
711 3621311
712 2712101
712 1712101
712 1712901
712 3722101
711 6712101
712 3722101
712 3721101
712 2712201
712 5712301
712 2512101
712 4722901
712 6322901
712 3622201
712 6722301
712 1722101
712 2612201
712 6712101
712 2712201
712 5712101
712 7722001
712 1722201
712 7722001
712 5712201
712 6622201
712 6722201
712 1622201
712 6312301
712 6622301
712 6612101
712 2612201
712 6522101
712 5612201
712 6212301
712 5712101
712 5712101
712 1612301
712 3722101
712 2629201
712 1712101
712 6612301
712 1622301
712 2722101
711 5712101
711 3522201
712 6722901
712 6522101
712 2622201
711 1722201
712 6522301
712 6722301
712 1722101
712 6712301
712 6512201
712 1512101
712 2722301
712 2722101
712 5712301
712 2722201
712 6522301
712 3722101
712 6722101
712 6712201
711 2712301
712 5712101
712 3422301
712 6612901
712 3622201
712 7722001
712 6522101
712 3622101
712 1722201
712 6712901
712 6722901
712 6712301
712 3622101
712 3722101
712 7722001
712 6712201
712 3522201
712 5612101
712 6722101
712 4522101
712 6612201
712 5612201
712 2522301
712 4522201
712 6612001
712 1712101
712 5712101
712 3422101
712 6722201
712 3722101
712 6712301
712 6622201
712 1722101
712 6722101
712 2622201
712 1722101
712 7622001
712 4622301
712 2712301
712 4722901
712 5612101
712 1522101
711 5512101
712 3722101
712 6722301
712 3522101
712 6712901
712 6722901
712 3622101
712 3622301
712 3722101
712 1722301
712 3622201
712 2722301
712 2612301
712 6622101
712 7622001
712 2712301
712 3722101
712 6722201
712 3522101
712 4522201
712 3722101
712 6512301
712 2612101
712 2612101
712 1722201
711 6622901
712 1512101
711 5712101
712 6412901
712 3722101
712 6512301
712 4622901
712 6512101
712 7722001
712 3622211
712 1722101
712 5612101
711 3722101
712 6622301
712 2722301
712 6622101
712 6622301
712 6712101
712 6712101
712 5712301
712 2522301
712 3722301
712 3422101
712 3722101
711 5712101
711 1522101
711 1722101
712 5712101
712 6712101
712 5712101
712 5719901
712 2722101
712 2722201
712 6722101
712 1622201
712 7622001
712 2722201
712 2722101
712 2522301
711 5612101
712 3722901
711 5712101
712 6722301
712 5712101
711 5712101
712 5712101
712 6722301
712 2712101
712 6712301
712 5612101
712 6712901
712 5612101
712 3622101
712 6622201
712 3622201
712 2512301
712 1622201
712 5712101
712 6522901
712 6722001
712 6622201
712 6512301
712 6622301
712 3522201
712 2712201
712 6612201
712 7722001
711 6422901
712 2622201
712 6722101
712 7622001
712 3522101
712 7622001
712 3522101
711 1412101
711 1612301
711 1722101
711 1522201
711 6622301
712 5712101
712 6522301
711 1612101
712 2712101
712 5512101
712 3622101
712 6712201
712 2722901
712 6622101
712 6722901
712 2722201
712 7522001
712 3722901
712 1529101
711 6712301
711 2722201
712 3622201
712 2712301
712 3622101
712 6722301
712 6622301
712 2612101
712 6512101
712 5512101
711 6722301
711 1722301
712 1612101
712 6722901
712 3722211
712 3622101
712 3722101
712 2722101
712 2612101
711 6712301
712 2622301
712 5612101
712 2612901
712 3722101
712 6322101
712 6522301
712 2722101
712 3422101
712 5512101
712 2612301
711 5512901
712 6512201
712 6512201
712 6512101
712 3622301
712 5612101
712 2622301
712 2612301
712 3522201
712 2722201
712 6722201
712 6612201
712 1721311
712 3422201
712 6612101
712 1722301
712 6522201
712 5612101
712 1621101
712 2722101
711 5712901
711 5712901
711 2712901
712 3722101
712 6622101
712 6722201
712 6712301
712 4422201
712 3722101
712 6722301
712 5512301
712 5712101
712 6312301
712 5712101
712 3722301
712 6722101
712 6722301
712 2722101
712 2722201
712 5712101
712 3722301
712 6722301
711 5712901
711 6712901
711 6712901
712 6522901
712 5719101
712 6622101
711 6612901
711 3722901
711 1722901
712 2622301
711 5712901
711 2712901
711 6722901
711 5712901
711 6712901
711 6512901
712 2712201
712 6612301
712 2722201
712 6612101
712 1612101
712 5612101
712 5612201
712 6612301
712 6712101
712 6722101
712 6622201
712 2722201
712 6722301
712 3622301
712 6722301
712 6512101
712 6722101
712 6312101
712 6512301
712 1722101
712 1722101
712 1722101
712 6622101
712 6622301
712 3722101
712 3622201
712 6722201
712 5612301
712 6722901
712 6722301
712 6712301
712 6612301
712 6612301
712 1712301
712 1712101
711 2712301
712 2712301
712 1622101
712 5512101
712 5712101
712 2712301
712 5712201
712 6722001
712 5712101
712 1722201
712 6712001
712 5512101
712 1512101
712 7722001
712 1722201
712 3722101
712 2712101
712 1722101
712 6422101
712 4422101
712 3522201
712 7722001
712 6622101
712 6722301
712 7622001
712 3622201
712 7722001
712 3622101
712 2522101
712 2722301
712 1722201
712 6712101
712 6612101
712 2712901
712 6512301
712 3522101
712 7522001
712 6612301
712 5712101
712 5512201
712 1722101
712 1722201
712 2712101
712 3522101
712 3722201
712 5612101
712 6722301
712 3722201
712 3722201
712 4522301
712 6622301
712 6622301
712 6622101
712 4529101
712 2722301
712 3322101
712 6512301
712 3422201
712 3622201
712 6722101
712 3422201
712 3722201
712 3722101
712 5712101
712 6712101
712 5712101
712 2522301
712 3422101
712 3722201
712 3722101
712 3722101
712 3722101
712 5712101
712 6622101
712 6622301
712 3622201
712 2512201
712 5612101
712 3422101
712 6722901
712 5612101
712 3622101
712 4622201
712 1622101
712 3722101
712 3722101
712 2722301
712 6722201
712 1522201
712 6722101
712 3722101
712 1512201
712 5712101
712 5512101
712 5712101
712 2722301
712 5612101
712 6722901
712 6522101
712 6722101
712 4722101
712 3622101
712 6722901
712 1722101
712 6622301
712 2622301
712 3522101
712 6612901
712 6422301
712 6422101
712 3722101
712 2712301
712 6512101
712 5712101
712 2722301
712 2522201
712 2512301
712 6512201
712 6722901
712 3722201
712 6612101
712 6722901
712 1712901
712 6612201
712 3522901
711 3422201
712 6722301
712 6312901
712 6512101
712 6712001
712 2512101
712 6622301
712 6712101
712 1722201
712 5612101
712 5712101
712 5612301
712 6712101
712 1712301
712 6522101
711 6622301
712 6722901
712 6722301
712 2722201
712 6712101
712 1622301
712 6722301
712 2622201
712 6712301
712 5712101
712 2712301
712 3622201
712 3622201
712 5712101
712 2712101
712 5712101
712 7522001
712 6422301
712 2722201
712 2722201
712 6722101
712 6722201
712 2722101
712 1712101
712 3722101
712 3722201
712 6612301
712 2721101
712 1712301
712 6612301
712 7622001
712 1522101
712 1712901
712 6612301
712 2622101
712 1712101
712 3622101
712 2612901
712 6612901
712 2612901
712 2722301
711 6522101
712 5712301
712 2722101
712 1712201
712 3722101
712 6722901
712 2712201
712 2522301
712 2712301
712 6612101
712 6722901
711 6622101
712 5712101
712 1622201
712 5712101
712 1722101
711 6722301
711 6722301
711 6712301
712 2612101
712 6712101
712 2712201
712 5612101
712 6722201
712 6722301
712 3522201
712 6522901
712 2712201
712 6712201
712 7522001
712 3722101
712 5612101
712 6612101
712 6722301
712 1712201
712 2712201
712 6622201
712 6712301
712 3622101
712 5712201
712 1612201
712 6722101
712 6712201
712 1712101
712 2722301
712 5512101
712 5712101
712 6712101
712 2712301
712 3622101
712 2722201
712 6712301
712 3722301
712 3722101
712 2622201
712 3522201
712 1722101
712 3622201
711 5712301
712 6719101
712 2712301
712 6622101
712 6712301
712 6722901
712 2611301
712 6722301
712 6612201
712 6722901
712 6612901
712 3722101
712 3722101
712 1722201
712 6512201
712 3622101
712 7722001
712 1712301
712 2712101
712 2722301
712 6522101
712 1612201
712 2622901
712 6722301
712 6712901
712 6612901
712 4722301
711 5612101
711 5612101
711 5712201
711 6712201
712 1722101
712 1722901
712 5712301
712 1712201
712 2522301
712 1622901
712 6612201
712 5712101
712 6712301
712 2512901
712 2722201
712 5712101
712 2622301
712 2712301
712 6712201
712 6522201
712 6722201
712 3721101
712 6722301
712 6722101
712 6722101
712 3622101
712 6722201
712 2722301
712 5612101
712 3522201
712 1512201
712 6622101
712 3722101
712 6421201
712 2612301
712 2722301
712 3722101
712 7622001
712 1722201
712 6722201
712 2722201
712 5712101
712 5712311
712 5612301
712 1722301
712 6612201
712 1622301
712 6422301
712 5712201
712 1722901
712 1722301
712 6712101
712 7522001
712 2722101
712 6522301
712 6722101
712 2722301
712 6722201
712 5712101
712 5712301
712 6722101
712 3522101
712 5712101
712 6712201
712 3722101
712 5612301
712 1612301
712 1712301
712 5712101
712 6712201
712 3422101
712 7722001
712 2722301
712 6712001
712 6712101
712 1622101
712 6522301
712 1612301
712 6622301
712 6122201
712 5712301
712 5612101
712 6312201
712 1722201
712 6712101
712 6712101
712 3322201
712 3722201
712 3522201
712 6722101
712 6722101
712 2722301
712 6722901
712 6622201
712 4522101
712 6612201
712 2612201
712 1412101
712 6612901
712 3722201
712 1722201
712 6722101
712 5612301
712 6612301
712 6622301
712 6712301
712 3622201
712 5512101
712 2712301
712 6612201
712 5612101
712 1522301
712 5612101
712 6612901
712 1722301
712 1722201
712 7622001
712 1712201
712 1712201
712 6712301
712 2722101
712 6312301
712 6512101
712 3522101
712 6622301
712 5712101
712 3722101
712 2712301
712 2712301
712 7622001
712 3622101
712 6512301
712 5712101
712 6512101
712 3622101
712 3722101
712 5612901
712 1612201
712 1722101
712 1712301
712 6722101
712 3622201
712 5712101
712 1722101
712 1612101
712 5612101
712 5712101
712 2712901
712 3722101
712 3722101
712 6622201
712 2722201
712 1712301
712 5612901
712 4522301
712 6612301
711 6522301
712 6522301
712 6522101
712 6622101
712 1512301
712 3522201
712 2722101
712 6722201
712 6622301
712 2722101
712 6612101
712 5712301
712 6712101
712 1722101
712 3722101
712 6622901
712 1722201
712 3522101
712 2722201
712 7422001
712 2722201
712 5712101
712 5712101
712 6722301
712 5612101
712 1512101
712 2522101
712 2712301
712 6722201
712 2622301
712 6422101
712 6522301
712 2622301
712 5712101
712 6712301
712 2712201
712 6722001
712 3622101
712 5512101
712 1712201
712 6722301
712 1722201
712 6622111
712 3622201
712 6612101
712 7522001
712 1712101
712 1712301
712 6721001
712 2722301
712 3622201
712 5512101
712 2612301
712 6622101
712 5712101
712 5712101
712 5712101
712 6712201
712 6712301
712 3622101
712 5712101
712 6722901
712 3622101
712 3522301
712 6522201
712 2712301
712 2722301
712 1612201
712 3722101
712 6712101
712 1712301
712 6612901
712 3622101
712 6622101
712 6612101
712 3422101
712 6622301
712 2722201
712 6712101
712 6522201
712 5712101
712 5412101
712 2522301
712 6612101
712 1712101
712 1712201
712 2712301
712 1722301
712 6622301
712 5712101
712 6622901
712 7722001
712 6712101
712 3522301
712 2722301
712 6722901
712 5612101
712 5712301
712 6622301
712 2622301
712 5512101
712 1512201
712 2722201
712 6622901
712 2612201
712 2612201
712 5712201
712 5712301
712 6722301
712 6722301
712 3722101
712 7722001
712 1712301
712 6722901
712 4522201
712 3522101
712 5712101
712 3722301
712 6622101
712 3722201
712 6612301
712 5712101
712 1612201
712 6512301
712 6722101
712 6712101
712 1712101
712 6622101
712 3422201
712 2712301
712 6712201
712 2722301
712 6711301
712 2722301
712 6622101
712 2712201
712 6722101
712 6712201
712 2612301
712 3722101
712 1522201
712 6722901
712 6712901
712 6722901
712 6712901
712 1712901
712 5712901
712 2612901
712 2712911
712 3722901
712 2712901
712 2522101
712 6622301
712 2712301
711 6621101
712 6422301
712 5712901
712 2712901
712 3622101
712 5712201
712 5712901
711 6722901
712 6722901
711 6722301
712 6513901
712 1712901
712 1722201
712 1712201
712 2722301
712 1712101
712 7522001
712 6612901
712 2612101
712 6722201
712 3422201
712 2712301
712 2712301
712 2622301
712 5612201
712 5612201
712 7722001
712 1612101
712 5712101
712 5712101
712 5512101
712 2722201
712 6712301
712 2722101
712 6722101
712 1722201
712 6612301
712 1722101
712 6722101
712 3522901
712 3322201
712 2722201
712 6322301
712 3722101
712 6622301
712 1522101
712 3722101
712 6722101
712 6722201
712 2712101
712 2722101
712 2522101
712 1522101
712 7522001
712 3622101
712 6722101
712 6712101
712 6722101
712 6712301
712 6712301
712 3722201
712 3722201
712 6722301
712 2712901
712 5712201
712 5612201
712 6712101
712 6712101
712 5712201
712 5712101
712 2712301
712 6622101
712 7622001
712 3522201
712 2612201
712 5612101
712 3522101
712 5612101
712 6722901
712 6722201
712 6712101
712 2712101
712 6712301
712 6622301
712 5612101
712 1512201
712 6622301
712 6722101
712 5512101
712 6722301
712 1522204
712 5712201
712 2512301
712 6722301
712 2722201
712 3722101
712 6722301
712 6722101
712 5611101
712 6722101
712 6722201
712 3621311
712 6722301
712 6612301
712 2721301
712 6722101
712 6622301
712 3722101
712 1722301
712 6722301
712 1512201
712 6622301
712 6712101
712 1722101
712 6312101
712 6522101
712 6722301
712 6622101
712 2722301
712 5712301
712 1722201
712 6622201
712 5712101
712 6122201
712 3522101
712 6712001
712 6522101
712 6722201
712 3622201
712 2722301
712 6722301
712 5612201
712 3422201
712 3522201
712 5612101
712 6412301
712 7622001
712 3622101
712 6722301
712 6711101
712 6712201
712 3622201
712 3622201
712 5712201
712 6622301
712 3522201
712 2722301
712 3522104
712 6712901
712 2722101
712 3722301
712 3722301
712 2712201
712 6322301
712 5512101
712 6721101
712 6712301
712 6622301
712 7722001
712 2722301
712 3622101
712 7622001
712 2722301
712 2612301
712 3622201
712 3722101
712 1712201
712 1722101
712 3722101
712 7722001
712 5612101
712 3722101
712 7722001
712 6722201
712 2622301
712 7722001
712 2622201
712 5712101
712 6712301
712 2612301
712 3722201
712 3422201
712 3722101
712 5712101
712 6712001
712 2722301
712 6622901
712 6622301
712 5612101
712 3522301
712 6622101
712 6612301
712 7622001
712 3722101
712 7722001
712 7622001
712 6622301
712 3722101
712 5719301
712 5719901
712 1712301
712 6722301
712 5712301
712 2712301
712 5512201
712 7622001
712 6722101
712 3522101
712 3522101
712 6722301
712 3622201
712 6522301
712 6612101
712 5612101
712 2712101
712 3622901
712 1512201
712 6722201
712 6612301
712 6512301
712 3422201
712 6612901
712 6722201
712 5712101
712 6612901
712 3722101
712 3722201
712 6612301
712 3622101
712 1612301
712 6512901
712 1712201
712 2729301
712 6612101
712 6622301
712 5512104
712 2712301
712 2712201
712 6611011
712 6712201
712 6712101
712 6612301
712 6612201
712 5712101
712 5512301
712 6712101
712 6712901
712 6712201
712 6612101
712 5712101
712 2722101
712 6722301
712 7622001
712 3422201
712 6422201
712 5712101
712 6712301
712 3722301
712 6722901
712 6722101
712 2722301
712 2622301
712 3722101
712 3722101
712 2512301
712 6712101
712 6712201
712 6712301
712 2712201
712 3722901
712 5712901
712 5712901
712 2722901
712 6712901
712 5712901
712 1712901
712 1712901
712 6612201
712 2512901
712 6722101
712 3522201
712 6622201
712 6622201
712 6612301
712 6722101
712 2722101
712 6722301
712 6722301
712 6722101
712 3722101
712 2712201
712 1722301
712 6522201
712 6712101
712 6612301
712 6722301
712 6522301
712 2712301
712 2712301
712 6722101
712 3622201
712 2712301
712 6712101
712 6622301
712 6522301
712 3522101
712 6722301
712 6622101
712 3722301
712 2522301
712 5612201
712 5712101
712 6622201
712 3622101
712 5711901
712 6612101
712 1522101
712 3522101
712 2612301
712 3722101
712 6512301
712 6712201
712 3722101
712 3722101
712 6722301
712 7622001
712 6712101
712 6612301
712 1612101
712 2712101
712 5612201
712 6312301
712 2713301
712 6722901
712 6612301
712 5712101
712 6712101
712 2722301
712 1712101
712 2722101
712 7522001
712 3722101
712 1612301
712 2722301
712 6522301
712 1722101
712 2712301
712 3622101
712 6722001
712 6712201
712 6722301
712 6522901
712 6222201
712 7622001
712 6712301
712 6712301
712 2622301
712 6612301
712 6722301
712 1722101
712 6722301
712 5612301
712 3722201
712 5612101
712 6622901
712 1512301
712 2712201
712 3722101
712 6722301
712 2722101
712 6612201
712 3722101
712 6621101
712 5512101
712 3422201
712 1512101
712 3722101
712 6612301
712 6722301
712 5612101
712 5712101
712 5612201
712 5512201
712 3522101
712 6622101
712 3522201
712 5512101
712 6612301
712 6512301
712 6611111
712 5612101
712 2622301
712 4422101
712 6612201
712 6722201
712 3622101
712 6712301
712 6721301
712 6622201
712 3722301
712 6622101
712 6612101
712 2722101
712 2712201
712 5512101
712 6712301
712 6712201
712 6712301
712 5512101
712 6722101
712 6312301
712 2722301
712 1722301
712 5712101
712 6722101
712 3522301
712 7722001
712 1522301
712 5712301
712 3722101
712 7722001
712 3722201
712 5712101
712 5712101
712 6712101
712 6712301
712 6722301
712 6722201
712 3722101
712 6612901
712 6622201
712 2722301
712 3522201
712 5712301
712 6612311
712 2712101
712 6712101
712 6712301
712 6522201
712 3522101
712 6312101
712 2422101
712 6712301
712 6612301
712 2712201
712 6712101
712 3622101
712 5712101
712 5612101
712 5712101
712 2722201
712 5712101
712 1712201
712 3722101
712 6312301
712 6612301
712 6622301
712 6712301
712 6612201
712 5512301
712 5712101
712 6722101
712 3522101
712 4522201
712 2722101
712 5612101
712 1722901
712 1622201
712 1712901
712 2722901
712 6512901
712 1722901
712 6722901
712 6722201
712 6622101
712 2722201
712 2622204
712 6322101
712 2712201
712 1712301
712 2722301
712 2622301
712 6522201
712 1622101
712 5612101
712 6622901
712 2612301
712 5712901
712 6722901
712 5712901
712 5712901
712 2722901
712 2712301
712 3722201
712 6722101
712 5719901
712 3622101
712 5712901
712 5712301
712 2722201
712 6412201
712 6712101
712 5612301
712 2712101
712 1712201
712 3722101
712 2622201
712 5712101
712 5612201
712 6322301
712 6622301
712 5612301
712 1722101
712 1722101
712 1612301
712 6712901
712 5612101
712 3622201
712 1622201
712 1712201
712 5712101
712 2712201
712 3622201
712 3722101
712 3622201
712 3622101
712 3522101
712 3722111
712 2722301
712 5612101
712 6622101
712 5612101
712 5712901
712 6722301
712 6622301
712 6612201
712 3722101
712 1722301
712 2722101
712 6512301
712 3722201
712 1722101
712 6722001
712 2712101
712 3722101
712 7722001
712 2712301
712 1612201
712 7522001
712 7722001
712 7522001
712 6722301
712 1712201
712 6622201
712 6622101
712 2722101
712 5612101
712 3622201
712 3622201
712 6622301
712 2522301
712 5612101
712 2722101
712 2712101
712 6612301
712 6112101
712 5512101
712 3722101
712 7722001
712 1712301
712 1712101
712 7622001
712 3622101
712 1612901
712 2512301
712 3722301
712 2612301
712 6722201
712 5612101
712 2722101
712 2622301
712 5612201
712 5612201
712 1722301
712 6712301
712 2722101
712 5712101
712 6712101
712 6712301
712 3722201
711 6522301
712 5712101
712 5712101
712 5612201
712 1722201
712 6722301
712 5612101
712 5612101
712 5712101
712 5712201
712 3722101
711 4722101
712 6712201
712 6722101
712 6612301
712 5712101
712 2722301
711 6722301
712 6712201
712 5712101
712 6622301
712 5712901
711 5512901
711 6422901
711 6422101
712 5612301
712 1612901
712 1722901
712 6712201
712 2712301
712 5712201
712 6712101
712 6712001
712 5712101
712 6712101
712 5612301
712 6612901
712 2722901
712 6712901
712 6712901
712 6712901
712 5712901
712 5712901
712 5712901
712 6722901
712 6712901
712 2722901