721 2721101
721 7521001
721 6711301
721 6721101
721 6721201
721 6712201
721 6711201
721 6622101
721 3621101
721 7621001
721 3622201
721 2721301
721 6511101
721 6422201
721 6711301
721 6621301
721 3722101
721 5611201
721 6711901
721 6721301
721 3421201
721 3422201
721 6721901
721 2611301
721 2712301
721 1622201
721 6721301
721 6721301
721 1722301
721 2721301
721 1712301
721 5511201
721 6612201
721 1711201
721 6711201
721 2612301
721 6421301
721 3721101
721 6521101
721 3722201
721 6522201
721 6512101
721 3721101
721 6721101
721 6722101
721 5711201
721 6621101
721 2611301
721 3421201
721 6711201
721 3622101
721 3422201
721 5612101
721 6421101
721 2721101
721 1711101
721 1622201
721 4422101
721 1711301
721 5711111
721 7522001
721 6522301
721 5612101
721 3521201
721 6622201
721 6721201
721 2711201
721 5711301
721 3521201
721 5611201
721 5511101
721 7621001
721 6621001
721 3721201
721 6611101
721 6721101
721 2521301
721 6721101
721 5611301
721 6721101
721 1721201
721 3721201
721 3421101
721 5711201
721 2621101
721 5411101
721 6512201
721 2721201
721 2721301
721 6521201
721 6721101
721 7621001
721 6721101
721 6721201
721 6711101
721 6321101
721 5611201
721 6712101
721 6721101
721 1712201
721 3621101
721 4621101
721 2621111
721 6721201
721 6711101
721 5712101
721 1712301
721 3522101
721 3622301
721 6711101
721 6521101
721 3722201
721 1721301
721 3521201
721 6622201
721 6711201
721 1721301
721 2712101
721 5612101
721 3522301
721 2721201
721 3422201
721 6411301
721 3621101
721 1721901
721 3721101
721 5711901
721 6621101
721 5711101
721 6622201
721 2622201
721 5712101
721 7523001
721 7621001
721 6721301
721 7622001
721 6521101
721 1512301
721 6311201
721 6722201
721 3522201
721 5611101
721 3421101
721 6721201
721 6523301
721 2721301
721 6721101
721 6711101
721 2521301
721 3722101
721 2721101
721 5719101
721 6711111
721 5711101
721 5711101
721 5611101
721 6611001
721 1622301
721 2711301
721 6711001
721 3621101
721 3721101
721 1721301
721 5611101
721 3722101
721 1721101
721 5611201
721 1722301
721 1722301
721 6712901
721 5512101
721 6721301
721 3722101
721 3421201
721 3521101
721 3622101
721 6711301
721 2711101
721 5711101
721 5711301
721 6711101
721 2722301
721 6521911
721 6522301
721 1511101
721 2711101
721 3422101
721 2621301
721 6611201
721 6622301
721 6611201
721 3721101
721 5612101
721 5613101
721 6611311
721 6311101
721 5711101
721 1611301
721 5611201
721 6721101
721 5711101
721 6411201
721 5512201
721 6421101
721 5611201
721 5711901
721 6711101
721 7621001
721 5611101
721 7522001
721 6721901
721 5611101
721 6611101
721 7621001
721 5611111
721 3722201
721 6722301
721 6721301
721 2711101
721 2611301
721 1711101
721 3723301
721 5711101
721 5711101
721 6611001
721 3522101
721 3421101
721 5712101
721 6521101
721 2511201
721 3621201
721 2721301
721 1721101
721 6611001
721 3521101
721 2711301
721 6721201
721 6611301
721 6722101
721 2711101
721 3521301
721 1711201
721 3521201
721 7521001
721 6611201
721 3421101
721 2711301
721 6411101
721 5712101
721 6621101
721 6611201
721 6711101
721 5612201
721 6111101
721 6111101
721 6522201
721 7421001
721 7622001
721 6711101
721 3621101
721 2621301
721 3522201
721 5512101
721 6629901
721 6721101
721 6711101
721 5711101
721 1521101
721 5611101
721 5511101
721 3721101
721 3621201
721 6611101
721 6412201
721 6712101
721 5612101
721 5511101
721 6522101
721 6622301
721 6522101
721 6722301
721 1721901
721 6611201
721 2611301
721 5511101
721 6622101
721 3722101
721 5712201
721 6621101
721 7522001
721 7521001
721 6722301
721 6612901
721 6512301
721 5711101
721 7522001
721 6621101
721 2722201
721 5712101
721 1721101
721 1721201
721 6622101
721 7521001
721 6621101
721 7721001
721 5611101
721 3529101
721 6422201
721 6712301
721 5611101
721 5611101
721 6611301
721 1512201
721 3721101
721 5712101
721 7521001
721 3422201
721 5511101
721 6712101
721 6722901
721 6611101
721 3621101
721 3621101
721 5711101
721 6721301
721 2621201
721 6721301
721 3721301
721 6621201
721 5712101
721 6721101
721 6622101
721 5512101
721 1622101
721 6712101
721 6329101
721 5712901
721 2621901
721 3523301
721 6622901
721 6721901
721 2721201
721 5611101
721 6721101
721 5611201
721 7722001
721 1521301
721 3722201
721 6622301
721 5712101
721 6622201
721 7722001
721 3521101
721 6611201
721 6621101
721 6622101
721 5712101
721 2721301
721 6722901
721 5611101
721 3422101
721 2621901
721 6522101
721 6522101
721 3722101
721 6722301
721 5711101
721 6711101
721 6722101
721 6722101
721 6612101
721 7622001
721 5612101
721 6411101
721 6711101
721 2721301
721 6312301
721 1612101
721 5712301
721 3622301
721 6711101
721 3621101
721 5611101
721 5712101
721 6712101
721 6621101
721 2611101
721 6622301
721 6411101
721 3522101
721 3621101
721 2511301
721 5712901
721 3722301
721 5711101
721 6712101
721 6711101
721 1711201
721 3522101
721 7522001
721 6711301
721 6612101
721 3722201
721 2712201
721 3421201
721 6621101
721 1521101
721 4421201
721 6612101
721 3722101
721 3322101
721 7621001
721 6412101
721 6721301
721 2721101
721 5512101
721 5711101
721 6721301
721 6721301
721 6721301
721 5611101
721 2612101
721 6711101
721 3721201
721 3522201
721 5512101
721 6521201
721 7622001
721 7421001
721 7421001
721 6521301
721 5711101
721 6721901
721 6622201
721 7622001
721 6711901
721 6721101
721 6611101
721 5711101
721 5512101
721 3521201
721 6629101
721 6722201
721 4521301
721 5712101
721 6521301
721 6711101
721 5611101
721 6521101
721 2511301
721 6721101
721 6721901
721 6721101
721 6219301
721 5512201
721 3621101
721 1611201
721 3622101
721 5712101
721 5712101
721 5612101
721 6429901
721 6712101
721 6211101
721 3621301
721 7522001
721 7721001
721 7721001
721 2621211
721 6711301
721 6621201
721 6722101
721 6721301
721 5511101
721 5511101
721 3321101
721 6722901
721 3721201
721 6721101
721 6721101
721 6412301
721 6621201
721 2721101
721 7721001
721 3721101
721 3721101
721 3721101
721 6712101
721 6721101
721 6721301
721 1621101
721 3621201
721 3721101
721 1712201
721 2522201
721 6711001
721 5711101
721 2721301
721 1722201
721 3522201
721 6712101
721 6721201
721 3621101
721 3621201
721 3722201
721 6621301
721 5711101
721 2721101
721 6612301
721 6612301
721 6722101
721 5611101
721 6612101
721 6611201
721 3521201
721 7721001
721 6621301
721 5611101
721 6611001
721 6712101
721 6621101
721 6621201
721 6619901
721 6611101
721 6221301
721 6722301
721 5611201
721 3721101
721 6611301
721 5612101
721 5711101
721 5712301
721 6522101
721 7721001
721 7621001
721 6621011
721 6711101
721 6511101
721 6621201
721 6421101
721 1519101
721 5611101
721 6311101
721 6712301
721 6622101
721 5611101
721 6719201
721 2721301
721 5711101
721 6721301
721 5712901
721 2711301
721 6521101
722 6711301
722 6421101
722 1712301
722 3421111
722 5611101
721 1722201
722 3529101
721 6721101
722 6711301
721 2712301
721 6612301
722 5611301
721 6721901
721 6711301
721 5712101
721 3622101
721 3721101
721 3722101
722 3621101
722 6722101
722 3521101
721 3521201
722 6711201
722 7622001
722 2511201
722 2721101
722 5611101
722 6611101
722 6622101
722 2711301
722 5612101
722 6722901
722 2622301
722 6711301
722 6711101
721 6612901
722 3521101
722 5612101
722 6712901
721 5711101
722 1721201
722 1721201
722 2711301
722 6711101
722 6722201
722 3521101
722 6621101
722 7421011
722 3421201
721 6621201
721 6621201
722 6611101
722 6711201
722 6721101
722 6721101
722 2721101
722 6612101
722 6721101
721 5711101
722 3421101
722 6621201
722 6611101
722 5611101
722 1611301
722 6721301
722 1711101
722 6711101
721 5712101
721 1722301
722 6711201
722 3621101
722 6721201
722 2711301
722 6612301
722 5511101
722 3622901
722 5511101
722 6711201
722 5712101
722 7622001
722 6711201
722 6711201
722 6611201
722 5712101
722 3521101
722 5712101
722 5612101
722 6522201
722 6522101
722 6611301
722 6711901
722 1512201
722 6621101
722 2612201
722 5612101
722 5711101
722 6712201
722 6522101
722 3421101
722 3622101
722 2721301
721 6721901
722 2712201
722 3522101
722 2721301
722 6512301
722 6722901
722 2611101
722 1721101
722 6711001
722 5611101
722 3721201
722 6721301
722 2721301
722 6511201
722 6511101
722 6411111
722 5611201
722 1611211
722 2712101
722 5711111
722 1611101
722 6721301
722 2611101
722 1611201
722 6711201
722 5611101
722 6711201
722 6621101
722 2511301
722 3621101
721 2722901
722 6521101
722 5412101
722 6712101
722 3721201
722 6311101
722 6421101
722 2621301
722 3622101
722 3621101
722 7622001
722 3522101
722 6411101
722 6711301
722 6521101
722 6619211
722 2611301
722 6721301
721 2721901
722 6611301
722 1521101
722 5612101
722 6522301
722 6721301
722 4522101
722 6621101
722 6611301
722 7522001
722 5611201
722 3621101
722 6712101
722 6622101
722 3621101
722 6611301
722 2721101
722 6721301
722 6711001
722 6411001
722 6621101
722 6712201
722 3621101
722 6321101
722 5612101
722 3721101
722 3621101
722 5611101
722 6711201
722 2722101
722 5511101
722 1422201
722 6611101
722 3522301
722 3521201
722 3523101
722 6519101
722 6422901
722 5612101
722 6721301
722 6721201
722 6611301
722 3421101
722 6521301
722 1612101
722 5612101
722 5412101
722 6721101
722 7522001
722 6722201
722 2712101
722 5712101
722 5612101
722 5712101
722 3521101
722 2611301
722 5712101
722 3721201
722 7721001
722 6711001
722 6521301
722 1612201
722 5712101
722 6511301
722 6612101
722 5711101
722 2721301
722 3721201
722 6621301
722 6511101
722 3422101
722 3622101
722 6511101
722 5611201
722 1521101
722 6611201
722 3521101
722 6421101
722 7722001
722 2712301
722 3422201
722 6721001
722 5612101
722 6721101
721 6512301
722 2611301
722 7722001
722 6721101
722 6611301
722 6621201
722 5611101
722 6521301
722 2722201
722 2721301
722 5711101
722 5712101
722 6312301
722 6711001
722 6711301
722 7522001
722 2711201
722 5711201
722 6712301
722 6621101
722 3521201
722 6611301
722 6711301
722 3721201
722 3722101
722 3722101
722 3622101
722 1712901
722 5712301
722 5711301
722 6621101
722 6622301
722 5612101
722 2721101
722 6711201
722 5611101
721 6611901
722 3622101
722 3721201
722 7721001
722 6622201
722 6711101
722 5511101
722 6621101
722 6622101
722 3521101
722 6421101
722 5611101
722 1721301
722 6521101
722 1611101
722 5611101
722 6722901
722 6712301
722 1711201
722 6711201
722 6622101
722 6611201
722 2611101
722 6311301
722 6511211
722 6622201
722 6711111
722 6422302
722 6422101
722 6522101
722 3521211
721 5611101
722 2711301
722 2622201
722 6521101
722 7522001
722 6412101
722 7722001
722 5712101
722 6722301
722 6711301
722 3521101
722 2722201
722 6621101
722 6521901
722 6711201
722 6522301
722 7621001
722 3521101
722 7521001
722 3421101
722 2412301
722 6722301
722 6721111
722 5612301
722 1712201
722 6711201
722 2711101
722 3522101
722 6611901
722 6721101
722 6711301
722 3521101
722 2612101
722 5711101
722 2621201
722 6711001
722 6711101
722 6711301
722 3621201
722 3722201
722 6711101
721 6711001
722 6721301
722 2712101
722 2712301
722 6311101
722 6522301
722 1512301
722 5719301
722 6521901
722 5711101
722 5712301
722 3622201
722 6521201
722 6721201
722 5611201
722 6711101
722 3722301
722 3722101
722 3621101
722 3722101
722 7522001
722 6611101
722 5419101
722 3722201
722 2611201
722 6721901
722 5711101
722 3622101
722 6721301
722 5611101
722 6711101
722 6612301
722 5712101
722 2611101
722 3621201
722 3722101
722 6611301
722 3622101
722 5711101
722 3621101
722 6721101
722 3421201
722 6722301
722 3521101
722 6712301
722 6622201
722 6722201
722 3621301
722 2512201
722 3422201
722 2621301
722 6721901
722 3722101
722 2711301
722 7622001
722 6621201
722 2721301
722 3521111
722 2711901
722 6721301
722 6712301
722 5612201
722 5711101
722 5611101
722 3721201
722 2711101
722 2721201
722 3721101
722 7622001
722 2721101
722 6611201
722 2621101
722 1611101
722 5711101
722 5712101
722 6611311
722 6721201
722 3722101
722 6521311
722 5511201
722 3521201
722 7621001
722 2612301
722 6722304
722 5611101
722 6722101
722 3622201
722 6711301
722 6711101
722 2611301
722 5612101
722 6712901
722 1611101
722 6722901
722 6611301
722 6711201
722 6711201
722 1621301
722 6721101
722 6412301
722 6511201
722 5712101
722 3722101
722 3721101
722 6711101
722 6711201
722 6621111
722 6712201
722 6421301
722 5712201
722 6712101
722 6621101
722 6521101
722 3722101
722 5512101
722 6111301
722 6611301
722 2511301
722 6621101
722 3622101
722 1611201
722 3622101
722 1712201
722 2721301
722 3722101
722 6711301
722 3721101
722 5712101
722 5512101
722 2721301
722 3621101
722 6711101
722 5611101
722 5711101
722 6722101
722 6621101
722 3521301
722 1621101
722 5619901
722 5719901
722 6722101
722 6712101
722 6712901
722 6621101
722 5612201
722 1522101
722 6421901
722 2612301
722 6711301
722 6311101
722 5712201
722 2711201
722 6711901
722 5712101
722 5512101
721 6512301
722 6711301
722 1621101
722 1711201
722 1722201
722 3721101
722 5711101
722 5512101
722 6721001
722 6722901
722 6721901
722 3521201
722 5711101
722 2712101
722 6711001
722 3622101
722 3521101
722 6711201
722 2712301
722 6711001
722 7521001
722 6611201
722 3621101
722 6621301
722 1711201
722 6722304
722 5511101
722 2721301
722 6711101
722 6612101
722 3621101
722 1511301
722 6711201
722 3521101
722 3522201
722 7522001
722 1521101
722 2711301
722 5612101
722 3721101
722 3622101
722 1622101
722 6621101
722 2711301
722 6611301
722 6711101
722 6522301
722 2512201
722 5611201
722 3722101
722 6611101
722 1511101
722 6711201
722 6611301
722 6721301
722 6511101
722 2711901
722 6722301
722 5711101
722 3721201
722 3622201
722 7621001
722 6721301
722 5711101
722 6611301
722 3721101
722 6621201
722 6722301
722 6711101
722 6611301
722 3523101
722 2711301
722 6622301
722 6421101
722 2711901
722 6722101
722 5511101
722 6612301
722 5712901
722 6621201
722 5719901
722 5619901
722 3621101
722 3621101
722 3722301
722 7521001
722 1711301
722 1622101
722 6623301
722 5611101
722 2712301
722 6711901
722 7621001
722 5719901
722 5712301
722 6721301
722 2621301
722 3621201
722 5712201
722 3522101
722 7621001
722 5712101
722 3621101
722 2712901
722 5611101
722 6412101
722 6622101
722 3622101
722 3622101
722 3721101
722 6711101
722 5612101
722 6711101
722 5711101
722 5712101
722 3421101
722 6611101
722 5711101
722 6612101
722 6612301
722 6711101
722 6711301
722 3521201
722 3421111
722 6721901
722 2721301
722 5612101
722 6512304
722 6622301
722 6621201
722 6722901
722 1722901
722 6712901