731 2722301
731 2622101
731 1612201
731 2512301
731 6521211
731 4622101
731 7522001
731 6712201
731 3722101
731 6521111
731 6612201
731 4622201
731 6612101
731 2612201
731 4722201
731 7722001
731 6722301
731 3722101
731 6522101
731 2712901
731 5712101
731 2712301
731 4722901
731 1722301
731 3722101
731 6712101
731 5712101
731 7522001
731 2522301
731 3722101
731 6722101
731 1722101
731 1612101
731 2722301
731 3622101
731 6712301
731 2722301
731 6721301
731 5712201
731 3722101
731 2612301
731 5612101
731 6712001
731 2612201
731 1722201
731 6722301
731 6612101
731 5712101
731 6512301
731 6722301
731 6512201
731 6622201
731 6722101
731 2722301
731 6722201
731 6522301
731 1722201
731 6622201
731 3522201
731 5612201
731 2722301
731 2722301
731 1611101
731 6712201
731 6622101
731 3522101
731 5712101
731 6712101
731 6612301
731 5712101
731 1512301
731 3622201
731 6612101
731 4522201
731 6622301
731 3722201
731 5712101
731 6322301
731 5512101
731 2712301
731 7722001
731 3422201
731 5712101
731 6712301
731 2722301
731 2722901
731 2712301
731 2722301
731 6722201
731 5611101
731 5712101
731 2712101
731 5612101
731 6722301
731 6612301
731 6711101
731 6622301
731 3722201
731 3522101
731 6722201
731 3422101
731 3722101
731 5712101
731 1722301
731 2722201
731 7722001
731 2722301
731 1712301
731 5512101
731 2712301
731 2612201
731 5712101
731 5612101
731 3622101
731 6622101
731 5712201
731 3522101
731 6712101
731 6722901
731 3722201
731 3722101
731 6722901
731 6622101
731 6722201
731 6722101
731 1722101
731 6722201
731 6712301
731 7722001
731 5712101
731 6712101
731 5712201
731 5712101
731 6722201
731 3722201
731 3722101
731 6722301
731 6722901
731 6722201
731 6612301
731 1522101
731 2722201
731 6722301
731 3422101
731 7422001
731 6522101
731 1522301
731 5712301
731 3622201
731 6722301
731 6712101
731 1622201
731 6522101
731 2512101
731 5711901
731 6712301
731 5712101
731 2612301
731 6722301
731 6712101
731 5712101
731 5712101
731 1712301
731 5712101
731 6712301
731 3722101
731 5712101
731 5612101
731 5612101
731 6412301
731 5512101
731 3722101
731 2622301
731 6712101
731 6622101
731 5712101
731 6712101
731 6622101
731 3722101
731 2512101
731 6612201
731 1612301
731 7622004
731 1622101
731 5712101
731 6722301
731 1622211
731 6712201
731 7722001
731 3722101
731 6622101
731 3722201
731 6622301
731 6622301
731 5712101
731 5612101
731 6722201
731 6622101
731 4522201
731 2622301
731 5712101
731 6711301
731 5712101
731 5712101
731 2612301
731 2612301
731 5612101
731 3722101
731 2722101
731 1612201
731 6612101
731 5712101
731 6712101
731 6712301
731 5712101
731 6722901
731 6122301
731 5612101
731 6722101
731 6722101
731 2712201
731 3621201
731 2712101
731 6722901
731 3622101
731 3622301
731 1512101
731 5712101
731 2712201
731 7722001
731 2712201
731 5612101
731 6622901
731 6622201
731 6722101
731 5712101
731 5712101
731 6722101
731 2722201
731 6712201
731 6622101
731 3722101
731 6512101
731 7722001
731 5612101
731 5712101
731 5712101
731 5712101
731 3522101
731 6622901
731 2722301
731 7722001
731 6512201
731 5619101
731 6712101
731 6622101
731 5712201
731 6722201
731 6422101
731 6612901
731 1622301
731 6522101
731 1712101
731 3722101
731 5712101
731 7722001
731 6422101
731 1712201
731 5711101
731 6712301
731 6722101
731 2722201
731 3722201
731 6722301
731 5712101
731 5712101
731 1512101
731 6322201
731 3722101
731 2712101
731 1722301
731 1622101
731 1622201
731 3722301
731 3322201
731 5612101
731 5612101
731 3722201
731 5712101
731 6622201
731 5712201
731 5612901
731 1712201
731 7722001
731 2722301
731 3722201
731 3722101
731 1612301
731 6712201
731 5712101
731 2712301
731 6722201
731 3722101
731 6512101
731 6212201
731 6722201
731 4322101
731 3722201
731 6522201
731 1712301
731 2722201
731 7722001
731 3722101
731 7722001
731 2722301
731 1422301
731 6622201
731 6512101
731 6712201
731 5712111
731 7722001
731 6712301
731 3622301
731 3722101
731 2722201
731 2722101
731 3622901
731 6522101
731 5612101
731 6712301
731 3421201
731 5612101
731 1722301
731 3722301
731 3722301
731 6712201
731 6612101
731 1712301
731 6412301
731 7522001
731 3722201
731 3622201
731 3722101
731 2722301
731 6412101
731 3522201
731 6712301
731 5612101
731 2712301
731 1712101
731 6622301
731 7622001
731 5612101
731 6622101
731 6522301
731 5512101
731 6422901
731 3522201
731 6522101
731 5712201
731 6722301
731 6522201
731 5712101
731 1612201
731 5712101
731 6712201
731 6522301
731 3722101
731 6712301
731 5712101
731 2622101
731 5712101
731 6522101
731 2722901
731 6422101
731 6612901
731 1622901
731 2722901
731 2622901
731 6612301
731 5712201
731 1712901
731 5712901
731 5712101
731 2712301
731 1712301
731 2612901
731 5712101
731 2712901
731 2712201
731 5712101
731 7522001
731 5712101
731 5712101
731 5712101
731 2712901
731 5612101
731 5712101
731 6712101
731 1712301
731 6712101
731 5712101
731 6722101
731 6312101
731 3522101
731 3722201
731 3722101
731 6722201
731 2622301
731 2722301
731 6322101
731 6722901
731 2722101
731 6722201
731 6512301
731 3622201
731 6522201
731 6522301
731 5711101
731 6712901
731 3722101
731 6722901
731 6612301
731 1722201
731 5712101
731 5719101
731 5712301
731 5711101
731 5719101
731 6512301
731 6512301
731 5612101
731 3622101
731 6622301
731 3322201
731 1712201
731 5619101
731 5512101
731 1722201
731 6712301
731 6522101
731 5712101
731 6712301
731 5512101
731 6622101
731 1722201
731 1722301
731 5712101
731 6322201
731 6722201
731 5612101
731 5712301
731 6712101
731 2722301
731 6722201
731 6722301
731 5712101
731 6512301
731 6712001
731 6712301
731 3422101
731 7722001
731 2712301
731 5712101
731 1612301
731 1712101
731 6722301
731 7522001
731 6622101
731 6622101
731 5612101
731 4522201
731 3722101
731 2722301
731 6722201
731 4722201
731 5712201
731 6512101
731 6612101
731 2712201
731 3522201
731 6722101
731 7722001
731 6712101
731 6721101
731 2721101
731 1522201
731 6712201
731 7422001
731 3422301
731 5712101
731 3722101
731 6512301
731 6522301
731 2522301
731 3522201
731 3322201
731 3322101
731 6722101
731 1712101
731 2722301
731 6712201
731 3721101
731 3422211
731 7522001
731 5712101
731 5712101
731 2712201
731 6622101
731 6722101
731 6512201
731 6512101
731 6622101
731 6722901
731 2712901
731 5712101
731 3522201
731 4622201
731 7722001
731 1712101
731 6622101
731 5712101
731 6512301
731 5712101
731 5712101
731 5712101
731 6612301
731 1712201
731 6722201
731 1612101
731 3522301
731 3422201
731 7522001
731 3622201
731 6722301
731 5712101
731 6712101
731 3622101
731 3722101
731 6712301
731 6712301
731 1722101
731 1712201
731 7722001
731 2622301
731 1722901
731 1712201
731 6712301
731 6722101
731 3522201
731 5512101
731 2722301
731 2722301
731 7722001
731 5712101
731 5612101
731 6622301
731 6722201
731 6722301
731 5712101
731 6722301
731 4322201
731 2712201
731 3722101
731 5612101
731 2712301
731 6722301
731 5712101
731 1512101
731 5612101
731 6622901
731 7522001
731 2712301
731 2712301
731 3722101
731 1722301
731 1512201
731 6722301
731 4722901
731 2722101
731 3522201
731 2722301
731 6712301
731 1722301
731 1722201
731 5612101
731 5712101
731 6712301
731 3522101
731 6722301
731 6612001
731 2722201
731 6712901
731 5712101
731 2512301
731 5619201
731 6522301
731 6523201
731 6311201
731 3722201
731 7622001
731 6712201
731 5712101
731 6712301
731 6712301
731 2712301
731 1712101
731 6712201
731 5712101
731 6722101
731 6722301
731 6612201
731 6612101
731 3622301
731 1522101
731 5712101
731 3422201
731 7622001
731 3722201
731 5712101
731 7722001
731 3722101
731 6722201
731 2722901
731 6712901
731 6722901
731 2712901
731 5712901
731 6612901
731 2612901
731 2722301
731 6712201
731 2712101
731 6611301
731 1712201
731 2722201
731 1722101
731 5712101
731 6712901
731 1712101
731 3422201
731 7722001
731 6612201
731 5512101
731 2712101
731 5712101
731 3722101
731 2722201
731 6712101
731 2722101
731 1712101
731 2722101
731 3522101
731 6722301
731 5612101
731 7722001
731 6522301
731 6612101
731 6612301
731 6712301
731 5712101
731 1722201
731 6712301
731 6722101
731 3622101
731 5712101
731 5612101
731 5712101
731 5712101
731 3622201
731 3522301
731 5712101
731 2522301
731 1622901
731 5612101
731 5712201
731 5712101
731 3722101
731 6721101
731 1722301
731 1712301
731 6722301
731 5712101
731 2729901
731 5612101
731 3622101
731 6712901
731 1712101
731 5712101
731 3722901
731 5712101
731 3622101
731 4522201
731 2712301
731 3622201
731 6722101
731 2612301
731 5612101
731 6722301
731 5719101
731 6722301
731 3522201
731 6722301
731 3722101
731 6612301
731 3522201
731 1722101
731 2522101
731 5712101
731 6712101
731 5712101
731 1722201
731 2712301
731 3622101
731 6622101
731 5712101
731 6722101
731 6722101
731 5712101
731 1722901
731 6522101
731 3622201
731 3622901
731 1512201
731 6622101
731 6722101
731 3722101
731 6712901
731 6722201
731 6722301
731 6512201
731 6412301
731 6729301
731 2722201
731 2712201
731 5612101
731 2522301
731 5712901
731 3522201
731 1612201
731 5612101
731 2722301
731 6522101
731 6522301
731 1612301
731 6512101
731 3522101
731 2512201
731 7622001
731 7622001
731 5612101
731 6612901
731 6722301
731 6722101
731 6312201
731 3622201
731 6722301
731 5712101
731 1712301
731 6722901
731 6722101
731 2722201
731 3722201
731 3722901
731 6322201
731 2712301
731 6712901
731 6722301
731 6712901
731 6712301
731 5712901
731 5712901
731 6712301
731 5712901
731 2722901
731 3722901
731 6722901
731 6612901
731 1722901
731 6522901
731 5612201
731 5712104
731 6712201
731 6312101
731 6522301
731 6512201
731 6412301
731 5612201
731 5712101
731 5512101
731 1612101
731 6412301
731 6612301
731 6612201
731 4522201
731 6622301
731 6522101
731 5512101
731 2722101
731 6622101
731 4722201
731 6722301
731 2722301
731 6512101
731 6712301
731 6712301
731 2722301
731 6512201
731 3522201
731 5612201
731 6722901
731 1712101
731 2712301
731 2612301
731 2612201
731 5712101
731 2712301
731 5612101
731 7722001
731 6622201
731 6722201
731 6722101
731 4429201
731 6722101
731 6712101
731 5612101
731 5612101
731 2612301
731 6712301
731 4729201
731 3422201
731 2722101
731 6729201
731 2722101
731 6712201
731 6622301
731 6722301
731 3522101
731 1722201
731 1722201
731 6622301
731 3722104
731 3622101
731 6722101
731 6712301
731 3522101
731 1612101
731 3722201
731 3422101
731 6522901
731 6712901
731 2712101
731 6719101
731 3722101
731 3722101
731 2522201
731 5712101
731 5512301
731 1522101
731 6612101
731 5712201
731 5712101
731 5712101
731 6612101
731 1722101
731 1712101
731 5611101
731 2722301
731 2722301
731 6612101
731 5612101
731 2722201
731 1722101
731 6722001
731 6622301
731 6722901
731 6712301
731 2612101
731 1712101
731 1722201
731 2711301
731 6722101
731 1712201
731 2622301
731 6712101
731 3622201
731 6712901
731 6722101
731 3722101
731 3622201
731 1412301
731 2522301
731 7522001
731 5612101
731 1722201
731 7722001
731 1712201
731 1722901
731 5712101
731 3722201
731 6712301
731 5712101
731 5712101
731 2722301
731 3722201
731 5712101
731 5712901
731 6612201
731 3422201
731 6712901
731 6422301
731 1722101
731 3722101
731 6712301
731 6722901
731 6312101
731 1722201
731 2622301
731 7722001
731 7722001
731 2722301
731 2722201
731 6722101
731 5712101
731 5512101
731 5712101
731 5512101
731 6722101
731 6522201
731 5512101
731 5612101
731 6722301
731 6722901
731 6722301
731 5511901
731 6622901
731 6712301
731 2522901
731 2612901
731 6722901
731 1512901
731 5712901
731 2722901
731 2622901
731 6722901
731 2713901
731 6722901
731 2722901
731 6712901
731 6422901
732 3622101
732 2622301
732 6622101
732 3722101
731 6722301
732 6522301
732 7722001
731 6712201
732 6712101
732 3722101
732 2622301
732 6622901
732 6522301
732 6512301
732 6722301
732 4322301
732 3722201
732 4522201
731 6712001
731 3722101
731 3722101
731 7722001
731 3622101
731 6712301
732 3522201
732 6712201
732 3722101
732 6612201
732 1712101
732 2722101
732 6622201
732 2712201
731 3722201
731 5712101
731 6712301
732 6712101
731 6712901
731 5612101
731 3722101
731 2722201
731 3622101
731 3722101
731 6722201
731 6722101
731 3722101
731 1722201
732 6722301
732 1712101
732 2712101
732 6712101
732 6412201
732 1712101
732 1522101
732 1522101
732 6522101
732 7622001
732 6612201
732 2712301
732 6719101
732 2729301
732 6722301
732 2712201
731 3722101
732 6512201
732 2712301
732 3422201
732 5712101
732 1512301
732 2712301
731 6712201
732 6722301
732 2712301
732 5612101
732 7622001
732 7522001
732 3522101
732 3522101
732 3622201
732 2712101
732 6722301
732 1622201
732 2612301
732 5612101
732 5712101
732 5612101
732 7622001
731 6612201
732 3722101
732 6322101
732 5512201
732 3522301
732 3722101
732 6712301
732 2722201
732 5612101
731 6712301
731 6622901
732 2722201
732 6722201
732 5612901
732 6711101
732 3622201
732 3722101
732 6622101
732 3722101
732 3722101
732 3422201
732 6522301
732 3722201
731 5712101
732 6722101
732 3522301
732 2722101
732 5712101
732 6612901
732 7722001
732 6722001
732 5412201
732 1722201
731 5712101
732 6712301
732 2612201
732 6712101
732 6712901
732 6612301
732 1722201
731 5712101
732 5712101
732 1722201
732 6722301
732 3722101
732 6722301
732 6712901
732 7729001
732 6722101
732 6712301
732 2722301
732 5712101
731 6712901
731 2612301
732 5712101
732 5712101
732 5712101
731 5712101
732 6622901
732 3722201
732 3622101
732 6522201
732 6412101
732 5712301
732 5612101
732 5712101
732 6712201
731 6712301
732 2712101
732 6722101
732 6522301
732 3722201
732 6712101
732 2712301
731 2712301
732 7722001
732 5712101
732 5712101
731 3422301
732 3422301
732 6712101
731 6522301
731 6712001
732 6722301
732 7622001
732 2722201
732 6622901
732 1722101
732 2712201
732 6622101
732 1722101
732 3722101
732 2712201
731 6722101
731 6412301
732 3522101
732 2712201
731 6722901
731 6712301
731 2712901
732 6722301
731 2522301
732 6512101
731 6712301
732 2712101
731 6512301
732 6612301
732 2722101
732 2622301
732 6722901
732 1512301
732 2612301
732 6512301
732 2722101
732 2722101
732 2722101
732 6722301
732 7522001
732 6712901
732 2722101
732 3722101
732 3722101
731 6729901
732 5619101
731 5712101
732 1522101
732 6722301
732 1722201
732 6712101
732 3722201
731 6722901
731 6712901
732 3722201
731 2722901
731 6722901
731 3722901
732 1712301
731 5712901
731 6712901
731 6722301
731 2722901
731 6722301
731 6722901
731 6722901
731 2722901
732 3422201
731 5612101
732 1722201
732 1712311
732 1622901
732 4622201
732 5612101
732 3722101
732 3722101
732 6712301
732 6722901
732 2612201
732 6722101
732 6722901
732 7722001
732 6712301
732 3622101
732 3622301
732 3722301
732 5612101
732 6712201
732 6722201
732 5612101
732 2722201
732 6612201
732 6722101
732 6712301
732 3622101
732 3622101
732 6712101
732 6722304
732 6622301
732 4622201
732 5712304
732 6622201
732 3722101
732 6712201
732 6522201
732 6722101
732 6622201
732 7722001
732 3422301
732 3722101
732 3722201
732 3722201
732 2712301
732 2722301
732 6712201
732 6712301
732 3722101
732 7722001
732 3722101
732 1722101
732 1722201
732 6422201
732 2722301
732 3522201
732 6722301
732 6712301
732 5612101
732 3422201
732 3522101
732 6722101
732 6722301
732 6712901
732 6722101
732 6712104
732 3722201
732 5712101
731 5712101
732 2612301
732 5712101
732 6612201
732 7722001
732 7722001
732 5612101
732 3522101
732 6612201
731 5612301
732 6412201
732 6511101
732 5512101
732 7622001
731 2522301
732 6722301
732 7722001
732 5712101
732 6322101
732 6712301
732 3629101
732 4722201
732 1522301
732 1612301
732 6322201
732 6722101
732 2512201
732 2722901
732 5712101
732 1312101
732 6722101
732 6712301
732 6612201
732 3622101
732 6612101
732 6712201
732 3722301
732 1522101
732 6512301
732 5612101
732 5612101
732 2712201
732 6712001
732 2622301
731 2712101
732 5512101
732 1612101
732 5719101
732 5619101
732 5712101
731 6722301
732 6722301
732 3722101
732 6722101
732 6612201
732 6712301
732 5612101
732 6322101
732 5712301
732 1712301
732 6312201
732 6722901
732 6622001
732 3522201
731 1721911
732 2612301
732 6729301
732 6712901
732 1612101
732 4722201
732 2712301
732 6711101
732 3722101
732 2722311
732 6612001
732 1712301
732 1522901
732 6712101
732 3522101
732 2712301
732 7722001
732 5612101
732 3622101
732 3722101
732 4722201
732 2612101
732 6712101
732 2722301
732 1722301
732 5612201
732 5611101
732 3722101
732 2612901
731 2712101
732 5712101
732 5712101
732 6622101
732 7422001
732 2722201
732 3722301
732 6712001
732 7622001
732 5612101
732 6712001
732 5611101
732 6712101
732 5712101
732 2412301
732 5612101
732 6722301
732 5612101
732 1522101
732 6712901
732 6712901
732 2712901
732 5712901
732 5712901
732 1712101
732 5712101
731 5512101
731 6712201
731 5712301
732 6622101
732 6722901
732 6512901
732 2712901
732 3722104
732 7522001
732 3722101
731 3722201
732 2722101
732 6712901
732 2722101
732 1722301
732 2712201
732 3722101
732 7722001
732 5512101
732 6722301
732 1722101
732 2612101
732 4722201
732 6522301
732 3522101
732 3522101
732 6312201
732 6722101
732 6712201
732 6722301
732 6722301
732 6622301
732 5712101
732 3522101
732 6712201
732 6722201
732 1722101
732 2622301
732 5712101
731 5712101
732 5712101
732 5612101
732 5712101
732 6722901
732 6712301
732 5712201
732 3722101
732 6722101
732 2722201
732 2712101
732 6722301
732 6712901
732 6622101
732 5712301
732 7422001
732 2612301
732 3722101
732 1712301
732 6612301
732 6722301
732 6712901
732 3422201
732 3722101
732 3622101
732 5612101
732 2721301
732 6722301
732 5712101
732 5612101
732 3622201
732 6611201
732 6622101
732 3522201
732 6412301
732 5712101
732 6722301
732 1712901
732 2712301
732 6622101
732 3322101
732 2512301
732 2622301
732 6612201
732 1622201
732 1622201
732 6712201
732 6722901
732 5712101
732 6722101
732 6412301
732 5612101
732 6712901
732 5712101
732 5712101
732 7722001
732 1622301
732 2612101
732 1422301
732 3422201
732 2612201
732 5712101
732 6522301
732 3622101
732 6722201
732 6712301
732 6722301
732 2722301
732 2712101
732 6522301
732 2722301
732 3722101
732 1712201
732 3722201
732 6722201
732 6721301
732 5712301
732 5612101
732 6622101
732 3522101
732 6522301
732 6712101
731 5712101
732 5712101
732 5712101
732 5712101
732 3521101
732 6622101
732 1722101
732 6622101
732 5512101
732 2512201
732 5612101
732 5712901
732 3522201
732 6422201
732 6722301
732 3722101
732 3722101
732 3622101
732 3622101
732 5612101
732 5712101
732 3522101
732 5612101
732 6712301
732 5712101
732 3422201
732 6711201
732 3722201
732 2712101
732 6722201
732 6512901
732 2722301
732 2712201
732 1612301
732 3722101
732 7622001
732 6712301
732 6722001
732 6712901
732 6712301
732 6722101
732 1722101
732 1712301
732 3622101
732 4722201
732 6712301
732 6722201
732 2512301
732 3722201
732 6722301
732 3722101
732 3522201
732 2712301
732 6712301
731 5612901
732 2722301
732 3722101
732 2512101
732 6722901
732 6712901
732 2722901
732 2722901
732 5512901
732 2712901
732 7622001
732 6722301
732 6722901
732 5712901
732 6722101
732 1622101
732 6722101
731 2722901
732 6722301
732 6722301
732 1722201
732 6722001
732 6721201
732 7722001
732 7722001
732 6722901
732 6712301
732 3722201
732 3622101
732 6722301
732 3722901
732 6712301
732 3722101
732 3722101
732 3722201
732 1722201
732 6722301
732 6611301
732 6712301
732 2722101
732 1622101
732 6712101
732 6712201
732 6722301
732 6722901
732 3622101
732 3722201
732 1712201
732 6712101
732 6722101
732 6612901
732 3622101
732 3622201
732 6722301
732 5612101
732 4522301
732 7622001
732 3722101
732 6612301
732 6622101
732 6612201
732 1722301
732 6622101
732 6712201
732 2712301
732 3722101
732 5612101
732 5512101
732 5712101
732 5612101
732 5512101
732 5712101
732 3722301
732 1711301
732 3322201
732 3322101
732 7722001
732 5712101
732 5612101
732 6712201
732 2722101
732 3622101
732 2722101
732 6712201
732 5712301
732 6712101
732 1712101
732 6612101
732 1612201
732 6722101
732 5712101
732 6122101
732 6222101
732 1722201
732 3622201
732 1622201
732 2522101
732 3722201
732 2722901
732 3522201
732 2622301
731 5619101
732 7522001
732 3622101
732 4722201
732 6612301
732 5712101
732 6312301
732 2712301
732 6612101
732 6721111
732 4522201
732 2712301
732 6722901
732 3622101
732 6712101
732 5712101
732 3722101
732 5612101
732 6712301
732 6712101
732 3322201
732 5512201
732 2722301
732 3722101
732 3722101
732 5612101
732 6712901
732 3522301
732 6722301
732 2722301
732 4522101
732 3722101
732 6612301
732 6612101
732 1722101
732 3522101
732 2722101
732 6622301
732 5712101
732 5712101
732 3622101
732 1622201
732 6612201
732 2722301
732 3722201
732 6312301
732 6722901
732 2612901
732 3522101
732 1512201
732 2712101
732 5612101
732 2712301
732 6621101
732 2622201
732 6612901
732 6712901
732 6712901
732 5712101
732 2712201
732 1712301
732 1722301
732 1712201
732 5712301
732 2722901
732 6612901
732 6412101
732 2712901
732 1712901
732 6722901
732 2712201
732 2612301
732 6712301
732 2712201
732 1512301
732 2722101
732 3722201
732 2722301
732 6612301
732 1612301
732 6522201
732 2622101
732 6622301
732 2722301
732 6612101
732 6722301
732 3722101
732 3622201
732 6622301
732 3722101
732 6421211
732 6522301
732 5612101
732 5512301
732 6622201
732 3622101
732 3322101
732 2622301
732 6612301
732 3722201
732 2712301
732 6712001
732 3622101
732 3622111
732 1712201
732 1722201
732 6612201
732 7722001
732 1612101
732 3621901
732 3722101
732 6722301
732 3722901
732 6712301
732 2712101
732 6722101
732 6522201
732 6522101
732 6722101
732 6722301
732 6712301
732 6712301
732 7722001
732 5712101
732 2722301
732 5712101
732 1722101
732 4522201
732 6712301
732 6722301
732 6721301
732 4422101
732 6312901
732 4322201
732 6622201
732 5712101
732 2622201
732 2722101
732 2712301
732 2712301
732 1722201
732 5612101
732 5712101
732 3622201
732 2712101
732 5712901
732 6512301
732 1712301
732 1712201
732 6622101
732 5712201
732 6622101
732 2712201
732 2712301
732 3522201
732 3622101
732 2712301
732 1622301
732 3522201
732 5612101
732 5712101
732 6712101
732 6622201
732 6722201
732 7722001
732 5712201
732 5712101
732 3722301
732 3622101
732 2722101
732 6712101
732 1712201
732 2612301
732 5712301
732 7522001
732 1522101
732 2722301
732 6722901
732 2622301
732 2712301
732 2712301
732 3722101
732 6712301
732 5712301
732 5712901
732 6722901
732 1722101
732 6722901
732 6722901
732 6722201
732 1722211
732 6722101
732 6722301
732 2722201
732 6712101
732 6722901
732 6722901
732 3522201
732 5612201
732 6612201
732 5712201
732 6522301
732 7722001
732 6412101
732 6721901
732 3722101
732 2722301
732 6722901
732 2712101
732 5712101
732 6712201
732 5612101
732 3722101
732 3722101
732 6712101
732 3722201
732 6712301
732 2712201
732 6722101
732 3522201
732 3522101
732 1522101
732 6522301
732 5612201
732 6722301
732 6722301
732 5712101
732 6722101
732 3522201
732 5712101
732 1612201
732 2722301
732 1622201
732 3722301
732 2712901
732 5612101
732 1722201
732 6612101
732 2722201
732 6722301
732 6712101
732 3622101
732 3722101
732 4622201
732 5712101
732 5712101
732 3522301
732 3522301
732 3722101
732 5612101
732 5612101
732 6722301
732 5712101
732 5712101
732 6712301
732 5712101
732 6712101
732 3722101
732 5712301
732 5512301
732 6612201
732 6422101
732 3622201
732 6712301
732 6722301
732 6622201
732 6522301
732 6522301
732 6512901
732 4622301
732 6612101
732 6612101
732 6622901
731 6712301
732 6712201
732 1612101
732 1712901
732 6712901
732 5712901
732 5712901
732 6712301
732 5712901