761 6721201
761 6621901
761 3621201
761 6721901
761 7521001
761 6521101
761 3721201
761 6721301
761 6721101
761 2721311
761 1711201
761 1711201
761 6511201
761 1721201
761 6621101
761 6711101
761 3621101
761 6611301
761 3721201
761 1711201
761 3721201
761 5611101
761 2721201
761 6521101
761 6521101
761 6711201
761 2711301
761 7521001
761 6721301
761 2611101
761 3721201
761 6421301
761 6711101
761 6711301
761 6721201
761 6711901
761 6621101
761 7521001
761 6711901
761 3521101
761 6711001
761 3621211
761 2711301
761 6721101
761 6721301
761 6611301
761 5611901
761 6521201
761 6621101
761 6621201
761 2621101
761 6311201
761 6721001
761 5711101
761 2711201
761 6621101
761 3721101
761 2711201
761 6711101
761 1721101
761 6511101
761 6411101
761 5711101
761 5711101
761 3721201
761 6721301
761 1711201
761 6611301
761 3721201
761 5611101
761 5713101
761 4521201
761 6711201
761 6721201
761 6721901
761 3621101
761 3623101
761 6611901
761 3621101
761 6711101
761 3421201
761 6611301
761 5511101
761 1613301
761 6621101
761 2721301
761 5611101
761 6721301
761 6311301
761 6711201
761 6711201
761 5711101
761 6721101
761 6621301
761 3721101
761 6321301
761 6711201
761 5711101
761 5711111
761 3723101
761 5511101
761 7521001
761 6621101
761 6711101
761 6721111
761 3721101
761 6711301
761 6621101
761 5711301
761 5711901
761 3721201
761 3521301
761 1711201
761 3521101
761 3621101
761 6711101
761 6729301
761 6611201
761 6711201
761 5611101
761 6721311
761 6721901
761 1511101
761 3621101
761 6711001
761 2721101
761 6711301
761 6621101
761 5611101
761 6721301
761 5512104
761 6711301
761 3721201
761 6411901
761 6422911
761 1711201
761 3321101
761 2621301
761 6621101
761 3621211
761 1711201
761 6721301
761 6711301
761 6711001
761 2721301
761 6721301
761 2511201
761 2721301
761 1711201
761 6519301
761 3721201
761 3721101
761 6721001
761 6119201
761 6611301
761 7521001
761 6711101
761 3721201
761 2711201
761 6711201
761 5711101
761 5611201
761 5711101
761 6711101
761 6711901
761 3321201
761 6711101
761 6721101
761 6313301
761 6711301
761 6611201
761 2711201
761 1721101
761 6611201
761 6621901
761 6721901
761 2711101
761 6711201
761 6713901
761 3621101
761 6621101
761 3621101
761 2721101
761 2721201
761 6521201
761 2611301
761 6511101
761 6621301
761 6611201
761 6511201
761 3621101
761 3721101
761 7721001
761 5719101
761 6311311
761 6721201
761 6711101
761 6711101
761 5711201
761 6621301
761 1621101
761 2621301
761 2711201
761 6611201
761 7621001
761 6711301
761 2611201
761 6621301
761 3721101
761 6611001
761 6711301
761 6511301
761 6611901
761 1711201
761 7622001
761 5711101
761 6711301
761 5611901
761 3721201
761 3521101
761 6711101
761 6721301
761 2621101
761 5711101
761 5511201
761 3521101
761 6711101
761 5611101
761 5711201
761 6721101
761 2611301
761 3621101
761 6411201
761 6723201
761 1721201
761 6111101
761 6611301
761 6511901
761 6711901
761 6723901
761 6711201
761 1711101
761 3721101
761 2721301
761 6711201
761 3721101
761 3721101
761 6311301
761 3521101
761 7721001
761 6721201
761 1611101
761 6621101
761 3521101
761 6721101
761 6721101
761 3721101
761 6711101
761 3421201
761 6721101
761 3421101
761 6721301
761 2721201
761 6421201
761 6721101
761 6421101
761 3623201
761 3621201
761 4621101
761 1711101
761 2711201
761 1521101
761 6611901
761 6721101
761 3721101
761 3721101
761 1721301
761 5711101
761 6723301
761 3721101
761 5612101
761 6711301
761 6721301
761 2611301
762 6611301
762 6711001
762 1721101
762 5611101
762 1721201
762 5711101
762 2511301
761 1721201
762 6711301
762 6721301
762 6611101
762 2711101
762 6711001
761 5711201
762 6711101
762 6611201
762 5711201
762 6721301
762 6611301
762 6721101
762 5611211
762 6711111
762 6623201
762 6711101
762 6711301
762 6721101
762 6711901
761 5711201
762 6611201
762 5711101
762 6611001
761 6611301
762 5711201
762 6713301
762 3721101
762 2711201
762 3723201
762 6721301
762 3621201
762 6211211
762 6611201
762 3423101
762 1711101
762 3621101
762 6711101
762 6721201
762 1311101
762 6421301
762 1721201
762 1721301
762 6321101
762 3721101
762 6711201
762 6311101
762 1721201
762 6721301
762 6311101
762 7521001
762 2721301
761 6729311
762 5512101
762 7629001
762 6721201
762 3321311
762 6711301
762 6521101
762 6511101
762 6611101
762 5711101
762 6421101
761 2711301
762 1421301
762 1521101
762 3621101
762 6721201
762 3721101
762 6611201
762 1411301
762 3721201
762 5711101
762 6711101
762 6711901
762 6411901
762 6721301
761 6321301
762 6711111
762 1721101
762 2721901
762 5711101
762 3521101
762 3521101
762 6729201
762 6111301
762 3721201
762 2721301
762 6521311
762 6511111
762 1711201
762 1621201
762 6611201
762 6721901
762 6711001
762 6621101
762 6721101
762 1711101
762 3721101
762 6511201
761 6511301
762 3721101
762 7521001
762 1521201
762 2711101
762 2711301
762 5611101
762 2611301
762 1711201
762 1711101
762 6721901
762 2721301
762 6723901
762 2711301
762 6621301
762 3521301
762 2711301
762 6419101
762 6711201
762 6711101
762 6721301
762 6721201
762 6711101
762 2711301
762 6311101
762 6711901
762 6429101
762 7621001
762 3721101
762 5711101
762 1721101
762 2721101
762 2721101
762 1721301
762 6711111
762 6521101
762 2721301
762 6721301
762 5711101
762 6611301
762 6711301
762 7621001
762 5511201
762 6711101
762 5611101
762 6323101
762 6521901
762 6721301
762 2621301
762 6711301
762 2711101
762 6623101
762 6711001
762 2621301
762 1721101
762 1621311
762 6411111
762 6621201
762 2711301
762 3729101
762 6311301
762 6611301
761 6629901
761 6721901
762 1511101
762 5513101
762 6411301
762 1421201
762 6611101
762 6711101
762 6711301
762 1711101
762 6711201
762 6411101
762 3721101
762 6711201
762 6711001
762 1511101
762 6711101
762 6621101
762 5711901
762 6313201
762 3621101
762 3721101
762 3421101
762 6511301
762 6113201
762 6719901
762 2611201
762 5711101
762 6711001
762 2721201
762 1711201
762 1611201
762 1721201
762 1521201
762 6711201
762 2511301
762 2721901
762 6311101
762 5711301
762 6421311
762 2711101
762 2621101
762 6711101
762 3721101
762 6711101
762 6711101
762 7621001
762 6611301
762 3623201
762 6611001
762 7523001
762 3721211
762 6711901
762 6722101
762 6611101
762 7621001
762 6721201
762 7721011
762 2511201
762 2721311
762 6421101
762 7621001
762 6711101
762 6711111
762 1621101
762 2611201
762 1621201
762 1721201
762 6711301
762 6612301
762 6711301
762 1711201
762 3721101
762 6412201
762 6721901
762 6721901
762 6711901
762 5519101
762 3621101
762 3621301
762 6711301
762 6421101
762 6721301
762 6611301
762 3621101
762 5611101
762 5612101
762 1721201
762 6321201
762 6723301
762 1721101
762 1611201
762 6311101
762 6721101
762 2711211
762 2711101
762 6721301
762 5712101
762 5711201
762 6411311
762 1611201
762 6611101
762 6721301
762 5711301
762 3521101
762 6711301
762 2721201
762 3621101
762 6621301
762 3421101
762 6711001
762 3721101
762 6723101
762 7623001
762 6621201
762 3721201
762 6711101
762 6313311
762 6421111
762 6611901
762 6721301
762 2721201
762 6721101
762 6711301
762 6611901
762 6721301
762 6711301
762 6621201
762 6723201
762 6711001
762 2611311
762 6613101
762 1721101
762 6721001
762 2711301
762 3621101
762 7721001
762 5611101
762 2711201
762 6721201
762 6721301
762 6721101
762 6721901
761 5711901
762 6711301
762 2711301
762 2721301
762 6711901