 81 6521301
 81 3521201
 81 5711202
 81 6711901
 81 6313101
 81 2623301
 81 6511101
 81 6511101
 81 2711101
 81 6321201
 81 3621201
 81 2521101
 81 2721101
 81 6711001
 81 5611101
 81 6611101
 81 6311101
 81 3623101
 81 6711101
 81 1521101
 81 6711301
 81 6611201
 81 6512001
 81 6721101
 81 6521101
 81 6321101
 81 6722201
 81 6711301
 81 2711201
 81 2621201
 81 7621001
 81 6621101
 81 6711301
 81 1721101
 81 1721101
 81 1711101
 81 5711101
 81 5612101
 81 6621101
 81 6512201
 81 4621301
 81 3621301
 81 6619101
 81 6322101
 81 3521201
 81 6611304
 81 1722101
 81 1721101
 81 2711101
 81 3621101
 81 3622201
 81 6321101
 81 2711201
 81 6622301
 81 6521111
 81 6711301
 81 6611201
 81 6521201
 81 7521001
 81 7521001
 81 6511101
 81 2721301
 81 1721201
 81 5619101
 81 6721301
 81 3429201
 81 5711201
 81 1711301
 81 6721101
 81 6621301
 81 1721901
 81 3421101
 81 2721101
 81 4721301
 81 6621201
 81 3621101
 81 6713201
 81 5711101
 81 1612101
 81 6711101
 81 2721201
 81 6722301
 81 5512101
 81 6721111
 81 6611101
 81 5711101
 81 3421201
 81 6621001
 81 3721101
 81 2721301
 81 1521301
 81 2722301
 81 6611101
 81 3423101
 81 6621101
 81 5712301
 81 7521001
 81 2721301
 81 6711101
 81 5612101
 81 4722201
 81 5711201
 81 5512901
 81 5711101
 81 4329101
 81 1722101
 81 5711101
 81 3721101
 81 3621101
 81 6721301
 81 6321201
 81 1621201
 81 6311101
 81 7621001
 81 5513101
 81 6321101
 81 5511201
 81 1711101
 81 1611201
 81 6611301
 81 5711101
 81 6511201
 81 6322301
 81 5711101
 81 6711101
 81 3521101
 81 6711201
 81 6711101
 81 5711301
 81 6721301
 81 6721101
 81 6721201
 81 3721101
 81 2721301
 81 6713101
 81 6721101
 81 6621101
 81 6611001
 81 3721101
 81 5511101
 81 1511101
 81 7522001
 81 6721101
 81 6513901
 81 6711201
 81 6311101
 81 5711101
 81 3321101
 81 1521101
 81 6323101
 81 2711301
 81 6711101
 81 3621101
 81 5611101
 81 6411201
 81 5711201
 81 4522201
 81 6321101
 81 6421101
 81 6321101
 81 2611301
 81 6611101
 81 6721301
 81 6511301
 81 2722204
 81 6721301
 81 5711101
 81 6621101
 81 6511111
 81 3721301
 81 1621101
 81 3621201
 81 6721201
 81 5611211
 81 6711201
 81 5612101
 81 3521201
 81 6421101
 81 3621201
 81 5711101
 81 6721101
 81 6411101
 81 3521201
 81 3521201
 81 6711301
 81 5711101
 81 5611101
 81 3722101
 81 7521001
 81 6621101
 81 5612101
 81 6722101
 81 6521101
 81 5711101
 81 2612201
 81 6512301
 81 5711101
 81 6711101
 81 2721301
 81 3721101
 81 6721301
 81 3721101
 81 2721201
 81 2721201
 81 1621101
 81 2721301
 81 1611101
 81 2721201
 81 2411101
 81 2711301
 81 6321101
 81 3621101
 81 3621101
 81 6421101
 81 3621101
 81 5711101
 81 3621201
 81 6711201
 81 6611001
 81 6721101
 81 6721301
 81 3521101
 81 3621201
 81 5711201
 81 6722901
 81 3722301
 81 6622104
 81 6411311
 81 6422101
 81 1722201
 81 6422301
 81 6621201
 81 5711201
 81 2721101
 81 6711201
 81 6721301
 81 6711301
 81 3621101
 81 6711101
 81 2622101
 81 5711101
 81 2612301
 81 5711201
 81 6311101
 81 1721111
 81 6512101
 81 5711101
 81 3321101
 81 6421101
 81 3621201
 81 6721301
 81 2721201
 81 5711101
 81 6611101
 81 6611101
 81 2721301
 81 3421101
 81 1721301
 81 5711101
 81 1522301
 81 1511301
 81 5611101
 81 6722201
 81 6721101
 81 5719101
 81 1721101
 81 2711301
 81 6521201
 81 3721201
 81 5711101
 81 3621101
 81 3621101
 81 2622101
 81 2721201
 81 3621201
 81 6621101
 81 3721201
 81 6621101
 81 6711001
 81 3721101
 81 5711101
 81 2721301
 81 6712301
 81 6711101
 81 6521201
 81 6711201
 81 2712301
 81 2622301
 81 1711201
 81 1711201
 81 3421101
 81 5512201
 81 1721201
 81 1721301
 81 6711101
 81 6121301
 81 3721201
 81 6311301
 81 6311001
 81 3722201
 81 3621101
 81 3421301
 81 6629901
 81 3721201
 81 6611001
 81 6722201
 81 6721301
 81 1722301
 81 5611101
 81 6711001
 81 6621001
 81 5611101
 81 6611001
 81 6421101
 81 6512101
 81 2721201
 81 6711101
 81 3421201
 81 2721301
 81 6722201
 81 1411101
 81 6711301
 81 1321101
 81 1711201
 81 6711301
 81 2711101
 81 2711101
 81 6611104
 81 6721101
 81 6711201
 81 6711001
 81 6421201
 81 6711301
 81 6621101
 81 2711301
 81 3721101
 81 6321111
 81 3722101
 81 6621101
 81 6722901
 81 5711101
 81 6721301
 81 5611101
 81 1721101
 81 6712101
 81 3721101
 81 1522201
 81 6711101
 81 5611201
 81 4422201
 81 2711201
 81 2721201
 81 2711301
 81 6521101
 81 6711101
 81 5711101
 81 3721101
 81 6621301
 81 6521101
 81 7421001
 81 3721101
 81 6621101
 81 6323101
 81 6712101
 81 3721201
 81 6521101
 81 6711101
 81 6711301
 81 5611101
 81 5611201
 81 6111101
 81 6521901
 81 6711911
 81 2311201
 81 6711201
 81 5611101
 81 5711101
 81 5611201
 81 4321101
 81 6711001
 81 5711301
 81 6721002
 81 6721101
 81 5711101
 81 3521101
 81 6521301
 81 3521101
 81 5711101
 81 2622101
 81 6622101
 81 7621001
 81 6613301
 81 6711201
 81 2521301
 81 5611101
 81 6713101
 81 1722201
 81 3421101
 81 6711301
 81 6711201
 81 5611101
 81 3721101
 81 6711101
 81 6711101
 81 6711201
 81 6711101
 81 3621101
 81 2621101
 81 6323101
 81 6711101
 81 6621101
 81 2622301
 81 6711101
 81 6722101
 81 6721301
 81 6711201
 81 3721101
 81 6311101
 81 6311101
 81 2621101
 81 6612301
 81 2722201
 81 6621101
 81 2722301
 81 7621001
 81 2722301
 81 5619101
 81 3721101
 81 2722301
 81 6721101
 81 2521201
 81 3621101
 81 1621201
 81 5611101
 81 2721101
 81 5612101
 81 5711101
 81 6711101
 81 6621201
 81 6521201
 81 3521101
 81 6621301
 81 6721301
 81 6711201
 81 7721001
 81 3521101
 81 6711101
 81 6621301
 81 6321301
 81 5711101
 81 6711301
 81 5711201
 81 6711901
 81 5711101
 81 5611111
 81 6622911
 81 3422104
 81 2721301
 81 5711101
 81 5511101
 81 1721201
 81 6321301
 81 5611101
 81 6723301
 81 3621201
 81 6322101
 81 3722101
 81 6611101
 81 7521001
 81 6321101
 81 3721101
 81 2721311
 81 5612101
 81 3721101
 81 6311101
 81 6522204
 81 3321201
 81 6511201
 81 5711201
 81 6711301
 81 3521201
 81 6712101
 81 6621101
 81 7521001
 81 6611201
 81 2611301
 81 6621101
 81 6711101
 81 6612101
 81 6311201
 81 5711101
 81 6711101
 81 6711101
 81 1711101
 81 6711102
 81 1611201
 81 5711101
 81 2611301
 81 6621301
 81 6522901
 81 6411101
 81 3322201
 81 5612201
 81 4622301
 81 5611201
 81 3421201
 81 3622101
 81 3621101
 81 1711201
 81 6721301
 81 3621101
 81 1721101
 81 1621301
 81 7621001
 81 2512201
 81 1711111
 81 1711111
 81 5711101
 81 6619101
 81 6523101
 81 6711101
 81 7721001
 81 2721101
 81 3721101
 81 3721101
 81 1721101
 81 6421201
 81 6711101
 81 6421101
 81 6621101
 81 2512301
 81 1722201
 81 7521011
 81 6621201
 81 7721001
 81 1722101
 81 6721301
 81 7721001
 81 6711101
 81 6612101
 81 6721901
 81 5711101
 81 6511201
 81 6611001
 81 6721001
 81 6721101
 81 5711101
 81 6721101
 81 2522301
 81 6721201
 81 1711101
 81 2711201
 81 5611101
 81 6711201
 81 2721301
 81 3721101
 81 3721101
 81 6621101
 81 2721901
 81 5711101
 81 5711101
 81 6711101
 81 6321101
 81 1712101
 81 2712201
 81 6612901
 81 3521201
 81 5712201
 81 2711101
 81 2621301
 81 7521001
 81 5711101
 81 5512201
 81 1711201
 81 1711201
 81 5711101
 81 5611101
 81 7621001
 81 3721101
 81 3621101
 81 1611101
 81 3421101
 81 3422201
 81 2712301
 81 6711301
 81 3721201
 81 6511101
 81 3621201
 81 5711101
 81 1622301
 81 7721001
 81 3621101
 81 3621201
 81 7521001
 81 1722201
 81 6721101
 81 3621101
 81 3621101
 81 3721101
 81 1721201
 81 2721101
 81 7522004
 81 6621101
 81 6621301
 81 5711101
 81 4421201
 81 3721101
 81 5511101
 81 2612301
 81 7622001
 81 1611201
 81 6711101
 81 1721101
 81 6521301
 81 3721101
 81 3721101
 81 3521101
 81 6313201
 81 3621101
 81 6711301
 81 6611101
 81 7521001
 81 5711101
 81 2521301
 81 3721201
 81 1721101
 81 6711301
 81 6521301
 81 3421301
 81 2611201
 81 5711101
 81 2721201
 81 5711101
 81 6721301
 81 6611201
 81 6611101
 81 5511101
 81 7722001
 81 6722204
 81 6422101
 81 6413301
 81 6721201
 81 6721201
 81 6721201
 81 2712901
 81 5611101
 81 2711101
 81 3721101
 81 7622001
 81 7629001
 81 2621201
 81 2721201
 81 3421201
 81 3721201
 81 6511101
 81 6711001
 81 5713101
 81 6423201
 81 1722101
 81 2612201
 81 6711301
 81 6611101
 81 5711101
 81 2522201
 81 6711101
 81 3521101
 81 2611301
 81 6711101
 81 6611101
 81 6611101
 81 5611101
 81 1721201
 81 2721101
 81 3721102
 81 3621101
 81 2721101
 81 6421201
 81 3621101
 81 6511101
 81 6711101
 81 6711201
 81 7721001
 81 6712301
 81 6711101
 81 6711101
 81 6711101
 81 5711101
 81 5711101
 81 1611201
 81 2711301
 81 6321201
 81 7521001
 81 6311301
 81 1611101
 81 6611201
 81 6321101
 81 6422901
 81 3723101
 81 6622101
 81 5711101
 81 6712101
 81 6711201
 81 6621101
 81 6711001
 81 6421111
 81 1521101
 81 3321101
 81 1522101
 81 6512201
 81 6521301
 81 7522001
 81 6611101
 81 5611101
 81 5411101
 81 5611101
 81 5711101
 81 5611101
 81 7521001
 81 5711101
 81 4321101
 81 5512101
 81 6421111
 81 6313101
 81 5411101
 81 5612101
 81 7621001
 81 5711101
 81 1711201
 81 3421101
 81 6711201
 81 3721101
 81 3621101
 81 6721101
 81 6721101
 81 7621001
 81 7621001
 81 6621101
 81 6621301
 81 6712101
 81 6421101
 81 6411201
 81 2721101
 81 2721101
 81 2721101
 81 6621301
 81 6611301
 81 6411101
 81 6321101
 81 6621901
 81 6611101
 81 6711101
 81 2711201
 81 6721201
 81 5611101
 81 6511301
 81 6721301
 81 5611101
 81 6311101
 81 5611101
 81 6321101
 81 3721111
 81 5711201
 81 6711101
 81 6722101
 81 3521201
 81 3721101
 81 5711201
 81 6711201
 81 5611101
 81 6521301
 81 2611301
 81 6521001
 81 2711301
 81 6612201
 81 4621104
 81 7621001
 81 7521001
 81 6711001
 81 6421101
 81 5611101
 81 5711101
 81 5712101
 81 5711201
 81 6621101
 81 6321101
 81 6721301
 81 5611101
 81 1711101
 81 7521001
 81 6321201
 81 1722201
 81 6711101
 81 6621101
 81 5612101
 81 6521101
 81 6711201
 81 3621101
 81 6521101
 81 1622301
 81 5711101
 81 6721301
 81 6422101
 81 6611101
 81 5711101
 81 5711201
 81 6522301
 81 6711301
 81 6721101
 81 3621101
 81 6722101
 81 2612101
 81 2721201
 81 4722111
 81 2712201
 81 6529201
 81 6711901
 81 2622101
 81 6311201
 81 7421001
 81 5711101
 81 2711301
 81 3621101
 81 6521101
 81 6311101
 81 6711101
 81 6711901
 81 5711101
 81 6521101
 81 6621301
 81 3721101
 81 7521001
 81 5711101
 81 6711101
 81 5611101
 81 2621201
 81 5711101
 81 6722101
 81 6721201
 81 3721101
 81 6711001
 81 6711001
 81 6711004
 81 6429201
 81 6621901
 81 6721301
 81 7522001
 81 4621111
 81 7529001
 81 3621101
 81 1623301
 81 6612301
 81 6711101
 81 6421101
 81 5711101
 81 6311101
 81 5511101
 81 1621101
 81 6321201
 81 6311201
 81 6711301
 81 6711301
 81 6711201
 81 6321101
 81 6323201
 81 5611101
 81 1621301
 81 5711901
 81 6722901
 81 2721901
 81 1521201
 81 6721301
 81 2722901
 81 6711901
 81 6721901
 81 5611101
 81 3422301
 81 2711901
 81 6722901
 81 6711901
 81 5711901
 81 6711901
 81 1711201
 81 6711301
 81 5712104
 81 6711101
 81 2721301
 81 3721201
 81 2711101
 81 6621101
 81 6511101
 81 3721201
 81 3721201
 81 6423301
 81 3722101
 81 3523101
 81 7521001
 81 6611201
 81 6413301
 81 6512201
 81 5712101
 81 7621001
 81 3621101
 81 6411101
 81 6311101
 81 6323301
 81 2711301
 81 6622301
 81 3721201
 81 6411201
 81 5711201
 81 3521101
 81 6611101
 81 3721201
 81 6413101
 81 6721101
 81 6621201
 81 6611301
 81 6721901
 81 6311101
 81 6611201
 81 3721111
 81 1721301
 81 5711101
 81 5712101
 81 5711101
 81 1721101
 81 1722201
 81 1711101
 81 5611101
 81 6611001
 81 6723101
 81 6611101
 81 6721901
 81 6721901
 81 4721301
 81 7721001
 81 7521001
 81 3722101
 81 2621301
 81 3721101
 81 2721301
 81 2521301
 81 2711301
 81 6711101
 81 6321101
 81 6711101
 81 1621101
 81 5611201
 81 5611101
 81 5711101
 81 5711111
 81 6711101
 81 6721201
 81 6711101
 81 2522301
 81 3521201
 81 5612101
 81 5711101
 81 5519101
 81 5711101
 81 6521301
 81 6721201
 81 5711201
 81 5719101
 81 7622001
 81 3721101
 81 6621301
 81 3721101
 81 3721101
 81 6423101
 81 6721301
 81 6721301
 81 7521001
 81 3421101
 81 6721301
 81 6721001
 81 6621001
 81 3721201
 81 2711201
 81 7422001
 81 6611101
 81 3521101
 81 6721301
 81 3721101
 81 5611101
 81 5611101
 81 5511111
 81 6711101
 81 5711101
 81 6521101
 81 5711101
 81 6711202
 81 5611101
 81 2712201
 81 1511201
 81 1721101
 81 6521101
 81 5611101
 81 5411101
 81 5712201
 81 5611101
 81 5711101
 81 2622101
 81 6721301
 81 1612101
 81 6711101
 81 5612101
 81 6712101
 81 6311301
 81 6621311
 81 6411211
 81 6711211
 81 6711301
 81 5611101
 81 5711301
 81 5711301
 81 5711201
 81 6611201
 81 3621101
 81 6721101
 81 2711201
 81 5711101
 81 6711101
 81 5612101
 81 2522101
 81 2711101
 81 6612301
 81 6621301
 81 6421101
 81 3523201
 81 7621001
 81 3721101
 81 3621101
 81 6721901
 81 2712301
 81 1511101
 81 5611101
 81 6711101
 81 2311301
 81 6311201
 81 6512301
 81 1621201
 81 1421101
 81 2612201
 81 5511101
 81 6621101
 81 6621101
 81 6621901
 81 5711101
 81 5711101
 81 6721101
 81 6611001
 81 6522101
 81 3721101
 81 3721101
 81 7721001
 81 5712301
 81 6511001
 81 5511201
 81 5711101
 81 3621101
 81 5711101
 81 6521201
 81 6511101
 81 6421301
 81 2721301
 81 2721301
 81 2721301
 81 1721101
 81 3721201
 81 6321111
 81 6621101
 81 5611101
 81 2611101
 81 6711301
 81 2721101
 81 1711201
 81 1621211
 81 1421201
 81 1711101
 81 6521101
 81 7521001
 81 3621101
 81 6711301
 81 3621301
 81 6711301
 81 6713101
 81 5611201
 81 1721101
 81 6419201
 81 5511101
 81 6512311
 81 6721101
 81 5711101
 81 1711101
 81 5711101
 81 6423201
 81 5711101
 81 5611101
 81 6611201
 81 6621301
 81 6621101
 81 6711101
 81 3721101
 81 1621101
 81 2721101
 81 5711201
 81 3721101
 81 6721101
 81 6711001
 81 6511301
 81 2711301
 81 5711101
 81 6711201
 81 6621301
 81 6621101
 81 3721101
 81 3721201
 81 7721001
 81 6512201
 81 2721301
 81 3721101
 81 7721001
 81 5611101
 81 3721101
 81 6621301
 81 7621001
 81 1712301
 81 1721201
 81 3721101
 81 3721101
 81 5711101
 81 5611201
 81 6711001
 81 2621101
 81 1721101
 81 6622101
 81 6621101
 81 5712104
 81 5712101
 81 5712101
 81 5612104
 81 6621111
 81 6721901
 81 4422101
 81 6712101
 81 1611101
 81 5611101
 81 3721201
 81 3721101
 81 6711901
 81 3721101
 81 6711101
 81 7621001
 81 6721101
 81 2712101
 81 6711001
 81 3521201
 81 6712101
 81 6521301
 81 6711211
 81 6721301
 81 5711101
 81 2712301
 81 5711201
 81 4721101
 81 1521201
 81 3721101
 81 2721101
 81 2721301
 81 3621101
 81 1711101
 81 2521201
 81 6512201
 81 6321211
 81 5611201
 81 3621201
 81 3721201
 81 6421101
 81 2621101
 81 2711101
 81 7521001
 81 3521201
 81 6711201
 81 5512101
 81 6621101
 81 3721101
 81 6421201
 81 1711101
 81 2711301
 81 7721001
 81 6611311
 81 5612101
 81 6612201
 81 6621301
 81 7422001
 81 5611101
 81 6611101
 81 6711211
 81 3621101
 81 3721101
 81 3721101
 81 2711101
 81 6511301
 81 5711101
 81 6711001
 81 6721301
 81 5711111
 81 5612101
 81 6721201
 81 5611101
 81 6721301
 81 3423101
 81 3621101
 81 3621201
 81 3522101
 81 3721101
 81 3521101
 81 3621101
 81 7523001
 81 7521001
 81 7421001
 81 6511201
 81 6611201
 81 3321101
 81 6711001
 81 6711111
 81 6521101
 81 6521201
 81 6321101
 81 6711301
 81 6611101
 81 2721301
 81 6711101
 81 6711301
 81 2711101
 81 5712101
 81 3721101
 81 5611101
 81 1721301
 81 6712301
 81 4322201
 81 6721101
 81 3721101
 81 2522101
 81 7621001
 81 2711301
 81 5711101
 81 1611101
 81 3621101
 81 6711101
 81 6611201
 81 7622001
 81 3721101
 81 6423201
 81 2621201
 81 5511201
 81 6621101
 81 3721201
 81 3621301
 81 5611101
 81 6723201
 81 5711201
 81 5711101
 81 5711101
 81 4521201
 81 6711901
 81 6612201
 81 2711301
 81 6611101
 81 5711101
 81 5612101
 81 6711101
 81 6712101
 81 2721201
 81 3721101
 81 3721101
 81 6611101
 81 6321201
 81 3622101
 81 6611001
 81 6711301
 81 6711301
 81 2721201
 81 6421101
 81 7621001
 81 6311101
 81 6622901
 81 1722201
 81 6722901
 81 5511201
 81 2711201
 81 5711101
 81 3621901
 81 6629101
 81 6313201
 81 3521101
 81 3621101
 81 6411101
 81 5712101
 81 3621201
 81 5711101
 81 6711301
 81 3321111
 81 6521204
 81 6511101
 81 6721301
 81 1621101
 81 2621101
 81 2612201
 81 2721301
 81 2612201
 81 2611301
 81 2721101
 81 6621101
 81 3421201
 81 3721101
 81 3422101
 81 3721101
 81 3621101
 81 3721101
 81 3621201
 81 7621001
 81 3721101
 81 3721101
 81 6721201
 81 6621201
 81 6721301
 81 5711101
 81 5711101
 81 5711101
 81 6311101
 81 6611201
 81 6711202
 81 6711101
 81 6711201
 81 6711101
 81 6711101
 81 5611101
 81 6311101
 81 1722201
 81 3721101
 81 6512201
 81 6711301
 81 6523301
 81 2711101
 81 6521101
 81 6321101
 81 3521101
 81 6521101
 81 5711101
 81 6511101
 81 6521101
 81 5713101
 81 3523201
 81 6711001
 81 6722901
 81 6711901
 81 6711911
 81 6721901
 81 2611901
 81 2721901
 81 2721901
 81 6722901
 81 3421201
 81 6319111
 81 3721111
 81 6721101
 81 3721101
 81 3722101
 81 6721201
 81 1721101
 81 6711301
 81 2721201
 81 1621201
 81 2721311
 81 2611201
 81 2621301
 81 6622301
 81 1712301
 81 3722101
 81 3721101
 81 1522101
 81 3621101
 81 7521001
 81 7421001
 81 3621101
 81 3721101
 81 7721001
 81 3621101
 81 6511201
 81 6711201
 81 7721001
 81 6711101
 81 7521001
 81 7721001
 81 3621201
 81 3622201
 81 6621901
 81 1521201
 81 3521101
 81 6621301
 81 2411301
 81 6622201
 81 6721101
 81 5712101
 81 6721101
 81 6621101
 81 7721001
 81 3721201
 81 6621101
 81 6711001
 81 3621101
 81 7621001
 81 5711101
 81 6721101
 81 6621101
 81 2721301
 81 6721201
 81 6721201
 81 2621101
 81 2721201
 81 6621101
 81 6721101
 81 7721001
 81 5711101
 81 5611101
 81 6523201
 81 6711301
 81 6611101
 81 6123301
 81 5711101
 81 3721101
 81 5511101
 81 6711001
 81 3621101
 81 3721101
 81 6711001
 81 2721201
 81 2721201
 81 6521001
 81 6711101
 81 3722101
 81 6511301
 81 6321201
 81 6711201
 81 5711101
 81 3721101
 81 7521001
 81 7521001
 81 3721301
 81 2521301
 81 2721301
 81 3721101
 81 5611101
 81 6611101
 81 2621301
 81 5611101
 81 5611101
 81 6321901
 81 3721101
 81 3721101
 81 2612304
 81 3721201
 81 6511311
 81 6411101
 81 6521301
 81 6719101
 81 2722101
 81 6511101
 81 2512301
 81 7721001
 81 2711101
 81 6721201
 81 5711104
 81 2721101
 81 3421101
 81 1311101
 81 3721101
 81 1721201
 81 6722301
 81 6711201
 81 3621201
 81 6711101
 81 6721101
 81 5711101
 81 4522101
 81 6521101
 81 6621301
 81 6411201
 81 6711101
 81 3721101
 81 3421101
 81 3721101
 81 6721101
 81 3421101
 81 2711201
 81 6322301
 81 5711101
 81 6611101
 81 6611101
 81 3621201
 81 6721101
 81 3321111
 81 6711301
 81 6321201
 81 6621201
 81 6722901
 81 2721101
 81 2711101
 81 1611101
 81 6521201
 81 6711301
 81 5611101
 81 6721301
 81 3521101
 81 3621101
 81 2621201
 81 3621201
 81 3721201
 81 6721301
 81 6621101
 81 3721201
 81 7621001
 81 3721101
 81 5711101
 81 6721111
 81 6721901
 81 6311101
 81 3721111
 81 5611101
 81 6711301
 81 6119101
 81 3622101
 81 6111311
 81 6711201
 81 2721301
 81 6711101
 81 6522301
 81 6711111
 81 6721201
 81 6721101
 81 2711201
 81 3721201
 81 5711201
 81 3621101
 81 5711201
 81 3721201
 81 3721101
 81 6611101
 81 2711301
 81 6421201
 81 2711101
 81 2711201
 81 6611101
 81 1713201
 81 5612301
 81 5711101
 81 6611901
 81 6721201
 81 2611301
 81 2611101
 81 6711301
 81 5711101
 81 1611301
 81 2522101
 81 5612101
 81 6711101
 81 6711101
 81 1711101
 81 2711101
 81 6711901
 81 2721301
 81 6611101
 81 6411101
 81 6711301
 81 5611101
 81 1721201
 81 2522301
 81 1711101
 81 5711101
 81 3721101
 81 6621301
 81 1721101
 81 5611101
 81 6722001
 81 5611101
 81 6711301
 81 5611101
 81 3521101
 81 5611101
 81 7521001
 81 2721101
 81 5711101
 81 6621101
 81 3421101
 81 6711101
 81 2711301
 81 6611101
 81 3621101
 81 7521001
 81 3521101
 81 4321101
 81 1711201
 81 3421101
 81 3722301
 81 3521101
 81 3521201
 81 5711202
 81 3421101
 81 1721101
 81 5711102
 81 3423101
 81 3721101
 81 6721301
 81 5711101
 81 6711101
 81 2612101
 81 5712101
 81 3721101
 81 6612101
 81 2621301
 81 2621301
 81 2723301
 81 2711301
 81 6711101
 81 6721101
 81 6721101
 81 6711101
 81 6721201
 81 6621101
 81 6711201
 81 6722001
 81 7521001
 81 6622201
 81 6611201
 81 3721101
 81 3721101
 81 6711001
 81 6311201
 81 6311201
 81 6711301
 81 6621101
 81 2621201
 81 7621001
 81 1722101
 81 6721301
 81 2721301
 81 6412301
 81 6622201
 81 3421111
 81 7721001
 81 3521201
 81 5711101
 81 5612101
 81 2721101
 81 3621101
 81 5711101
 81 5611101
 81 6721301
 81 6711101
 81 5511101
 81 2621101
 81 6711101
 81 2721101
 81 4522201
 81 5712101
 81 6712901
 81 6621101
 81 6722201
 81 6522301
 81 6611101
 81 6721101
 81 7621001
 81 3621201
 81 1711201
 81 1721101
 81 6311301
 81 6711301
 81 6721101
 81 3721101
 81 6711101
 81 2711101
 81 6711201
 81 1523201
 81 6711001
 81 6323201
 81 6721101
 81 7721001
 81 6421101
 81 6511201
 81 6321201
 81 6721101
 81 6421101
 81 6721001
 81 6621101
 81 6711101
 81 2611101
 81 2722101
 81 6721001
 81 7721001
 81 3522201
 81 2712301
 81 6611101
 81 5512101
 81 6611101
 81 6421301
 81 1711101
 81 1723201
 81 7721001
 81 5711101
 81 6721301
 81 6711101
 81 6711101
 81 3621201
 81 7522001
 81 2612201
 81 3721901
 81 6622901
 81 6622901
 81 6721901
 81 6711901
 81 5612101
 81 2711101
 81 6711201
 81 6711101
 81 6711201
 81 2721201
 81 6621311
 81 2522201
 81 6611101
 81 2721201
 81 4721201
 81 6611301
 81 1721101
 81 6522301
 81 6722201
 81 5611101
 81 2622301
 81 5711101
 81 6711001
 81 6721901
 81 6721901
 81 2721901
 81 6611901
 81 7721001
 81 6711001
 81 5519101
 81 7721001
 81 3721101
 81 3721201
 81 2721201
 81 2722301
 81 3721101
 81 5711101
 81 6721001
 81 3521101
 81 6621101
 81 3721201
 81 6513201
 81 1621101
 81 5611101
 81 6611201
 81 6711211
 81 1721201
 81 6429201
 81 6521201
 81 3321201
 81 5711201
 81 7522001
 81 6321101
 81 2612301
 81 5612101
 81 6611201
 81 6511101
 81 5511201
 81 6711101
 81 6722301
 81 3721101
 81 6511001
 81 7722001
 81 6611101
 81 1613301
 81 2711311
 81 6711201
 81 6711301
 81 6611201
 81 5611101
 81 6711301
 81 6711101
 81 6711001
 81 6721211
 81 6311101
 81 5711101
 81 5511101
 81 2721101
 81 6722901
 81 6711301
 81 6511301
 81 2721101
 81 6521101
 81 6721101
 81 6721201
 81 6521301
 81 6621101
 81 5711101
 81 7521001
 81 6612101
 81 1722901
 81 6411101
 81 6711301
 81 5519101
 81 6511301
 81 5712101
 81 6712201
 81 6721301
 81 1721101
 81 1721101
 81 2721301
 81 2712301
 81 7521001
 81 5511101
 81 5611201
 81 3621201
 81 6521101
 81 6721201
 81 1711201
 81 6712101
 81 3521101
 81 3721101
 81 6721101
 81 5611201
 81 3722101
 81 6621301
 81 7521001
 81 6722301
 81 2711201
 81 6711101
 81 2712201
 81 1611211
 81 2611301
 81 7621001
 81 5711301
 81 3721101
 81 7721001
 81 6711101
 81 3621101
 81 6611101
 81 6511101
 81 6711901
 81 3621111
 81 6612101
 81 6421901
 81 6421201
 81 3721201
 81 6611104
 81 6722101
 81 6722101
 81 6711201
 81 6721001
 81 6611101
 81 7721001
 81 3621101
 81 2721101
 81 3521101
 81 3521201
 81 3521201
 81 1722301
 81 3421101
 81 6512201
 81 6721301
 81 6721311
 81 6711301
 81 3721101
 81 6721101
 81 6411211
 81 3521101
 81 3721101
 81 2721301
 81 2722101
 81 6711301
 81 2721301
 81 7721001
 81 6311101
 81 6711101
 81 6711101
 81 6522301
 81 6322901
 81 6321101
 81 5711201
 81 6711001
 81 6621101
 81 6321101
 81 6511101
 81 2711201
 81 6711001
 81 5711101
 81 6711301
 81 2721101
 81 6721901
 81 4721201
 81 2722101
 81 2612101
 81 2721101
 81 6721201
 81 6721101
 81 5711201
 81 6611101
 81 7721001
 81 6612201
 81 3621101
 81 7721001
 81 6721001
 81 6611001
 81 3521201
 81 3622101
 81 7721001
 81 6711001
 81 3521101
 81 2612301
 81 2721101
 81 2721101
 81 5611101
 81 6622101
 81 6711101
 81 6722101
 81 3421201
 81 2711301
 81 2721301
 81 3721101
 81 6711001
 81 6711101
 81 6721101
 81 6711301
 81 3721101
 81 3721101
 81 6321201
 81 3721201
 81 6711301
 81 6621101
 81 3721101
 81 3521111
 81 3323201
 81 2621301
 81 3721101
 81 5711101
 81 6711301
 81 5611201
 81 7621001
 81 6721101
 81 3721301
 81 6711301
 81 2611301
 81 2721101
 81 6621101
 81 2711201
 81 5611101
 81 6521211
 81 6721101
 81 6621201
 81 6721101
 81 2621201
 81 5511101
 81 6711201
 81 1721201
 81 3521201
 81 3721201
 81 6711101
 81 3622101
 81 3521101
 81 6711001
 81 7522001
 81 1711101
 81 6721101
 81 6721101
 81 6621011
 81 6721901
 81 6712101
 81 5711101
 81 2522301
 81 6721101
 81 3621101
 81 3622101
 81 6713201
 81 6611101
 81 6521101
 81 6711301
 81 6711201
 81 6711101
 81 2621201
 81 5711101
 81 7322001
 81 6611001
 81 6422301
 81 6711101
 81 5711101
 81 5711101
 81 3521111
 81 7621001
 81 7629001
 81 7521001
 81 3721101
 81 6721101
 81 3521101
 81 3621101
 81 6311301
 81 5611201
 81 3421101
 81 6511101
 81 6619101
 81 5612201
 81 6521101
 81 2721101
 81 6712201
 81 3721201
 81 4521201
 81 6521101
 81 6621101
 81 6721101
 81 6521201
 81 2521201
 81 2722301
 81 6612201
 81 6713301
 81 6711101
 81 6711301
 81 6621101
 81 6511201
 81 1711101
 81 5611101
 81 2721102
 81 2729101
 81 6621301
 81 3721101
 81 3721101
 81 6621101
 81 2711201
 81 2721201
 81 3322101
 81 6721901
 81 1711101
 81 1521301
 81 6721301
 81 6711301
 81 1722301
 81 2711301
 81 2711301
 81 3722201
 81 6321001
 81 3723201
 81 6711301
 81 3721101
 81 3722201
 81 6711201
 81 6521201
 81 6712301
 81 6711301
 81 6421101
 81 5711101
 81 3521201
 81 6719101
 81 6711101
 81 6721101
 81 6721101
 81 3721101
 81 7421001
 81 6711201
 81 2721201
 81 3721101
 81 6611101
 81 2711301
 81 6621101
 81 3622301
 81 6511101
 81 3621101
 81 6711201
 81 6621101
 81 7622001
 81 2711301
 81 6711302
 81 6621101
 81 6621101
 81 6511101
 81 1722201
 81 1621201
 81 2711101
 81 6621101
 81 7621011
 81 6711301
 81 3421101
 81 5611101
 81 3521101
 81 7621001
 81 3721101
 81 3722201
 81 7721001
 81 2721301
 81 7722001
 81 3721101
 81 6711301
 81 6611211
 81 1711301
 81 2612301
 81 6111301
 81 3721101
 81 1421301
 81 3721101
 81 1721201
 81 3621101
 81 5611101
 81 5619101
 81 5612101
 81 5711101
 81 2621201
 81 3621301
 81 3623101
 81 5711201
 81 5711101
 81 5711101
 81 6621901
 81 6619901
 81 6329101
 81 6629101
 81 6329101
 81 6411901
 81 6721901
 81 6319101
 81 6719101
 81 5719101
 81 2721901
 81 5713902
 81 6721901
 81 1721901
 81 3721901
 81 3721901
 81 6721901
 81 3722901
 81 6721301
 81 6519101
 81 6329101
 81 6721101
 81 6629101
 81 6719101
 81 6711301
 81 6711101
 81 6521101
 81 6321101
 82 6611111
 82 3721201
 82 7621001
 82 6711201
 81 6311301
 82 6711201
 82 3721101
 81 5712101
 81 6711101
 82 2721301
 82 6711101
 82 3721201
 82 6522301
 82 3621101
 82 5711201
 82 6721101
 82 6711201
 82 3621101
 82 3621101
 82 7721001
 81 1411101
 82 6711201
 81 6621101
 82 2712301
 82 6721201
 82 6721201
 82 5711101
 82 5711101
 82 2621301
 82 7521001
 82 6721101
 81 6721301
 82 6712101
 82 2521101
 82 1521301
 82 3521101
 82 6321101
 82 3721101
 82 6721101
 82 3622101
 82 2711101
 82 6721101
 82 3721101
 82 6711001
 82 6721301
 82 6622101
 81 6711101
 81 6711101
 81 1711201
 82 6621101
 82 3721101
 81 6721201
 81 6622301
 82 6423101
 82 2711101
 82 6521101
 81 6311101
 82 3621101
 82 3729101
 82 3421101
 82 3621101
 81 2721301
 82 3622104
 82 3721101
 82 3721101
 82 3521101
 82 6321101
 82 3722201
 82 2721101
 82 2721101
 82 2721101
 82 7721001
 82 3721201
 82 6711301
 82 7621001
 82 6621301
 82 6621101
 82 6311101
 82 6721201
 82 6722101
 82 2721201
 82 1721101
 82 2421101
 82 6411301
 82 3621101
 81 3721101
 82 6412101
 82 6611301
 82 6411311
 82 6711301
 81 5711101
 82 6721301
 81 5711111
 82 5511101
 82 6511211
 82 7621001
 82 6711101
 81 6622901
 82 6711301
 81 6722201
 82 3621101
 82 3721101
 82 7421001
 82 3321101
 81 2621301
 81 5711101
 82 6721201
 82 6711101
 82 3621201
 82 7621001
 82 6711101
 82 2621101
 82 1321101
 82 6521111
 82 5719101
 82 6322901
 82 6711101
 82 2711301
 82 6711101
 82 6721101
 82 6721301
 82 6721101
 82 6612201
 82 7521001
 82 1712201
 82 6712201
 82 5611101
 82 5611101
 82 7421011
 82 7421011
 82 6511301
 82 6321101
 82 6721301
 82 6411201
 82 6711201
 81 7721001
 82 2611301
 82 6311101
 82 6711101
 82 3621101
 82 6721301
 82 3721101
 82 3721101
 82 7522001
 82 6621101
 82 6721301
 82 6713201
 81 5711101
 82 6721301
 82 1711101
 82 5611101
 82 3721101
 82 3721101
 82 3321101
 82 1713201
 82 7721001
 82 6721101
 81 6521301
 82 6721301
 82 6722301
 82 6721311
 81 6711301
 82 4721201
 82 6711001
 82 2721201
 82 1711301
 82 5711101
 82 6621101
 82 5711101
 82 5711201
 82 5611201
 82 1622101
 82 2621101
 82 3621201
 82 3721101
 82 3721101
 82 3521311
 82 3321101
 82 6721201
 82 7521001
 82 6721301
 82 5711101
 82 5711101
 82 6711101
 82 6611201
 82 6721101
 82 6721101
 81 6721001
 82 6721101
 82 7521001
 82 1711101
 82 6711101
 82 6621201
 82 6321101
 82 6711101
 82 5611101
 82 5611101
 82 6222201
 82 2712101
 82 6712001
 81 6721911
 81 6729901
 81 6612101
 82 3721101
 82 6711301
 82 3721101
 82 6711101
 82 2722301
 82 1621101
 82 2721101
 82 2711301
 82 2711101
 82 2711301
 82 6521201
 82 6611201
 82 3721101
 82 3721101
 82 5711201
 81 3621901
 82 6511101
 82 3722101
 82 5711301
 82 4421201
 82 6721201
 82 6721101
 82 6711101
 82 6711301
 82 6522301
 81 5711201
 81 6712301
 82 5511101
 82 7721001
 81 5711101
 82 2721101
 82 6621101
 82 6711201
 82 6611101
 82 6611101
 82 6311001
 82 6721001
 81 2621201
 82 2711301
 82 6612901
 82 6611101
 82 6711201
 82 5611101
 82 3721101
 82 3521101
 82 3523201
 82 6711101
 82 6711201
 82 6411201
 82 1711301
 82 1622101
 82 1721204
 82 3521201
 82 6322301
 82 6711301
 82 6711301
 82 6713101
 82 6723101
 82 2711101
 81 6711101
 82 5711301
 82 6711101
 82 6721201
 82 3521301
 82 6321201
 82 6721301
 82 7721001
 82 6512101
 82 6419201
 82 6719301
 82 3621101
 82 6619201
 82 1721201
 82 6711201
 82 3721101
 81 6721101
 82 1611201
 82 6511101
 82 6512101
 82 6721211
 82 6712301
 82 1521101
 82 6511201
 82 1721101
 82 3521301
 82 6711101
 82 6711001
 82 1721201
 82 2721301
 82 6711301
 82 2711301
 82 2611301
 82 3721101
 82 1711101
 82 6511101
 82 6611201
 82 5711101
 82 3421201
 82 7721001
 82 6621201
 82 7521004
 82 3723201
 82 3621101
 82 6611101
 82 5711101
 82 5711101
 82 6711201
 82 6612101
 82 6711101
 82 6721101
 82 6313901
 82 6713101
 82 6511101
 82 5612201
 82 1722101
 82 7621001
 81 6512201
 82 2711301
 82 6621001
 82 6511201
 82 3621101
 82 7421001
 82 5711301
 82 3521201
 82 5511101
 82 5711101
 82 6711101
 82 5711111
 82 5611101
 82 3721101
 82 6721201
 82 3621101
 82 6622301
 82 6611301
 81 1711201
 82 6711101
 82 3721101
 82 6521201
 82 6613201
 82 6722301
 82 6722201
 82 1621101
 82 3522101
 82 1722301
 82 1721101
 82 3521201
 82 6711101
 82 1711201
 82 1611101
 82 1711301
 82 3721201
 82 6511201
 82 6721101
 82 3421101
 82 2721301
 82 1721201
 82 1711201
 82 6711201
 82 5711101
 82 1611101
 82 3521101
 82 6611201
 82 5711201
 82 5712101
 82 7721001
 82 6511101
 82 6311101
 82 2621201
 82 6721101
 82 6721301
 82 6611101
 82 6721101
 82 3621101
 82 6622301
 82 6611101
 82 6721301
 82 3721101
 82 6711101
 82 5711101
 82 6721301
 82 6321111
 82 6729101
 82 5613101
 82 1721201
 82 3721201
 82 6721101
 82 6311311
 82 6711101
 82 6621101
 82 6621301
 82 6311201
 82 6721101
 82 2721101
 82 6621201
 82 6721101
 82 6612101
 82 6321101
 81 5711101
 82 6611101
 82 6521101
 82 5611201
 82 6721111
 82 6711101
 82 4522101
 82 3721101
 82 6521301
 82 6611101
 82 7321011
 82 6321301
 82 6711301
 82 3721201
 82 2421311
 82 6711101
 82 6711101
 82 1721201
 82 2521311
 82 6711301
 81 5611211
 82 2621301
 82 6711101
 82 6722301
 82 3521101
 82 6621201
 82 6721201
 81 6329101
 82 6621101
 82 6711101
 82 6722101
 81 5511101
 82 6721001
 81 2712901
 81 3721101
 82 6611201
 82 6321101
 82 6411101
 82 5611201
 82 5711101
 82 2721301
 82 6721301
 82 5711201
 82 3621101
 82 3621201
 82 6722301
 82 6711201
 82 2721101
 82 2622301
 82 6721101
 82 6721301
 82 1721101
 82 1521101
 82 3621201
 82 3721101
 82 1721201
 82 7521001
 82 5711101
 82 1711301
 82 2622301
 82 6622201
 82 2721201
 82 2722301
 82 6622104
 82 7721001
 81 6529101
 81 6419901
 81 6719901
 82 1611301
 82 6312201
 81 6611301
 81 6721301
 82 5711101
 82 6321101
 82 6321201
 82 6629101
 82 5711101
 81 6711101
 82 6511201
 82 5711101
 82 5612101
 82 6722101
 82 3721101
 82 1723101
 82 3721101
 82 3621101
 82 1723201
 82 5611101
 82 6521301
 82 6711101
 82 7722001
 82 6621101
 82 7721001
 82 6711101
 82 6711001
 82 6721001
 82 6721001
 82 6321101
 82 7521001
 82 7521001
 82 5711101
 82 5711101
 82 6411301
 82 3723201
 82 7723001
 82 5611201
 82 3421201
 82 3521101
 82 6611101
 82 3721101
 82 6721101
 82 3321101
 81 6711901
 82 6722101
 82 6722301
 81 2711901
 82 6519901
 82 2712301
 82 6711301
 82 3721101
 81 2721901
 81 6721301
 81 6711901
 81 2721901
 81 6721901
 82 6321111
 81 5611101
 82 3721101
 82 6711101
 82 1711101
 82 2721101
 82 5611201
 82 6521101
 82 2621301
 82 6721301
 82 5611101
 81 5712101
 82 6521301
 82 6421301
 82 6711201
 82 6721301
 82 6622901
 82 6321201
 82 6621301
 82 6323101
 82 6621101
 82 7721001
 82 5713101
 82 7521001
 82 2711201
 82 5711101
 82 6611001
 82 1611101
 82 2721301
 82 5611101
 82 3523101
 82 6712101
 82 6712001
 82 7621001
 82 2711101
 82 1721201
 82 2711301
 82 7621001
 82 2722301
 82 6511101
 82 3721101
 82 2711101
 82 6711301
 82 1621101
 82 6621301
 82 3721101
 82 6521301
 82 6711101
 82 3521301
 82 3521301
 82 2722301
 82 6721101
 82 6612201
 82 2721101
 82 1721101
 82 6712101
 82 1711101
 82 7721001
 82 2721201
 82 6721301
 82 6521101
 82 6721101
 82 6311101
 82 6511301
 82 2611301
 82 6711101
 82 6711101
 82 2712301
 82 2311101
 82 3722101
 82 5711101
 82 5712101
 82 5711101
 82 2621201
 82 6721201
 82 3522101
 82 2621301
 82 2523301
 82 3621101
 82 6621101
 82 5711101
 82 3321201
 82 6611101
 82 6721201
 82 6721201
 82 6321101
 82 7522001
 82 6321101
 82 6621301
 82 6611201
 82 6311101
 82 1311101
 82 6721301
 82 2721301
 82 6722101
 82 7721001
 82 5611101
 82 6721111
 82 3721111
 82 2721301
 82 6421101
 82 6711301
 82 2721201
 81 2721301
 82 6711001
 82 2721301
 82 6711101
 82 6711201
 81 6611301
 82 2711301
 82 2711201
 82 5611201
 82 7421001
 82 2721311
 82 6711101
 82 2622301
 82 5611201
 82 2611101
 82 2611301
 82 1721101
 82 6411201
 82 6711101
 82 6313101
 82 6711101
 82 6321101
 82 3421101
 82 7721001
 82 7721001
 82 2711101
 82 2711101
 82 3421101
 82 2711201
 82 3522101
 82 2722301
 82 5713101
 82 5713101
 82 3721101
 82 6612101
 82 5619101
 82 5711101
 82 6711201
 82 6521101
 81 2621301
 82 3721101
 82 2622201
 82 3621101
 82 3721201
 82 5711101
 82 6621201
 82 6721101
 82 6621211
 82 6721201
 82 6421101
 82 5611101
 82 5612101
 82 1711201
 82 3621101
 82 5612201
 82 5711201
 82 7521001
 82 3722101
 82 3521101
 82 6329101
 82 7721001
 82 6622301
 82 1711201
 82 6519101
 82 6419101
 82 6611101
 82 6311111
 82 6711101
 82 6329101
 82 6321101
 82 6721101
 82 6511101
 82 6611101
 82 6611201
 82 5612101
 81 2612301
 82 7621001
 82 3621101
 82 3521101
 82 6321111
 82 1721101
 82 3422101
 82 5713101
 82 7721001
 82 6711301
 82 3723101
 82 6711901
 82 6621201
 82 3721101
 82 6721311
 82 6611301
 82 6311201
 82 3721101
 82 6711301
 82 3721101
 82 3621101
 82 6721301
 82 3621101
 82 3621101
 82 7721001
 82 6721101
 82 6121101
 82 3621201
 82 6711101
 82 5711101
 82 3721101
 82 7721004
 82 7621001
 82 6712201
 82 2721301
 82 2711301
 82 6721101
 82 6711101
 82 7721001
 82 7722001
 82 6311301
 82 7621001
 82 2721201
 82 2711301
 82 6711301
 82 6521311
 82 6321201
 82 6423101
 82 6721201
 82 6521101
 82 6411101
 82 6311101
 82 7421001
 82 3623101
 82 6721001
 82 6711001
 82 3721101
 82 3721101
 82 3621101
 82 7721001
 82 7321001
 82 1511301
 82 6621101
 82 6612301
 82 2721301
 82 1711101
 82 6721301
 82 6611101
 82 6611301
 82 6721301
 82 6721201
 82 6721201
 82 6711101
 82 6713301
 82 6711001
 82 5711101
 82 2621101
 82 3721101
 82 3721101
 82 1721101
 82 6721301
 82 6721301
 82 1711101
 82 1711201
 82 6712101
 82 6712101
 81 6611201
 81 3721101
 82 5711101
 82 3521101
 82 2621301
 82 2721301
 82 2712301
 82 6321201
 82 7722001
 82 6722101
 82 1711101
 82 6721201
 82 3721101
 82 3621101
 82 6422301
 82 3721201
 82 6721201
 82 3621111
 82 6521101
 82 6711101
 82 6321201
 82 5611201
 82 6429101
 82 6323201
 82 6311301
 82 6711301
 82 6722301
 82 7721001
 82 6522301
 82 3721101
 82 6611101
 82 6311901
 82 6711901
 82 6721301
 82 2711301
 82 2621301
 82 6711101
 82 6621101
 82 5713301
 82 3721101
 82 3321201
 82 1611101
 82 7421001
 82 1711201
 82 7621001
 82 3621101
 82 6513301
 82 6721301
 82 6711101
 82 6521301
 82 6421211
 82 6711101
 82 6421301
 82 2621301
 82 1611201
 82 1711101
 82 5711101
 82 1721101
 82 2711311
 82 6311201
 82 6523301
 82 3723101
 82 6711001
 82 2723201
 82 6621101
 82 6621101
 82 2721201
 82 6721301
 82 7421001
 82 6711201
 82 6311101
 82 6711301
 82 5713101
 82 6223301
 82 6711001
 82 5711101
 82 6721101
 82 6721911
 82 7523004
 82 6721901
 82 3621101
 82 6711901
 82 6711301
 82 6711301
 82 6521101
 82 6613301
 81 2522901
 82 6321101
 82 6721101
 82 6712301
 82 6621901
 82 3622101
 82 5711101
 82 6611301
 82 5611201
 82 6213101
 82 7721001
 82 2622301
 82 6321101
 82 6711101
 82 6529101
 82 6611101
 82 6721901
 82 6722901
 82 5711101
 82 2721101
 82 3521101
 82 3422201
 82 6722101
 82 2721301
 82 3621201
 82 3721101
 82 2711201
 82 2711201
 82 6621101
 82 1311201
 82 1711101
 82 3521111
 82 5611201
 82 6711001
 82 5612101
 82 3621101
 82 3721201
 82 7721001
 82 3721201
 82 3721101
 82 3623101
 82 3721101
 82 3521101
 82 6721201
 82 7721001
 82 3621101
 82 7621001
 82 6411201
 82 6722301
 82 6621301
 82 2721201
 82 2621301
 82 6711101
 82 3521201
 82 7521001
 82 7621001
 82 7621001
 82 3722101
 82 3721101
 82 6721101
 82 1511301
 82 1721201
 82 3621101
 82 6421101
 82 6721301
 82 6611101
 82 6621101
 82 6721101
 82 6721101
 82 6721101
 82 6721001
 82 6711001
 82 2722301
 82 6621101
 82 6311901
 82 7721001
 82 3722201
 82 1711101
 82 3621101
 82 3621201
 82 6721301
 82 1711901
 82 2712301
 82 5611101
 82 6721901
 82 6722301
 82 6711901
 82 2721901
 82 6711901
 82 2721901
 82 6711901
 81 5711101
 82 6711001
 82 6713201
 82 6721101
 82 2711201
 82 2512302
 82 2721301
 82 7621001
 82 7721011
 82 3721101
 82 1521201
 82 1721201
 82 7621001
 82 3621201
 82 4521201
 82 6611101
 82 7721001
 82 6722301
 82 2621101
 82 5711301
 82 5611101
 82 6711101
 82 2721301
 82 6711001
 82 2711301
 82 6721201
 82 6611301
 82 6321201
 82 5611101
 82 6721901
 82 2712301
 82 2722901
 82 3721201
 82 3721201
 82 3621101
 82 3721301
 82 3621101
 82 3621201
 82 3621101
 82 7721001
 82 6711101
 82 6721301
 82 6721301
 82 6721201
 82 6721001
 82 5711101
 82 6722301
 82 1711101
 82 1711101
 82 3621101
 82 3622101
 82 3721301
 82 7721001
 82 7721001
 82 5711101
 82 6511101
 82 5611101
 82 6411101
 82 6611301
 82 2711201
 82 6321101
 82 2711301
 82 5611101
 82 1611201
 82 6721101
 82 1713201
 82 6413901
 82 6421101
 82 5611101
 82 6721101
 82 6721301
 82 6622201
 81 5711101
 82 3721101
 81 2712101
 82 1512201
 82 6421201
 82 6711101
 82 3721101
 82 3721101
 82 3622101
 82 2721201
 82 2721201
 82 3521101
 82 2722101
 82 1711201
 82 1321201
 82 3721101
 82 3721111
 82 3721301
 82 3721101
 82 3721101
 82 3621101
 82 3623101
 82 6621301
 82 5611101
 82 1721211
 82 6611101
 82 5711201
 82 6721001
 82 6521101
 82 6521101
 82 6621101
 82 6721301
 82 6721201
 82 1611201
 82 1722101
 82 5711101
 82 6621101
 82 6319101
 82 6511101
 82 2622301
 82 6711901
 82 6721301
 82 6711101
 82 7621001
 82 3621101
 82 3621101
 82 7622001
 82 3621201
 82 5711101
 82 6721201
 82 6422101
 81 6621101
 82 3721101
 82 1622101
 82 3621101
 82 1713101
 82 3621101
 82 3621101
 82 6611101
 82 6721201
 82 6722201
 82 6422101
 82 6721101
 82 3621201
 82 6611201
 82 2721301
 81 6523201
 82 6721101
 82 6711201
 82 5711201
 82 6611101
 82 5611201
 82 5611101
 82 5611201
 82 6711201
 82 5711101
 82 5511101
 82 6721201
 82 6521101
 82 5712101
 82 1621101
 82 1711201
 82 1711101
 82 5711201
 82 3521101
 82 3323101
 82 5611201
 82 3721101
 82 5711111
 82 3721101
 82 3721101
 82 3421101
 82 6611111
 82 6621101
 82 5711201
 82 6721101
 82 6711101
 82 6722301
 82 6611201
 82 6511101
 82 6511101
 82 5711301
 82 3621101
 82 6321101
 82 6711101
 82 1623201
 82 1623201
 82 6722001
 82 6711201
 82 3621211
 82 2721201
 82 6621101
 82 3621201
 82 4321101
 82 6721201
 82 1512204
 82 6721301
 82 6621101
 82 6712301
 82 6722201
 82 6511201
 82 6721101
 82 5712101
 82 1711201
 82 7522001
 82 6611201
 82 3721101
 82 3721101
 82 6612101
 82 6621101
 82 3721101
 82 3721101
 82 2711301
 82 1711201
 82 2711101
 82 6711201
 82 6421101
 82 6611101
 82 6711001
 82 2711301
 82 6711101
 82 3521201
 82 6411201
 82 6711201
 82 1711101
 82 5712301
 82 5711101
 82 3521101
 82 2711301
 82 6611301
 82 3721201
 82 7521001
 82 6512201
 82 2612301
 82 2711301
 82 6721001
 82 6711001
 82 5713201
 82 6711101
 82 6711101
 82 6721301
 81 6721901
 82 3622101
 82 4622301
 82 6721201
 82 6522101
 82 3429211
 82 3521201
 82 2721311
 82 6611111
 82 6311101
 82 5611111
 82 1611301
 82 6722301
 82 3721101
 82 6721301
 82 6711201
 82 7722001
 82 6721101
 82 6711102
 82 6711301
 82 3421101
 82 1721301
 82 6711201
 82 6721901
 82 3721101
 82 3621101
 82 6712201
 82 3721101
 82 2722101
 82 3321201
 82 7321001
 82 3721101
 82 3721101
 82 3521201
 82 7621001
 82 4521301
 82 6721101
 82 6711101
 82 6321101
 82 6711101
 82 6611201
 82 6611201
 82 6711301
 82 6611301
 82 6722201
 82 6722901
 82 2721101
 82 5611101
 82 6212301
 82 6311201
 82 6712301
 82 7621001
 82 6711301
 82 2721301
 82 1711101
 82 3721201
 82 2722101
 82 6619201
 82 7722001
 82 3721101
 82 1522101
 82 3621101
 82 2721301
 82 6521301
 82 6621101
 82 2721301
 82 2712301
 82 6611301
 82 2721301
 82 5612101
 82 6511101
 82 7721001
 82 3423101
 82 3721201
 82 6711101
 82 7521001
 82 7421001
 82 1321101
 82 6711001
 82 6321101
 82 5711101
 82 6411101
 82 2721301
 82 6721101
 82 6311101
 82 6711101
 82 3622101
 81 6421204
 82 5611101
 81 6521101
 82 6311101
 82 7721001
 82 6721201
 82 6721101
 82 6521101
 82 6721101
 82 6711101
 82 2622301
 82 2711301
 82 7323001
 82 6721101
 82 6721111
 82 3721101
 82 3721101
 82 7621001
 82 7421001
 82 7621001
 82 3621101
 82 3721101
 82 7721001
 82 1621101
 82 6511301
 82 6711101
 82 6711301
 82 6321101
 82 6711201
 82 6521311
 82 6621301
 82 6611101
 82 6711101
 82 6711901
 82 6512301
 82 2711111
 82 6313101
 82 5711101
 82 7521001
 82 3521201
 82 6423201
 82 7521001
 82 1721301
 82 6511311
 82 6611301
 82 1612101
 82 6619101
 82 3521101
 82 5711101
 82 3721101
 82 6621101
 82 1711201
 82 3722201
 82 5711301
 82 6621101
 82 6621201
 82 2721201
 82 2722201
 82 5711201
 82 6621101
 82 3721201
 82 6621101
 82 6411111
 82 3721101
 82 3321101
 82 6711201
 82 5711101
 82 6711101
 82 5711101
 82 5711101
 82 5611101
 82 6721001
 82 6411101
 82 6711101
 82 6711101
 82 2711201
 82 3521101
 82 6621201
 82 6712101
 82 6711101
 82 6621101
 82 6621301
 82 6411201
 82 1721201
 82 5712101
 82 6712301
 82 6622201
 82 3521101
 82 6311101
 82 6721101
 82 3521101
 82 5711101
 82 5511101
 82 5711101
 82 2721301
 82 2511301
 82 2722301
 82 2721101
 82 3721101
 82 3721101
 82 6711001
 82 2711301
 82 6711101
 82 6621101
 82 3721201
 82 6721201
 82 6721101
 82 6621101
 82 2721301
 82 5512101
 82 6611101
 82 6512301
 82 6521101
 82 6721901
 82 6721901
 82 6711901
 82 6711301
 82 2721901
 82 2722901
 82 5711901
 82 5712201
 82 5711101
 82 2711301
 82 2721301
 82 6621301
 82 2622301
 82 7521001
 82 3721101
 82 3722101
 82 1711101
 82 1711201
 82 1321101
 82 1423301
 82 2721301
 82 2712101
 82 7621001
 82 7423001
 82 6711101
 82 7521001
 82 3621101
 82 6313201
 82 1711101
 82 1721101
 82 2711301
 82 6621301
 82 6511301
 82 6721301
 82 2712201
 82 6722301
 82 6612301
 82 2612201
 82 5611201
 82 5611201
 82 5711101
 82 1711101
 82 3521101
 82 6622201
 82 6711901
 82 6721901
 81 6711301
 82 6711201
 82 3523201
 81 3621201
 82 5511101
 82 6721201
 82 2721101
 82 2721101
 82 6621201
 82 6621301
 82 2721101
 82 6711201
 82 6711101
 82 6711101
 82 6711901
 82 5611101
 82 6721101
 82 7721001
 82 7721011
 82 3721111
 82 3621101
 82 6711211
 82 3421201
 82 3621101
 82 1711101
 82 6711101
 82 1711201
 82 3721104
 82 6611201
 82 6711301
 82 5711101
 82 3721201
 82 6711001
 82 6711001
 82 6621201
 82 3723101
 82 6711101
 82 2721201
 82 3722201
 81 6711304
 82 1711101
 82 7721001
 82 6721101
 82 2721101
 82 2712101
 82 6721101
 82 6621101
 82 6621301
 82 6611901
 82 6521201
 82 2711201
 82 6511101
 82 6622301
 82 3321201
 82 3721101
 82 6311101
 82 6711101
 82 6413101
 82 6621301
 82 6613301
 82 6521101
 82 6711101
 82 6719101
 82 6611101
 82 6611301
 82 6611101
 82 6212301
 82 5511101
 82 6721201
 82 6721101
 82 2711301
 82 6711301
 82 3721101
 82 6611101
 82 6721301
 82 6621101
 82 1721301
 82 6711101
 82 5611101
 82 6711301
 82 6422101
 82 3721101
 82 2621301
 82 2721301
 82 5611101
 81 5711101
 82 5611101
 82 3721201
 82 6711901
 82 3621201
 82 3723201
 82 7721001
 82 6711301
 82 3521101
 82 2622301
 82 2721101
 82 5711101
 82 3721101
 82 2311101
 82 3721101
 82 5511201
 82 6611201
 82 1722901
 82 6719101
 82 6321101
 82 6319901
 82 6711101
 82 6329101
 82 6329101
 82 6411101
 82 6421101
 82 6711101
 82 6719101
 82 1722301
 82 2721311
 82 6711101
 82 6721201
 82 5511201
 81 6713201
 82 5713301
 82 6313101
 82 6721101
 82 6721201
 82 5711201
 82 5711101
 82 6721201
 82 1721201
 82 5611101
 82 6511101
 82 3721101
 82 3721101
 82 1712101
 82 6512101
 82 6711101
 82 3721101
 82 6622101
 82 3721101
 82 6611101
 82 6711101
 82 6712301
 82 3721201
 82 6421101
 82 1511101
 82 1511101
 82 6712301
 82 3621101
 82 5711101
 82 6621301
 82 3521101
 82 5711201
 82 6521301
 82 6711301
 82 3621301
 82 6711101
 82 3721101
 82 2721301
 82 6711101
 82 6721301
 82 6711301
 82 6721101
 82 2611101
 82 5711101
 82 5711101
 82 6721201
 82 2721101
 82 6712901
 82 6711301
 82 6721301
 82 6521101
 82 1711201
 82 3421111
 82 3721101
 82 3721101
 82 3721201
 82 6621101
 82 6722101
 82 3721201
 82 6711201
 82 1711101
 82 3522201
 82 2621101
 82 6711201
 82 2722201
 82 1721101
 82 1721101
 82 6721101
 82 6221101
 82 6721301
 82 6421301
 82 3721301
 82 6321101
 82 2711201
 82 5711301
 82 6311201
 82 5711101
 82 3621211
 82 6321101
 82 6711101
 82 6721301
 82 6621201
 82 2721301
 82 6711301
 82 6711101
 82 6523302
 82 2711301
 82 6622901
 82 6711101
 82 6511101
 82 3522201
 82 3522101
 82 6721101
 82 1722301
 82 6711301
 82 7721001
 82 7721001
 82 6711301
 82 5711101
 82 1621301
 82 6711101
 82 6711301
 82 6711201
 82 5611201
 82 6721201
 82 2521101
 82 6721101
 82 2722301
 82 6721301
 82 5711201
 82 5711301
 82 2721101
 82 6711101
 82 5711101
 82 3721101
 82 5611101
 82 2711301
 82 6611101
 82 6711311
 82 3521101
 82 6721101
 82 7722001
 81 6711101
 82 6721201
 82 6511101
 82 3721101
 82 6311301
 82 6511301
 82 6621101
 82 6711101
 82 3722101
 82 6712101
 82 1711101
 82 1711101
 82 5511101
 82 1711201
 82 2711201
 82 1721201
 82 2722301
 82 6711201
 82 2612301
 82 5711201
 82 6711201
 82 6621211
 82 7721001
 82 3721201
 82 3622101
 82 6612301
 82 6621301
 82 6229101
 82 3621101
 82 6613101
 82 6522101
 82 6721201
 82 6323101
 82 6612201
 82 6711301
 82 6721201
 82 7521001
 82 3721101
 82 5711201
 82 6711111
 82 6721201
 82 1713301
 82 2713301
 82 6721101
 82 1711311
 82 6721001
 82 3721101
 82 3721101
 82 5611111
 82 5611211
 82 6421201
 82 3721101
 82 6521101
 82 6621201
 82 6721101
 82 2721301
 82 6721101
 82 1512101
 82 3721101
 82 2712301
 82 6711301
 82 6311201
 82 3521101
 82 6621201
 82 3721101
 82 2521101
 82 6721301
 82 6721301
 82 6421201
 82 6711101
 82 6711001
 82 6711201
 82 7622001
 82 6519101
 81 3421211
 82 6721101
 82 1721101
 82 5712101
 82 5711101
 82 3621101
 82 1611101
 82 5711101
 82 5713301
 82 6721101
 82 7721001
 82 6721301
 82 2721301
 82 3721101
 82 7621001
 82 3721101
 82 6721101
 82 1711201
 82 3721301
 82 6621201
 82 6511101
 82 3721101
 82 3621101
 82 6711101
 82 6321101
 82 6611201
 82 6511901
 82 6521001
 82 3721201
 82 3722201
 82 6721101
 82 3421101
 82 2612301
 82 6322201
 82 6712101
 82 6711001
 82 6721901
 82 6513201
 82 6513201
 82 5711101
 82 5711101
 82 1711201
 81 5711201
 82 3723101
 82 6323101
 82 6611201
 82 2711301
 82 6711301
 82 6322101
 82 6721101
 82 1721301
 82 6321201
 82 6622901
 81 6423201
 82 6721201
 81 6412204
 82 3721101
 82 2721901
 82 6711901
 82 6712301
 82 6721901
 82 2721901
 82 6711301
 82 6711301
 82 6712101
 82 5711101
 81 5611101
 82 6511301
 82 6721101
 82 4521301
 82 5612101
 82 6321101
 82 3321101
 82 5519101
 82 3622104
 82 3723101
 82 3321201
 82 3522301
 82 1712301
 82 2721901
 82 6711201
 82 6711301
 82 5711101
 82 5711101
 82 6712101
 82 2723101
 82 7721001
 82 5611101
 82 6623101
 82 6321211
 82 3421201
 82 6711301
 82 5612101
 82 6711101
 82 2623301
 82 3521101
 82 7521001
 82 6711101
 82 3621101
 82 3721101
 82 2721101
 82 1621101
 82 6721301
 82 6421101
 82 5611201
 82 2511311
 82 5711111
 82 6711301
 82 6711201
 82 5711201
 82 5711101
 82 5512101
 82 6621301
 82 3621101
 82 6711201
 82 6711101
 82 6711101
 82 2611201
 82 6621101
 82 6721101
 82 7721001
 82 6721101
 82 3422101
 82 3422201
 82 1721201
 82 1611201
 82 5711101
 82 2721101
 82 5711101
 82 6712301
 82 5611101
 82 6711001
 82 6611301
 82 3621201
 82 6722301
 82 6321101
 82 6711101
 82 6711101
 82 3321101
 82 1721201
 82 1711101
 82 6421301
 82 6621101
 82 6621101
 82 6712101
 82 2621101
 82 6621101
 82 6711101
 82 3721101
 82 5611201
 82 5711101
 82 6611301
 82 3721101
 82 5611101
 82 2711101
 82 6321201
 82 6721301
 82 3621101
 82 7721001
 82 6712101
 82 3622101
 82 3621101
 82 2721201
 82 1721101
 82 6421201
 82 5711301
 82 2621201
 82 7521001
 82 7621001
 82 3621201
 82 3522101
 82 7621001
 82 3521101
 82 5412101
 82 3621101
 82 6621101
 82 6711001
 82 6611101
 82 6721301
 82 5511101
 82 5711101
 82 6721101
 82 6421101
 82 3621301
 82 7521001
 82 6721301
 82 6621101
 82 6729101
 82 6529101
 82 6721101
 82 6711101
 82 6329101
 82 6629101
 82 6311101
 82 6711101
 82 6629101
 82 6321101
 82 6629101
 82 6511101
 82 6329101
 82 3522104
 82 3522104
 82 3622101
 82 6612101
 82 1613201
 82 2711101
 82 5611101
 82 3721201
 82 6622201
 82 5611101
 82 5711101
 82 6612201
 82 6521101
 82 3621301
 82 1723201
 82 3522301
 82 6711101
 81 5611101
 81 2721304
 81 6321101
 82 6711101
 82 6711101
 82 1311101
 82 6523101
 82 6621101
 82 3623101
 82 6711301
 82 6721101
 82 3721201
 82 3621301
 82 5611201
 82 6721101
 82 5611101
 82 5711101
 82 1721101
 82 3721101
 82 3721101
 82 7521001
 82 5611101
 82 5611101
 82 6321201
 82 2723301
 82 6621311
 82 7721001
 82 6321101
 82 6711101
 82 5711101
 82 6711101
 82 3521101
 82 6721101
 82 1311301
 82 5611101
 82 5711101
 82 6711201
 82 2721201
 81 5712101
 82 5611111
 82 6611301
 82 3421201
 82 6721211
 82 6511301
 82 6711301
 81 5711111
 82 6521101
 82 6521101
 82 6611101
 82 2722301
 82 6521101
 82 3721201
 82 3622101
 82 3721101
 82 3721101
 82 3721101
 82 1721301
 82 5613901
 82 6311101
 82 6621301
 82 6721311
 82 3521101
 82 2711201
 82 2711101
 82 6621101
 82 6421201
 82 6711101
 82 6611201
 82 3721101
 82 3621101
 82 6721301
 82 6621101
 82 6621101
 82 7621001
 82 5611101
 82 1621101
 82 1511301
 82 3321101
 82 6322101
 82 5711111
 82 6722101
 82 2721301
 82 2622301
 82 5611101
 82 6721101
 82 3621101
 82 6611201
 82 5711201
 82 6711301
 82 5711111
 82 7721001
 82 6721001
 82 3721101
 82 6721001
 82 6711001
 82 6711101
 82 4421101
 82 6621201
 82 5711201
 82 6711101
 82 3721101
 82 6611201
 82 6421301
 82 6721101
 82 2611201
 82 2621101
 82 6621101
 82 5711101
 82 3621101
 82 3722301
 82 3621101
 82 3523201
 82 2712101
 82 2721201
 82 1621201
 82 6622001
 82 6621101
 81 6711301
 82 5611101
 82 5711101
 82 3321101
 82 6721301
 82 6513101
 82 6511101
 82 5611101
 82 6711001
 82 3721101
 82 5711201
 82 6622311
 82 6722301
 82 6322301
 82 7621001
 82 5512101
 82 2613301
 82 1721101
 82 3521201
 82 2721301
 82 6721201
 82 3721201
 82 6712301
 82 3721101
 82 3521201
 82 6722201
 82 2721301
 82 1712301
 82 6711301
 82 3721101
 82 5712101
 82 6721901
 82 6621301
 82 3522101
 82 3321301
 82 6622101
 82 7421001
 82 5711101
 82 6711101
 82 3621111
 82 6321101
 82 6721201
 82 6611301
 82 6721301
 82 6321101
 82 6421301
 82 6721301
 82 7621001
 82 7722001
 82 3622101
 82 6711001
 82 3621101
 82 7721001
 82 6711201
 82 2622301
 82 2723101
 82 3721101
 82 3721101
 82 5611101
 82 1511201
 82 6721001
 82 1721101
 82 6729301
 81 5712901
 82 6721901
 82 6712901
 82 2721901
 82 5711201
 82 2712901
 82 2722901
 82 5711901
 82 6721901
 82 2721301
 82 6711901
 82 6721101
 82 1711301
 82 6711201
 82 6621201
 82 2711101
 82 3721101
 82 3721201
 82 6721101
 82 6722201
 82 6311101
 82 6411201
 82 2721301
 82 6711101
 82 6412201
 82 6422101
 82 6721201
 82 6612301
 82 6721111
 82 6511201
 82 2711201
 82 2712201
 82 1711101
 82 2721101
 82 1721101
 82 2721301
 82 6521101
 82 6321101
 82 5711301
 82 5711101
 82 6721304
 82 2621301
 82 5711101
 82 6711901
 82 6529101
 82 6722301
 82 3721101
 82 1611201
 81 6721901
 82 6422101
 82 5611201
 82 3421301
 82 3422101
 82 6711101
 82 3522104
 81 6321101
 81 6711301
 82 6712101
 82 3421201
 82 3521101
 82 6721301
 82 6721301
 82 1711201
 82 6721101
 82 3721101
 82 6721301
 82 1711301
 82 3721101
 82 6511301
 82 6611101
 82 6311301
 82 6611301
 82 2721301
 82 2612301
 82 6711301
 82 6721201
 82 5711201
 82 5711101
 82 6621111
 82 6711001
 82 6311101
 82 1721201
 82 6621201
 82 7621001
 82 3621101
 82 1511301
 82 5711201
 82 2711201
 82 6421201
 82 1711301
 81 2711301
 82 3521101
 82 2721301
 82 6711101
 82 6712101
 82 6711101
 82 6711001
 82 5711201
 82 5712101
 82 6711301
 82 6521301
 82 2721101
 82 5611101
 82 3721101
 82 6711001
 82 6721301
 82 6711201
 82 1613201
 82 3721101
 82 1711201
 82 6421101
 82 3621101
 82 2711301
 82 6313301
 82 2711301
 82 5711301
 82 6623101
 82 6711301
 82 6621101
 82 5711901
 82 6611101
 82 6721301
 82 3521201
 82 6712301
 82 5511201
 82 6723101
 82 1511101
 82 5713101
 82 1711101
 82 5712301
 82 3621101
 82 6711101
 82 2621101
 82 1721301
 82 6711301
 82 6711311
 82 6621101
 82 6721301
 82 5711101
 82 6521101
 82 6711201
 82 2721101
 82 6711101
 82 2721201
 82 6722301
 82 6311301
 82 6611301
 82 7421001
 82 6521101
 82 6411101
 82 6711101
 82 6721101
 82 6621201
 82 6711301
 82 6711101
 82 6323101
 82 6721901
 82 3621111
 82 5711101
 82 5611101
 82 3321201
 82 2521301
 82 5711101
 82 5711101
 82 5611101
 82 5611101
 82 6611301
 82 5711101
 81 5713101
 82 6521101
 82 6711201
 82 2712301
 82 6621101
 82 5511101
 82 7621001
 82 3621201
 82 6313201
 81 3521201
 82 5711101
 82 6611211
 82 6711201
 82 6711201
 82 2612301
 81 6711311
 82 2711301
 82 2711301
 82 6711101
 81 6711301
 82 6711301
 82 2621301
 82 6721101
 82 6613201
 82 6729901
 82 6721901
 82 5719901
 82 5612104
 82 6722301
 82 2722301
 82 5711101
 82 5711101
 82 6721101
 82 6711301
 82 6721301
 82 1621301
 82 6711301
 82 6421201
 82 6711301
 82 6721111
 82 3421101
 82 6621101
 82 3621201
 82 3529101
 82 6711301
 82 5613101
 82 2511201
 82 2712901
 82 5612101
 82 2711201
 82 6512301
 82 5611101
 82 6711101
 82 6321901
 82 6711901
 82 1712901
 82 6711901
 82 6712901
 82 6711901
 82 6721901
 82 2721901
 82 6721901
 82 2721901
 82 3722901
 82 6611901
 82 2321901
 82 6721301
 82 6721301
 82 2721901