 91 7521001
 91 7421001
 91 3621101
 91 1711101
 91 2611201
 91 1721201
 91 6721301
 91 7521001
 91 6511101
 91 6311201
 91 3721101
 91 2711301
 91 6711101
 91 1721101
 91 6521101
 91 3421101
 91 6411201
 91 6711101
 91 1621101
 91 6511001
 91 6511201
 91 6721201
 91 6721301
 91 7721001
 91 7521001
 91 6711201
 91 3521211
 91 6721301
 91 1721101
 91 1611111
 91 1711301
 91 1711101
 91 6711101
 91 6411301
 91 7721001
 91 7721001
 91 1421101
 91 6521301
 91 3721201
 91 6721201
 91 6711901
 91 6711101
 91 6421101
 91 7721001
 91 3721101
 91 6721201
 91 1721301
 91 1711901
 91 6721301
 91 3521201
 91 6521101
 91 6421101
 91 6321101
 91 2711901
 91 5711101
 91 5611101
 91 6711301
 91 6721101
 91 6721301
 91 1721901
 91 6721201
 91 6721101
 91 3621201
 91 3621201
 91 3521201
 91 3421111
 91 5611101
 91 2711301
 91 2711901
 91 6611301
 91 6721901
 91 2711301
 91 6521101
 91 1721201
 91 3321201
 91 5511101
 91 7521001
 91 6721901
 91 6711001
 91 6721901
 91 6721201
 91 1711101
 91 5711101
 91 6621101
 91 6721301
 91 6711101
 91 2311301
 91 6611301
 91 5711301
 91 5611201
 91 5711101
 91 1621101
 91 6621101
 91 6621101
 91 5711101
 91 5611201
 91 6621101
 91 5611101
 91 3721201
 91 2721301
 91 1721101
 91 3721201
 91 1521101
 91 1511201
 91 5611101
 91 6321301
 91 6721101
 91 3521201
 91 5711101
 91 7621001
 91 5611101
 91 6711301
 91 6511201
 91 6721101
 91 1621301
 91 6711301
 91 3721101
 91 6711301
 91 5711101
 91 5711101
 91 6711311
 91 3721101
 91 6611101
 91 6321201
 91 2711201
 91 6421101
 91 6711301
 91 5711101
 91 3721101
 91 6521201
 91 5713101
 91 5611101
 91 6721901
 91 1721101
 91 5711101
 91 6721301
 91 2621301
 91 5711101
 91 5711101
 91 3521101
 91 6621301
 91 3521201
 91 6711301
 91 6721101
 91 1621301
 91 6621101
 91 6521301
 91 6711101
 91 6711301
 91 6721301
 91 2711101
 91 6711301
 91 3521101
 91 5511101
 91 6611901
 91 4721301
 91 3521201
 91 5611101
 91 2711101
 91 6711301
 91 6711201
 91 7721001
 91 3721201
 91 6721101
 91 6521301
 91 5611101
 91 6711901
 91 3421301
 91 1711101
 91 6121101
 91 5711901
 91 6511201
 91 1711101
 91 6711101
 91 3521201
 91 6721101
 91 6611201
 91 6729101
 91 6721101
 91 1711101
 91 6511101
 91 5711101
 91 5711101
 91 2721301
 91 6521101
 91 6521101
 91 6711101
 91 2721301
 91 5411101
 91 5611101
 91 1521301
 91 3621101
 91 7721001
 91 6721101
 91 5611101
 91 6221201
 91 5711301
 91 6721101
 91 1711101
 91 3721901
 91 6611101
 91 5711101
 91 6621101
 91 5511101
 91 1721201
 91 6711301
 91 2711301
 91 6711201
 91 3521101
 91 6621201
 91 5711111
 91 5511211
 91 6711301
 91 6721201
 91 6711301
 91 4421101
 91 6411301
 91 3421101
 91 3521101
 91 6611901
 91 5611111
 91 7521001
 91 5711101
 91 1621201
 91 6611301
 91 5711101
 91 6711301
 91 5511101
 91 2621101
 91 6721201
 91 7321011
 91 3321211
 91 6721301
 91 2521301
 91 6711201
 91 6721301
 91 2621201
 91 3721101
 91 3721101
 91 6621201
 91 6711901
 91 5511101
 91 7521001
 91 1621301
 91 2521101
 91 6721301
 91 1511301
 91 5711101
 91 6721101
 91 6521301
 91 6521101
 91 1711901
 91 6711301
 91 2721301
 91 1721201
 91 6411101
 91 2621101
 91 2721201
 91 2721101
 91 6711301
 91 6721301
 91 5611101
 91 2621301
 91 6621201
 91 1721301
 91 1711201
 91 5711201
 91 1711101
 91 6521101
 91 6511101
 91 6711101
 91 6721901
 91 3721201
 91 5711101
 91 6711301
 91 6711001
 91 6721101
 91 2721301
 91 6621001
 91 6721301
 91 1711101
 91 6521201
 91 5611101
 91 5611101
 91 6711301
 91 3721101
 91 6711301
 91 2711101
 91 5613101
 91 6211101
 91 2521111
 91 6711301
 91 2511201
 91 1721101
 91 7421001
 91 3521101
 91 6711301
 91 6723301
 91 6421101
 91 2721301
 91 2711901
 91 7621001
 91 6521101
 91 6721301
 91 6521201
 91 3521101
 91 3721101
 91 6621101
 91 6721301
 91 6721201
 91 1721201
 91 6721301
 91 3721101
 91 6721201
 91 1521201
 91 6621201
 91 2721101
 91 1621201
 91 5611101
 91 6511101
 91 2611201
 91 6721301
 91 6711301
 91 7521001
 91 1521101
 91 2721201
 91 7621001
 91 7621001
 91 6711301
 91 5611901
 91 6721101
 91 1711101
 91 6711001
 91 3721101
 91 6711301
 91 6721101
 91 1521301
 91 6621301
 91 3621301
 91 6711201
 91 6711101
 91 6611101
 91 1721101
 91 3521101
 91 3621201
 91 1621101
 91 6711001
 91 2511101
 91 6611101
 91 6721201
 91 6721901
 91 6711101
 91 2711201
 91 6521101
 91 3721101
 91 1513201
 91 3521201
 91 5611101
 91 6711101
 91 2721101
 91 1513201
 91 2721301
 91 3721101
 91 6721301
 91 6721101
 91 7721001
 91 6511901
 91 6729101
 91 6611001
 91 1621201
 91 6311201
 91 3621201
 91 3521211
 91 7621001
 91 6711301
 91 6511101
 91 2621901
 91 3721901
 91 6619901
 91 6721101
 91 6711301
 91 6621901
 92 3721201
 92 5711101
 92 1521201
 92 6711101
 92 7521001
 92 3721101
 91 6721101
 91 6511301
 92 3721201
 92 6711101
 92 7621001
 92 5511101
 91 1611901
 92 7721001
 92 1711201
 92 6711201
 92 3721101
 92 6621111
 92 6721101
 92 6711301
 92 6721301
 92 6721101
 92 5711101
 92 3521111
 92 5711101
 92 6721301
 92 6711301
 92 1721301
 92 6511101
 92 6721201
 92 6721901
 92 6611101
 92 6711301
 92 6711201
 92 5611101
 92 3421201
 92 6721201
 92 3721101
 92 6511201
 92 3521101
 92 6611201
 92 5611101
 92 7521011
 92 2711201
 92 3723101
 92 5511101
 92 6621101
 92 6621101
 92 6521101
 91 6721301
 92 2711201
 92 7721001
 92 1311201
 92 5611101
 92 6611101
 92 5611101
 92 3321201
 92 6621301
 92 7621001
 92 7521011
 92 6721101
 92 6721201
 92 1511901
 92 1521101
 92 6321101
 92 6711101
 92 2711301
 91 6721301
 92 6711101
 92 6511201
 91 6721101
 92 2711201
 92 6511101
 92 6711301
 91 6711901
 92 2721301
 92 6721301
 92 6511201
 92 2621301
 92 5511101
 92 7721001
 92 6721101
 92 5711101
 92 6611201
 92 2711201
 92 1711301
 92 6721301
 92 6721901
 92 3721101
 92 5711101
 92 6721301
 92 6611101
 92 6721901
 92 6721311
 92 3621201
 92 5713101
 92 6521201
 92 5611111
 92 2621301
 92 2721101
 92 2721301
 92 7621001
 92 5711901
 92 2711101
 92 6621201
 92 6521101
 92 6629301
 92 6711201
 92 3721101
 92 3621201
 92 3721101
 92 2711301
 92 6311101
 92 1711201
 92 6711201
 91 6611901
 92 4521201
 92 3721101
 92 3521101
 92 3421101
 92 1721201
 92 6711301
 92 3521301
 92 3721101
 92 3521101
 92 2721101
 92 6721201
 92 5611101
 92 5711101
 92 1711101
 91 6721301
 92 2711301
 92 6711001
 92 5511101
 92 2721201
 92 6711901
 92 7621011
 92 5511101
 92 6523201
 92 6521101
 92 6721301
 91 6711301
 92 3621101
 92 1721301
 92 2521301
 92 3621211
 92 6721101
 92 3621301
 92 6621101
 92 2721301
 92 5611101
 92 6711301
 92 5711101
 92 3521101
 92 6121301
 92 6711201
 92 6721301
 92 6721101
 92 6711001
 92 7521001
 92 3721301
 92 6721101
 92 1621101
 92 6621301
 92 3721101
 92 6621101
 92 6621301
 92 6711101
 92 5611101
 92 6521001
 92 6721901
 92 6521101
 92 6723301
 92 6721101
 92 6711301
 92 6321211
 92 2711301
 92 2711301
 92 5711101
 92 3721101
 92 6411311
 92 3421101
 92 6711901
 92 3721201
 92 6711901
 92 2721101
 92 1621201
 92 6721101
 92 6721201
 92 5511201
 92 6721301
 92 6711101
 92 3421211
 92 1711101
 92 6711301
 92 1611201
 92 6611101
 92 5711101
 92 1721301
 92 3721101
 92 6721201
 92 6711101
 92 2621301
 92 6711001
 92 6711201
 92 2721101
 92 6711201
 92 3621101
 92 6511301
 92 6411301
 92 5611101
 92 6711101
 92 6721301
 92 6713101
 92 6521301
 92 1611101
 92 1611301
 92 3721101
 92 6711101
 92 5611101
 92 3721101
 92 6711901
 92 5611201
 92 1511201
 92 2623301
 92 6711001
 92 3523101
 92 6521301
 92 5611201
 92 6711201
 91 6721201
 92 1621201
 92 7521001
 92 6621201
 92 6611301
 92 3621101
 92 5619201
 92 6521301
 92 6723301
 92 6711101
 92 3621101
 92 6521101
 92 5611101
 92 1711301
 92 6621101
 92 2711201
 92 2711101
 92 5611201
 92 6721901
 92 2721901
 92 2711101
 92 5611101
 92 6621101
 92 6621301
 92 3421101
 92 3521101
 92 3721101
 92 1721201
 92 2711101
 92 6711001
 92 3621101
 92 1711301
 92 6711101
 92 5511201
 92 7621001
 92 6311101
 92 6511301
 92 6711301
 92 6411201
 92 6611101
 92 3521101
 92 2721201
 92 1611201
 92 7721001
 92 2621101
 92 6711201
 92 6711001
 91 6521301
 92 1411901
 92 6721101
 92 3521201
 92 6721311
 92 3521101
 92 6511101
 92 1621201
 92 6711301
 92 2721301
 92 5511101
 92 5711201
 92 5711201
 92 6711201
 92 1521101
 92 3621101
 92 6511301
 92 2611101
 92 6711101
 92 5711901
 92 2711901
 92 6511211
 92 6711101
 92 6411101
 92 6611301
 92 5511101
 92 6411201
 92 6621311
 92 2711301
 92 3721101
 92 6711301
 92 2711301
 92 2721301
 92 6711101
 92 6721001
 92 6711201
 92 3721101
 92 5711901
 92 6711101
 92 6621301
 92 1611101
 92 6711101
 92 6621101
 92 6721301
 92 2711301
 92 3721301
 92 7721001
 92 5511101
 92 6711201
 92 6711301
 92 5711101
 92 6611901
 92 6721301
 92 2721101
 92 6721301
 92 3621301
 92 2711301
 92 6723301
 92 6321201
 92 6711301
 92 6711901